date,Confirmed,newConfirmed,Deaths,newDeaths,Est.Recovered,newEst.Recovered,Est.Active,newEst.Active,Recovered,newRecovered,Active,newActive
03-24-2020,1,1,0,0,0,0,1,1,-1,-1,-1,-1
03-25-2020,1,0,0,0,0,0,1,0,-1,-1,-1,-1
03-26-2020,2,1,0,0,0,0,2,1,-1,-1,-1,-1
03-27-2020,2,0,0,0,0,0,2,0,-1,-1,-1,-1
03-28-2020,2,0,0,0,0,0,2,0,-1,-1,-1,-1
03-29-2020,2,0,0,0,0,0,2,0,-1,-1,-1,-1
03-30-2020,2,0,0,0,0,0,2,0,-1,-1,-1,-1
03-31-2020,3,1,0,0,0,0,3,1,-1,-1,-1,-1
04-01-2020,3,0,0,0,0,0,3,0,-1,-1,-1,-1
04-02-2020,3,0,0,0,0,0,3,0,-1,-1,-1,-1
04-03-2020,3,0,0,0,0,0,3,0,-1,-1,-1,-1
04-04-2020,3,0,0,0,0,0,3,0,-1,-1,-1,-1
04-05-2020,4,1,0,0,0,0,4,1,-1,-1,-1,-1
04-06-2020,5,1,0,0,0,0,5,1,-1,-1,-1,-1
04-07-2020,7,2,1,1,0,0,6,1,-1,-1,-1,-1
04-08-2020,7,0,1,0,0,0,6,0,-1,-1,-1,-1
04-09-2020,8,1,1,0,0,0,7,1,-1,-1,-1,-1
04-10-2020,9,1,1,0,0,0,8,1,-1,-1,-1,-1
04-11-2020,10,1,1,0,0,0,9,1,-1,-1,-1,-1
04-12-2020,10,0,2,1,0,0,8,-1,-1,-1,-1,-1
04-13-2020,13,3,2,0,0,0,11,3,-1,-1,-1,-1
04-14-2020,14,1,2,0,0,0,12,1,-1,-1,-1,-1
04-15-2020,18,4,2,0,0,0,16,4,-1,-1,-1,-1
04-16-2020,18,0,2,0,0,0,16,0,-1,-1,-1,-1
04-17-2020,18,0,2,0,0,0,16,0,-1,-1,-1,-1
04-18-2020,18,0,2,0,0,0,16,0,-1,-1,-1,-1
04-19-2020,18,0,2,0,1,1,15,-1,-1,-1,-1,-1
04-20-2020,18,0,2,0,2,1,14,-1,-1,-1,-1,-1
04-21-2020,18,0,2,0,3,1,13,-1,-1,-1,-1,-1
04-22-2020,18,0,2,0,3,0,13,0,-1,-1,-1,-1
04-23-2020,18,0,2,0,4,1,12,-1,-1,-1,-1,-1
04-24-2020,18,0,2,0,5,1,11,-1,-1,-1,-1,-1
04-25-2020,18,0,2,0,6,1,10,-1,-1,-1,-1,-1
04-26-2020,18,0,2,0,6,0,10,0,-1,-1,-1,-1
04-27-2020,18,0,2,0,8,2,8,-2,-1,-1,-1,-1
04-28-2020,18,0,2,0,9,1,7,-1,-1,-1,-1,-1
04-29-2020,18,0,2,0,13,4,3,-4,-1,-1,-1,-1
04-30-2020,18,0,2,0,13,0,3,0,-1,-1,-1,-1
05-01-2020,18,0,2,0,13,0,3,0,-1,-1,-1,-1
05-02-2020,18,0,2,0,13,0,3,0,-1,-1,-1,-1
05-03-2020,18,0,2,0,13,0,3,0,-1,-1,-1,-1
05-04-2020,18,0,2,0,13,0,3,0,-1,-1,-1,-1
05-05-2020,18,0,2,0,13,0,3,0,-1,-1,-1,-1
05-06-2020,18,0,2,0,13,0,3,0,-1,-1,-1,-1
05-07-2020,18,0,2,0,13,0,3,0,-1,-1,-1,-1
05-08-2020,18,0,2,0,13,0,3,0,-1,-1,-1,-1
05-09-2020,18,0,2,0,14,1,2,-1,-1,-1,-1,-1
05-10-2020,18,0,2,0,14,0,2,0,-1,-1,-1,-1
05-11-2020,18,0,2,0,14,0,2,0,-1,-1,-1,-1
05-12-2020,18,0,2,0,14,0,2,0,-1,-1,-1,-1
05-13-2020,18,0,2,0,15,1,1,-1,-1,-1,-1,-1
05-14-2020,18,0,2,0,15,0,1,0,-1,-1,-1,-1
05-15-2020,18,0,2,0,15,0,1,0,-1,-1,-1,-1
05-16-2020,18,0,2,0,15,0,1,0,-1,-1,-1,-1
05-17-2020,18,0,2,0,15,0,1,0,-1,-1,-1,-1
05-18-2020,18,0,2,0,15,0,1,0,-1,-1,-1,-1
05-19-2020,18,0,2,0,15,0,1,0,-1,-1,-1,-1
05-20-2020,18,0,2,0,15,0,1,0,-1,-1,-1,-1
05-21-2020,18,0,2,0,15,0,1,0,-1,-1,-1,-1
05-22-2020,18,0,2,0,15,0,1,0,-1,-1,-1,-1
05-23-2020,18,0,2,0,15,0,1,0,-1,-1,-1,-1
05-24-2020,18,0,2,0,15,0,1,0,-1,-1,-1,-1
05-25-2020,18,0,2,0,15,0,1,0,-1,-1,-1,-1
05-26-2020,18,0,2,0,15,0,1,0,-1,-1,-1,-1
05-27-2020,18,0,2,0,16,1,0,-1,-1,-1,-1,-1
05-28-2020,18,0,2,0,16,0,0,0,-1,-1,-1,-1
05-29-2020,18,0,2,0,16,0,0,0,-1,-1,-1,-1
05-30-2020,18,0,2,0,16,0,0,0,-1,-1,-1,-1
05-31-2020,18,0,2,0,16,0,0,0,-1,-1,-1,-1
06-01-2020,18,0,2,0,16,0,0,0,-1,-1,-1,-1
06-02-2020,18,0,2,0,16,0,0,0,-1,-1,-1,-1
06-03-2020,18,0,2,0,16,0,0,0,-1,-1,-1,-1
06-04-2020,18,0,2,0,16,0,0,0,-1,-1,-1,-1
06-05-2020,18,0,2,0,16,0,0,0,-1,-1,-1,-1
06-06-2020,18,0,2,0,16,0,0,0,-1,-1,-1,-1
06-07-2020,19,1,2,0,16,0,1,1,-1,-1,-1,-1
06-08-2020,19,0,2,0,16,0,1,0,-1,-1,-1,-1
06-09-2020,19,0,2,0,16,0,1,0,-1,-1,-1,-1
06-10-2020,20,1,2,0,16,0,2,1,16,-1,2,-1
06-11-2020,20,0,2,0,16,0,2,0,16,0,2,0
06-12-2020,20,0,2,0,16,0,2,0,16,0,2,0
06-13-2020,20,0,2,0,16,0,2,0,16,0,2,0
06-14-2020,20,0,2,0,16,0,2,0,16,0,2,0
06-15-2020,21,1,2,0,16,0,3,1,16,0,3,1
06-16-2020,21,0,2,0,16,0,3,0,16,0,3,0
06-17-2020,22,1,2,0,17,1,3,0,17,1,3,0
06-18-2020,22,0,2,0,17,0,3,0,17,0,3,0
06-19-2020,22,0,2,0,17,0,3,0,17,0,3,0
06-20-2020,22,0,2,0,17,0,3,0,17,0,3,0
06-21-2020,22,0,2,0,17,0,3,0,17,0,3,0
06-22-2020,22,0,2,0,17,0,3,0,17,0,3,0
06-23-2020,23,1,2,0,17,0,4,1,17,0,4,1
06-24-2020,23,0,2,0,17,0,4,0,17,0,4,0
06-25-2020,23,0,2,0,17,0,4,0,17,0,4,0
06-26-2020,23,0,2,0,17,0,4,0,17,0,4,0
06-27-2020,23,0,2,0,17,0,4,0,17,0,4,0
06-28-2020,24,1,2,0,17,0,5,1,17,0,5,1
06-29-2020,24,0,2,0,18,1,4,-1,17,0,5,0
06-30-2020,24,0,2,0,18,0,4,0,17,0,5,0
07-01-2020,28,4,2,0,19,1,7,3,18,1,8,3
07-02-2020,28,0,2,0,19,0,7,0,18,0,8,0
07-03-2020,30,2,2,0,19,0,9,2,19,1,9,1
07-04-2020,30,0,2,0,19,0,9,0,19,0,9,0
07-05-2020,30,0,2,0,19,0,9,0,19,0,9,0
07-06-2020,30,0,2,0,19,0,9,0,19,0,9,0
07-07-2020,30,0,2,0,20,1,8,-1,19,0,9,0
07-08-2020,30,0,2,0,20,0,8,0,19,0,9,0
07-09-2020,30,0,2,0,20,0,8,0,19,0,9,0
07-10-2020,33,3,2,0,20,0,11,3,20,1,11,2
07-11-2020,37,4,2,0,20,0,15,4,20,0,15,4
07-12-2020,37,0,2,0,21,1,14,-1,20,0,15,0
07-13-2020,37,0,2,0,21,0,14,0,20,0,15,0
07-14-2020,37,0,2,0,21,0,14,0,20,0,15,0
07-15-2020,37,0,2,0,24,3,11,-3,20,0,15,0
07-16-2020,39,2,2,0,24,0,13,2,21,1,16,1
07-17-2020,40,1,2,0,26,2,12,-1,22,1,16,0
07-18-2020,40,0,2,0,26,0,12,0,22,0,16,0
07-19-2020,40,0,2,0,26,0,12,0,22,0,16,0
07-20-2020,40,0,2,0,26,0,12,0,22,0,16,0
07-21-2020,42,2,2,0,26,0,14,2,22,0,18,2
07-22-2020,43,1,2,0,26,0,15,1,23,1,18,0
07-23-2020,43,0,2,0,26,0,15,0,23,0,18,0
07-24-2020,47,4,2,0,28,2,17,2,25,2,20,2
07-25-2020,47,0,2,0,32,4,13,-4,25,0,20,0
07-26-2020,48,1,2,0,32,0,14,1,26,1,20,0
07-27-2020,48,0,2,0,32,0,14,0,26,0,20,0
07-28-2020,48,0,2,0,32,0,14,0,26,0,20,0
07-29-2020,48,0,2,0,32,0,14,0,26,0,20,0
07-30-2020,48,0,2,0,34,2,12,-2,26,0,20,0
07-31-2020,48,0,2,0,35,1,11,-1,26,0,20,0
08-01-2020,56,8,2,0,35,0,19,8,30,4,24,4
08-02-2020,57,1,2,0,35,0,20,1,30,0,25,1
08-03-2020,57,0,2,0,35,0,20,0,30,0,25,0
08-04-2020,57,0,2,0,37,2,18,-2,30,0,25,0
08-05-2020,72,15,2,0,38,1,32,14,31,1,39,14
08-06-2020,86,14,2,0,38,0,46,14,31,0,53,14
08-07-2020,114,28,2,0,41,3,71,25,32,1,80,27
08-08-2020,146,32,2,0,42,1,102,31,32,0,112,32
08-09-2020,146,0,2,0,43,1,101,-1,32,0,112,0
08-10-2020,154,8,2,0,43,0,109,8,32,0,120,8
08-11-2020,177,23,2,0,43,0,132,23,32,0,143,23
08-12-2020,177,0,2,0,43,0,132,0,32,0,143,0
08-13-2020,296,119,2,0,43,0,251,119,32,0,262,119
08-14-2020,356,60,2,0,43,0,311,60,32,0,322,60
08-15-2020,388,32,2,0,50,7,336,25,35,3,351,29
08-16-2020,452,64,3,1,50,0,399,63,35,0,414,63
08-17-2020,452,0,3,0,50,0,399,0,35,0,414,0
08-18-2020,475,23,4,1,49,-1,422,23,38,3,433,19
08-19-2020,553,78,4,0,61,12,488,66,38,0,511,78
08-20-2020,605,52,5,1,72,11,528,40,38,0,562,51
08-21-2020,648,43,5,0,95,23,548,20,43,5,600,38
08-22-2020,648,0,5,0,121,26,522,-26,43,0,600,0
08-23-2020,668,20,6,1,120,-1,542,20,44,1,618,18
08-24-2020,713,45,10,4,123,3,580,38,45,1,658,40
08-25-2020,713,0,10,0,141,18,562,-18,45,0,658,0
