date,Confirmed,newConfirmed,Deaths,newDeaths,Est.Recovered,newEst.Recovered,Est.Active,newEst.Active,Recovered,newRecovered,Active,newActive
03-18-2020,2,2,0,0,0,0,2,2,-1,-1,-1,-1
03-19-2020,2,0,0,0,0,0,2,0,-1,-1,-1,-1
03-20-2020,5,3,0,0,0,0,5,3,-1,-1,-1,-1
03-21-2020,5,0,0,0,0,0,5,0,-1,-1,-1,-1
03-22-2020,5,0,0,0,0,0,5,0,-1,-1,-1,-1
03-23-2020,5,0,0,0,0,0,5,0,-1,-1,-1,-1
03-24-2020,18,13,0,0,0,0,18,13,-1,-1,-1,-1
03-25-2020,18,0,0,0,0,0,18,0,-1,-1,-1,-1
03-26-2020,18,0,0,0,0,0,18,0,-1,-1,-1,-1
03-27-2020,18,0,0,0,0,0,18,0,-1,-1,-1,-1
03-28-2020,24,6,0,0,0,0,24,6,-1,-1,-1,-1
03-29-2020,24,0,0,0,0,0,24,0,-1,-1,-1,-1
03-30-2020,26,2,0,0,0,0,26,2,-1,-1,-1,-1
03-31-2020,33,7,0,0,0,0,33,7,-1,-1,-1,-1
04-01-2020,33,0,0,0,1,1,32,-1,-1,-1,-1,-1
04-02-2020,33,0,0,0,1,0,32,0,-1,-1,-1,-1
04-03-2020,45,12,0,0,4,3,41,9,-1,-1,-1,-1
04-04-2020,45,0,0,0,4,0,41,0,-1,-1,-1,-1
04-05-2020,51,6,0,0,4,0,47,6,-1,-1,-1,-1
04-06-2020,51,0,0,0,4,0,47,0,-1,-1,-1,-1
04-07-2020,56,5,1,1,13,9,42,-5,-1,-1,-1,-1
04-08-2020,60,4,2,1,12,-1,46,4,-1,-1,-1,-1
04-09-2020,63,3,3,1,11,-1,49,3,-1,-1,-1,-1
04-10-2020,63,0,3,0,11,0,49,0,-1,-1,-1,-1
04-11-2020,66,3,4,1,15,4,47,-2,-1,-1,-1,-1
04-12-2020,67,1,4,0,15,0,48,1,-1,-1,-1,-1
04-13-2020,68,1,4,0,17,2,47,-1,-1,-1,-1,-1
04-14-2020,71,3,4,0,22,5,45,-2,-1,-1,-1,-1
04-15-2020,72,1,4,0,23,1,45,0,-1,-1,-1,-1
04-16-2020,73,1,5,1,22,-1,46,1,-1,-1,-1,-1
04-17-2020,75,2,5,0,32,10,38,-8,-1,-1,-1,-1
04-18-2020,75,0,5,0,32,0,38,0,-1,-1,-1,-1
04-19-2020,75,0,5,0,37,5,33,-5,-1,-1,-1,-1
04-20-2020,75,0,5,0,37,0,33,0,-1,-1,-1,-1
04-21-2020,75,0,5,0,42,5,28,-5,-1,-1,-1,-1
04-22-2020,75,0,5,0,46,4,24,-4,-1,-1,-1,-1
04-23-2020,75,0,5,0,48,2,22,-2,-1,-1,-1,-1
04-24-2020,76,1,6,1,47,-1,23,1,-1,-1,-1,-1
04-25-2020,76,0,6,0,50,3,20,-3,-1,-1,-1,-1
04-26-2020,77,1,6,0,51,1,20,0,-1,-1,-1,-1
04-27-2020,79,2,6,0,52,1,21,1,-1,-1,-1,-1
04-28-2020,79,0,6,0,56,4,17,-4,-1,-1,-1,-1
04-29-2020,80,1,6,0,57,1,17,0,-1,-1,-1,-1
04-30-2020,80,0,6,0,57,0,17,0,-1,-1,-1,-1
05-01-2020,80,0,7,1,60,3,13,-4,-1,-1,-1,-1
05-02-2020,81,1,7,0,60,0,14,1,-1,-1,-1,-1
05-03-2020,81,0,7,0,61,1,13,-1,-1,-1,-1,-1
05-04-2020,81,0,7,0,61,0,13,0,-1,-1,-1,-1
05-05-2020,82,1,7,0,62,1,13,0,-1,-1,-1,-1
05-06-2020,82,0,7,0,63,1,12,-1,-1,-1,-1,-1
05-07-2020,82,0,7,0,63,0,12,0,-1,-1,-1,-1
05-08-2020,82,0,7,0,64,1,11,-1,-1,-1,-1,-1
05-09-2020,82,0,7,0,65,1,10,-1,-1,-1,-1,-1
05-10-2020,82,0,7,0,65,0,10,0,-1,-1,-1,-1
05-11-2020,84,2,7,0,67,2,10,0,-1,-1,-1,-1
05-12-2020,84,0,7,0,68,1,9,-1,-1,-1,-1,-1
05-13-2020,84,0,7,0,69,1,8,-1,-1,-1,-1,-1
05-14-2020,85,1,7,0,69,0,9,1,-1,-1,-1,-1
05-15-2020,85,0,7,0,70,1,8,-1,-1,-1,-1,-1
05-16-2020,85,0,7,0,71,1,7,-1,-1,-1,-1,-1
05-17-2020,85,0,7,0,71,0,7,0,-1,-1,-1,-1
05-18-2020,86,1,7,0,71,0,8,1,-1,-1,-1,-1
05-19-2020,88,2,7,0,72,1,9,1,-1,-1,-1,-1
05-20-2020,88,0,7,0,72,0,9,0,-1,-1,-1,-1
05-21-2020,90,2,7,0,73,1,10,1,-1,-1,-1,-1
05-22-2020,90,0,7,0,73,0,10,0,-1,-1,-1,-1
05-23-2020,90,0,7,0,73,0,10,0,-1,-1,-1,-1
05-24-2020,90,0,7,0,73,0,10,0,-1,-1,-1,-1
05-25-2020,92,2,7,0,75,2,10,0,-1,-1,-1,-1
05-26-2020,92,0,7,0,75,0,10,0,-1,-1,-1,-1
05-27-2020,92,0,7,0,75,0,10,0,-1,-1,-1,-1
05-28-2020,92,0,7,0,76,1,9,-1,-1,-1,-1,-1
05-29-2020,92,0,7,0,76,0,9,0,-1,-1,-1,-1
05-30-2020,92,0,7,0,76,0,9,0,-1,-1,-1,-1
05-31-2020,92,0,7,0,76,0,9,0,-1,-1,-1,-1
06-01-2020,92,0,7,0,77,1,8,-1,-1,-1,-1,-1
06-02-2020,92,0,7,0,79,2,6,-2,-1,-1,-1,-1
06-03-2020,92,0,7,0,79,0,6,0,-1,-1,-1,-1
06-04-2020,92,0,7,0,81,2,4,-2,-1,-1,-1,-1
06-05-2020,92,0,7,0,81,0,4,0,-1,-1,-1,-1
06-06-2020,92,0,7,0,81,0,4,0,-1,-1,-1,-1
06-07-2020,92,0,7,0,81,0,4,0,-1,-1,-1,-1
06-08-2020,92,0,7,0,83,2,2,-2,-1,-1,-1,-1
06-09-2020,92,0,7,0,83,0,2,0,-1,-1,-1,-1
06-10-2020,96,4,7,0,83,0,6,4,81,-1,8,-1
06-11-2020,96,0,7,0,83,0,6,0,83,2,6,-2
06-12-2020,96,0,7,0,83,0,6,0,83,0,6,0
06-13-2020,96,0,7,0,83,0,6,0,83,0,6,0
06-14-2020,96,0,7,0,83,0,6,0,83,0,6,0
06-15-2020,97,1,7,0,83,0,7,1,83,0,7,1
06-16-2020,97,0,7,0,83,0,7,0,83,0,7,0
06-17-2020,97,0,7,0,85,2,5,-2,85,2,5,-2
06-18-2020,97,0,7,0,85,0,5,0,85,0,5,0
06-19-2020,97,0,7,0,85,0,5,0,85,0,5,0
06-20-2020,97,0,7,0,85,0,5,0,85,0,5,0
06-21-2020,97,0,7,0,85,0,5,0,85,0,5,0
06-22-2020,97,0,7,0,85,0,5,0,85,0,5,0
06-23-2020,97,0,7,0,85,0,5,0,85,0,5,0
06-24-2020,97,0,7,0,87,2,3,-2,85,0,5,0
06-25-2020,97,0,7,0,87,0,3,0,85,0,5,0
06-26-2020,97,0,7,0,87,0,3,0,85,0,5,0
06-27-2020,97,0,7,0,87,0,3,0,85,0,5,0
06-28-2020,97,0,7,0,87,0,3,0,85,0,5,0
06-29-2020,97,0,7,0,88,1,2,-1,85,0,5,0
06-30-2020,97,0,7,0,88,0,2,0,85,0,5,0
07-01-2020,97,0,7,0,88,0,2,0,85,0,5,0
07-02-2020,97,0,7,0,90,2,0,-2,90,5,0,-5
07-03-2020,97,0,7,0,90,0,0,0,90,0,0,0
07-04-2020,97,0,7,0,90,0,0,0,90,0,0,0
07-05-2020,98,1,7,0,90,0,1,1,90,0,1,1
07-06-2020,98,0,7,0,90,0,1,0,90,0,1,0
07-07-2020,98,0,7,0,90,0,1,0,90,0,1,0
07-08-2020,98,0,7,0,90,0,1,0,90,0,1,0
07-09-2020,98,0,7,0,90,0,1,0,90,0,1,0
07-10-2020,98,0,7,0,90,0,1,0,90,0,1,0
07-11-2020,98,0,7,0,90,0,1,0,90,0,1,0
07-12-2020,98,0,7,0,90,0,1,0,90,0,1,0
07-13-2020,103,5,7,0,90,0,6,5,90,0,6,5
07-14-2020,103,0,7,0,90,0,6,0,90,0,6,0
07-15-2020,103,0,7,0,90,0,6,0,90,0,6,0
07-16-2020,104,1,7,0,90,0,7,1,90,0,7,1
07-17-2020,104,0,7,0,90,0,7,0,90,0,7,0
07-18-2020,104,0,7,0,90,0,7,0,90,0,7,0
07-19-2020,104,0,7,0,90,0,7,0,90,0,7,0
07-20-2020,105,1,7,0,90,0,8,1,90,0,8,1
07-21-2020,105,0,7,0,90,0,8,0,90,0,8,0
07-22-2020,106,1,7,0,94,4,5,-3,94,4,5,-3
07-23-2020,106,0,7,0,94,0,5,0,94,0,5,0
07-24-2020,106,0,7,0,94,0,5,0,94,0,5,0
07-25-2020,106,0,7,0,94,0,5,0,94,0,5,0
07-26-2020,108,2,7,0,94,0,7,2,94,0,7,2
07-27-2020,108,0,7,0,94,0,7,0,94,0,7,0
07-28-2020,110,2,7,0,94,0,9,2,94,0,9,2
07-29-2020,110,0,7,0,94,0,9,0,94,0,9,0
07-30-2020,110,0,7,0,95,1,8,-1,94,0,9,0
07-31-2020,110,0,7,0,95,0,8,0,94,0,9,0
08-01-2020,122,12,7,0,98,3,17,9,98,4,17,8
08-02-2020,132,10,7,0,98,0,27,10,98,0,27,10
08-03-2020,132,0,7,0,98,0,27,0,98,0,27,0
08-04-2020,132,0,7,0,98,0,27,0,98,0,27,0
08-05-2020,133,1,7,0,100,2,26,-1,100,2,26,-1
08-06-2020,133,0,7,0,100,0,26,0,100,0,26,0
08-07-2020,138,5,7,0,100,0,31,5,100,0,31,5
08-08-2020,138,0,7,0,108,8,23,-8,108,8,23,-8
08-09-2020,138,0,7,0,108,0,23,0,108,0,23,0
08-10-2020,143,5,7,0,112,4,24,1,112,4,24,1
08-11-2020,143,0,7,0,112,0,24,0,112,0,24,0
08-12-2020,143,0,7,0,112,0,24,0,112,0,24,0
08-13-2020,144,1,7,0,115,3,22,-2,115,3,22,-2
08-14-2020,144,0,7,0,115,0,22,0,115,0,22,0
08-15-2020,150,6,7,0,121,6,22,0,121,6,22,0
08-16-2020,151,1,7,0,122,1,22,0,122,1,22,0
08-17-2020,151,0,7,0,122,0,22,0,122,0,22,0
08-18-2020,152,1,7,0,122,0,23,1,122,0,23,1
08-19-2020,152,0,7,0,122,0,23,0,122,0,23,0
08-20-2020,155,3,7,0,123,1,25,2,123,1,25,2
08-21-2020,155,0,7,0,124,1,24,-1,123,0,25,0
08-22-2020,157,2,7,0,124,0,26,2,123,0,27,2
08-23-2020,158,1,7,0,126,2,25,-1,126,3,25,-2
08-24-2020,161,3,7,0,129,3,25,0,126,0,28,3
08-25-2020,161,0,7,0,132,3,22,-3,132,6,22,-6
