date,Confirmed,newConfirmed,Deaths,newDeaths,Est.Recovered,newEst.Recovered,Est.Active,newEst.Active,Recovered,newRecovered,Active,newActive
01-22-2020,1,1,0,0,0,0,1,1,0,0,1,1
01-23-2020,5,4,0,0,0,0,5,4,0,0,5,4
01-24-2020,10,5,0,0,0,0,10,5,0,0,10,5
01-25-2020,18,8,0,0,0,0,18,8,0,0,18,8
01-26-2020,35,17,0,0,0,0,35,17,0,0,35,17
01-27-2020,59,24,0,0,0,0,59,24,0,0,59,24
01-28-2020,82,23,0,0,0,0,82,23,0,0,82,23
01-29-2020,101,19,0,0,0,0,101,19,0,0,101,19
01-30-2020,101,0,0,0,0,0,101,0,0,0,101,0
01-31-2020,120,19,0,0,0,0,120,19,0,0,120,19
02-01-2020,159,39,0,0,0,0,159,39,0,0,159,39
02-02-2020,159,0,0,0,0,0,159,0,0,0,159,0
02-03-2020,179,20,0,0,1,1,178,19,1,1,178,19
02-04-2020,194,15,0,0,3,2,191,13,3,2,191,13
02-05-2020,205,11,0,0,11,8,194,3,11,8,194,3
02-06-2020,215,10,0,0,14,3,201,7,14,3,201,7
02-07-2020,224,9,0,0,20,6,204,3,20,6,204,3
02-08-2020,250,26,0,0,26,6,224,20,26,6,224,20
02-09-2020,261,11,0,0,35,9,226,2,35,9,226,2
02-10-2020,261,0,0,0,47,12,214,-12,39,4,222,-4
02-11-2020,272,11,0,0,66,19,206,-8,46,7,226,4
02-12-2020,279,7,0,0,81,15,198,-8,54,8,225,-1
02-13-2020,281,2,0,0,81,0,200,2,59,5,222,-3
02-14-2020,285,4,0,0,97,16,188,-12,66,7,219,-3
02-15-2020,287,2,0,0,128,31,159,-29,77,11,210,-9
02-16-2020,290,3,0,0,128,0,162,3,84,7,206,-4
02-17-2020,292,2,0,0,144,16,148,-14,91,7,201,-5
02-18-2020,293,1,0,0,157,13,136,-12,96,5,197,-4
02-19-2020,293,0,1,1,165,8,127,-9,112,16,180,-17
02-20-2020,293,0,1,0,173,8,119,-8,134,22,158,-22
02-21-2020,293,0,1,0,181,8,111,-8,150,16,142,-16
02-22-2020,293,0,1,0,204,23,88,-23,165,15,127,-15
02-23-2020,293,0,1,0,215,11,77,-11,174,9,118,-9
02-24-2020,294,1,1,0,218,3,75,-2,188,14,105,-13
02-25-2020,294,0,1,0,230,12,63,-12,205,17,88,-17
02-26-2020,296,2,1,0,239,9,56,-7,225,20,70,-18
02-27-2020,296,0,1,0,240,1,55,-1,232,7,63,-7
02-28-2020,296,0,1,0,246,6,49,-6,241,9,54,-9
02-29-2020,296,0,1,0,253,7,42,-7,243,2,52,-2
03-01-2020,296,0,1,0,256,3,39,-3,247,4,48,-4
03-02-2020,296,0,1,0,260,4,35,-4,255,8,40,-8
03-03-2020,296,0,1,0,263,3,32,-3,261,6,34,-6
03-04-2020,296,0,1,0,270,7,25,-7,270,9,25,-9
03-05-2020,296,0,1,0,278,8,17,-8,278,8,17,-8
03-06-2020,296,0,1,0,284,6,11,-6,284,6,11,-6
03-07-2020,296,0,1,0,284,0,11,0,284,0,11,0
03-08-2020,296,0,1,0,295,11,0,-11,295,11,0,-11
03-09-2020,296,0,1,0,295,0,0,0,295,0,0,0
03-10-2020,296,0,1,0,295,0,0,0,295,0,0,0
03-11-2020,296,0,1,0,295,0,0,0,295,0,0,0
03-12-2020,296,0,1,0,295,0,0,0,295,0,0,0
03-13-2020,296,0,1,0,295,0,0,0,295,0,0,0
03-14-2020,296,0,1,0,295,0,0,0,295,0,0,0
03-15-2020,296,0,1,0,295,0,0,0,295,0,0,0
03-16-2020,296,0,1,0,295,0,0,0,295,0,0,0
03-17-2020,296,0,1,0,295,0,0,0,295,0,0,0
03-18-2020,296,0,1,0,295,0,0,0,295,0,0,0
03-19-2020,299,3,1,0,295,0,3,3,295,0,3,3
03-20-2020,303,4,1,0,295,0,7,4,295,0,7,4
03-21-2020,307,4,1,0,295,0,11,4,295,0,11,4
03-22-2020,313,6,1,0,295,0,17,6,295,0,17,6
03-23-2020,318,5,1,0,295,0,22,5,295,0,22,5
03-24-2020,318,0,1,0,295,0,22,0,295,0,22,0
03-25-2020,322,4,1,0,295,0,26,4,295,0,26,4
03-26-2020,328,6,1,0,295,0,32,6,295,0,32,6
03-27-2020,331,3,1,0,295,0,35,3,295,0,35,3
03-28-2020,337,6,1,0,295,0,41,6,295,0,41,6
03-29-2020,338,1,1,0,295,0,42,1,295,0,42,1
03-30-2020,340,2,1,0,295,0,44,2,295,0,44,2
03-31-2020,343,3,1,0,295,0,47,3,295,0,47,3
04-01-2020,345,2,1,0,297,2,47,0,297,2,47,0
04-02-2020,345,0,1,0,297,0,47,0,297,0,47,0
04-03-2020,349,4,1,0,300,3,48,1,300,3,48,1
04-04-2020,350,1,1,0,303,3,46,-2,301,1,48,0
04-05-2020,350,0,1,0,308,5,41,-5,301,0,48,0
04-06-2020,350,0,1,0,312,4,37,-4,301,0,48,0
04-07-2020,351,1,1,0,312,0,38,1,305,4,45,-3
04-08-2020,351,0,1,0,316,4,34,-4,305,0,45,0
04-09-2020,351,0,1,0,320,4,30,-4,305,0,45,0
04-10-2020,351,0,1,0,323,3,27,-3,305,0,45,0
04-11-2020,351,0,1,0,328,5,22,-5,305,0,45,0
04-12-2020,352,1,1,0,329,1,22,0,321,16,30,-15
04-13-2020,353,1,1,0,330,1,22,0,325,4,27,-3
04-14-2020,353,0,1,0,333,3,19,-3,325,0,27,0
04-15-2020,353,0,1,0,334,1,18,-1,325,0,27,0
04-16-2020,354,1,1,0,335,1,18,0,334,9,19,-8
04-17-2020,354,0,1,0,338,3,15,-3,334,0,19,0
04-18-2020,355,1,1,0,340,2,14,-1,336,2,18,-1
04-19-2020,355,0,1,0,341,1,13,-1,336,0,18,0
04-20-2020,355,0,1,0,341,0,13,0,336,0,18,0
04-21-2020,355,0,1,0,342,1,12,-1,336,0,18,0
04-22-2020,355,0,1,0,343,1,11,-1,336,0,18,0
04-23-2020,355,0,1,0,344,1,10,-1,336,0,18,0
04-24-2020,355,0,1,0,344,0,10,0,336,0,18,0
04-25-2020,355,0,1,0,345,1,9,-1,336,0,18,0
04-26-2020,355,0,1,0,349,4,5,-4,349,13,5,-13
04-27-2020,355,0,1,0,349,0,5,0,349,0,5,0
04-28-2020,355,0,1,0,349,0,5,0,349,0,5,0
04-29-2020,355,0,1,0,349,0,5,0,349,0,5,0
04-30-2020,356,1,1,0,353,4,2,-3,353,4,2,-3
05-01-2020,356,0,1,0,353,0,2,0,353,0,2,0
05-02-2020,356,0,1,0,353,0,2,0,353,0,2,0
05-03-2020,356,0,1,0,353,0,2,0,353,0,2,0
05-04-2020,356,0,1,0,353,0,2,0,353,0,2,0
05-05-2020,356,0,1,0,353,0,2,0,353,0,2,0
05-06-2020,356,0,1,0,354,1,1,-1,354,1,1,-1
05-07-2020,356,0,1,0,354,0,1,0,354,0,1,0
05-08-2020,356,0,1,0,354,0,1,0,354,0,1,0
05-09-2020,356,0,1,0,354,0,1,0,354,0,1,0
05-10-2020,356,0,1,0,354,0,1,0,354,0,1,0
05-11-2020,356,0,1,0,354,0,1,0,354,0,1,0
05-12-2020,356,0,1,0,354,0,1,0,354,0,1,0
05-13-2020,356,0,1,0,354,0,1,0,354,0,1,0
05-14-2020,356,0,1,0,355,1,0,-1,355,1,0,-1
05-15-2020,356,0,1,0,355,0,0,0,355,0,0,0
05-16-2020,356,0,1,0,355,0,0,0,355,0,0,0
05-17-2020,356,0,1,0,355,0,0,0,355,0,0,0
05-18-2020,356,0,1,0,355,0,0,0,355,0,0,0
05-19-2020,356,0,1,0,355,0,0,0,355,0,0,0
05-20-2020,356,0,1,0,355,0,0,0,355,0,0,0
05-21-2020,356,0,1,0,355,0,0,0,355,0,0,0
05-22-2020,356,0,1,0,355,0,0,0,355,0,0,0
05-23-2020,356,0,1,0,355,0,0,0,355,0,0,0
05-24-2020,356,0,1,0,355,0,0,0,355,0,0,0
05-25-2020,357,1,1,0,355,0,1,1,355,0,1,1
05-26-2020,357,0,1,0,355,0,1,0,355,0,1,0
05-27-2020,358,1,1,0,355,0,2,1,355,0,2,1
05-28-2020,358,0,1,0,355,0,2,0,355,0,2,0
05-29-2020,358,0,1,0,355,0,2,0,355,0,2,0
05-30-2020,358,0,1,0,355,0,2,0,355,0,2,0
05-31-2020,358,0,1,0,355,0,2,0,355,0,2,0
06-01-2020,358,0,1,0,356,1,1,-1,356,1,1,-1
06-02-2020,358,0,1,0,356,0,1,0,356,0,1,0
06-03-2020,358,0,1,0,356,0,1,0,356,0,1,0
06-04-2020,358,0,1,0,356,0,1,0,356,0,1,0
06-05-2020,358,0,1,0,356,0,1,0,356,0,1,0
06-06-2020,358,0,1,0,356,0,1,0,356,0,1,0
06-07-2020,359,1,1,0,356,0,2,1,356,0,2,1
06-08-2020,359,0,1,0,356,0,2,0,356,0,2,0
06-09-2020,359,0,1,0,356,0,2,0,356,0,2,0
06-10-2020,359,0,1,0,356,0,2,0,356,0,2,0
06-11-2020,359,0,1,0,356,0,2,0,356,0,2,0
06-12-2020,359,0,1,0,356,0,2,0,356,0,2,0
06-13-2020,359,0,1,0,356,0,2,0,356,0,2,0
06-14-2020,359,0,1,0,356,0,2,0,356,0,2,0
06-15-2020,359,0,1,0,356,0,2,0,356,0,2,0
06-16-2020,358,-1,1,0,356,0,1,-1,356,0,1,-1
06-17-2020,358,0,1,0,356,0,1,0,356,0,1,0
06-18-2020,358,0,1,0,356,0,1,0,356,0,1,0
06-19-2020,358,0,1,0,356,0,1,0,356,0,1,0
06-20-2020,358,0,1,0,356,0,1,0,356,0,1,0
06-21-2020,358,0,1,0,357,1,0,-1,356,0,1,0
06-22-2020,358,0,1,0,357,0,0,0,356,0,1,0
06-23-2020,363,5,1,0,357,0,5,5,357,1,5,4
06-24-2020,363,0,1,0,357,0,5,0,357,0,5,0
06-25-2020,363,0,1,0,357,0,5,0,357,0,5,0
06-26-2020,363,0,1,0,357,0,5,0,357,0,5,0
06-27-2020,363,0,1,0,357,0,5,0,357,0,5,0
06-28-2020,363,0,1,0,357,0,5,0,357,0,5,0
06-29-2020,363,0,1,0,357,0,5,0,357,0,5,0
06-30-2020,363,0,1,0,357,0,5,0,357,0,5,0
07-01-2020,363,0,1,0,357,0,5,0,357,0,5,0
07-02-2020,363,0,1,0,357,0,5,0,357,0,5,0
07-03-2020,363,0,1,0,357,0,5,0,357,0,5,0
07-04-2020,363,0,1,0,357,0,5,0,357,0,5,0
07-05-2020,363,0,1,0,357,0,5,0,357,0,5,0
07-06-2020,363,0,1,0,357,0,5,0,357,0,5,0
07-07-2020,363,0,1,0,361,4,1,-4,360,3,2,-3
07-08-2020,363,0,1,0,361,0,1,0,360,0,2,0
07-09-2020,363,0,1,0,361,0,1,0,360,0,2,0
07-10-2020,363,0,1,0,361,0,1,0,360,0,2,0
07-11-2020,363,0,1,0,361,0,1,0,360,0,2,0
07-12-2020,363,0,1,0,361,0,1,0,360,0,2,0
07-13-2020,363,0,1,0,361,0,1,0,360,0,2,0
07-14-2020,363,0,1,0,361,0,1,0,360,0,2,0
07-15-2020,363,0,1,0,361,0,1,0,360,0,2,0
07-16-2020,363,0,1,0,361,0,1,0,360,0,2,0
07-17-2020,363,0,1,0,361,0,1,0,360,0,2,0
07-18-2020,364,1,1,0,361,0,2,1,361,1,2,0
07-19-2020,364,0,1,0,361,0,2,0,361,0,2,0
07-20-2020,364,0,1,0,361,0,2,0,361,0,2,0
07-21-2020,364,0,1,0,361,0,2,0,361,0,2,0
07-22-2020,364,0,1,0,361,0,2,0,361,0,2,0
07-23-2020,364,0,1,0,361,0,2,0,361,0,2,0
07-24-2020,364,0,1,0,361,0,2,0,361,0,2,0
07-25-2020,364,0,1,0,361,0,2,0,361,0,2,0
07-26-2020,364,0,1,0,361,0,2,0,361,0,2,0
07-27-2020,366,2,1,0,361,0,4,2,361,0,4,2
07-28-2020,366,0,1,0,361,0,4,0,361,0,4,0
07-29-2020,366,0,1,0,361,0,4,0,361,0,4,0
07-30-2020,366,0,1,0,361,0,4,0,361,0,4,0
07-31-2020,366,0,1,0,361,0,4,0,361,0,4,0
08-01-2020,366,0,1,0,362,1,3,-1,361,0,4,0
08-02-2020,366,0,1,0,362,0,3,0,361,0,4,0
08-03-2020,366,0,1,0,362,0,3,0,361,0,4,0
08-04-2020,366,0,1,0,362,0,3,0,361,0,4,0
08-05-2020,366,0,1,0,362,0,3,0,361,0,4,0
08-06-2020,366,0,1,0,362,0,3,0,361,0,4,0
08-07-2020,366,0,1,0,362,0,3,0,361,0,4,0
08-08-2020,366,0,1,0,362,0,3,0,361,0,4,0
08-09-2020,366,0,1,0,362,0,3,0,361,0,4,0
08-10-2020,366,0,1,0,364,2,1,-2,361,0,4,0
08-11-2020,366,0,1,0,364,0,1,0,361,0,4,0
08-12-2020,366,0,1,0,364,0,1,0,361,0,4,0
08-13-2020,366,0,1,0,364,0,1,0,361,0,4,0
08-14-2020,366,0,1,0,364,0,1,0,361,0,4,0
08-15-2020,366,0,1,0,364,0,1,0,361,0,4,0
08-16-2020,366,0,1,0,364,0,1,0,361,0,4,0
08-17-2020,366,0,1,0,364,0,1,0,361,0,4,0
08-18-2020,366,0,1,0,364,0,1,0,361,0,4,0
08-19-2020,366,0,1,0,364,0,1,0,361,0,4,0
08-20-2020,366,0,1,0,364,0,1,0,361,0,4,0
08-21-2020,366,0,1,0,364,0,1,0,361,0,4,0
08-22-2020,366,0,1,0,364,0,1,0,361,0,4,0
08-23-2020,366,0,1,0,364,0,1,0,361,0,4,0
08-24-2020,366,0,1,0,364,0,1,0,361,0,4,0
08-25-2020,366,0,1,0,364,0,1,0,361,0,4,0
