date,Confirmed,newConfirmed,Deaths,newDeaths,Est.Recovered,newEst.Recovered,Est.Active,newEst.Active,Recovered,newRecovered,Active,newActive
03-07-2020,1,1,0,0,0,0,1,1,-1,-1,-1,-1
03-08-2020,1,0,0,0,0,0,1,0,-1,-1,-1,-1
03-09-2020,1,0,0,0,0,0,1,0,-1,-1,-1,-1
03-10-2020,1,0,0,0,0,0,1,0,-1,-1,-1,-1
03-11-2020,1,0,0,0,0,0,1,0,-1,-1,-1,-1
03-12-2020,1,0,0,0,0,0,1,0,-1,-1,-1,-1
03-13-2020,1,0,0,0,0,0,1,0,-1,-1,-1,-1
03-14-2020,1,0,0,0,0,0,1,0,-1,-1,-1,-1
03-15-2020,1,0,0,0,0,0,1,0,-1,-1,-1,-1
03-16-2020,1,0,0,0,0,0,1,0,-1,-1,-1,-1
03-17-2020,1,0,0,0,0,0,1,0,-1,-1,-1,-1
03-18-2020,1,0,0,0,0,0,1,0,-1,-1,-1,-1
03-19-2020,9,8,0,0,0,0,9,8,-1,-1,-1,-1
03-20-2020,9,0,0,0,0,0,9,0,-1,-1,-1,-1
03-21-2020,15,6,0,0,0,0,15,6,-1,-1,-1,-1
03-22-2020,15,0,0,0,0,0,15,0,-1,-1,-1,-1
03-23-2020,16,1,0,0,0,0,16,1,-1,-1,-1,-1
03-24-2020,18,2,0,0,0,0,18,2,-1,-1,-1,-1
03-25-2020,20,2,0,0,0,0,20,2,-1,-1,-1,-1
03-26-2020,23,3,0,0,0,0,23,3,-1,-1,-1,-1
03-27-2020,24,1,0,0,0,0,24,1,-1,-1,-1,-1
03-28-2020,25,1,0,0,0,0,25,1,-1,-1,-1,-1
03-29-2020,28,3,1,1,0,0,27,2,-1,-1,-1,-1
03-30-2020,28,0,1,0,0,0,27,0,-1,-1,-1,-1
03-31-2020,34,6,1,0,0,0,33,6,-1,-1,-1,-1
04-01-2020,34,0,1,0,0,0,33,0,-1,-1,-1,-1
04-02-2020,36,2,2,1,5,5,29,-4,-1,-1,-1,-1
04-03-2020,39,3,2,0,5,0,32,3,-1,-1,-1,-1
04-04-2020,39,0,2,0,10,5,27,-5,-1,-1,-1,-1
04-05-2020,40,1,3,1,9,-1,28,1,-1,-1,-1,-1
04-06-2020,44,4,3,0,10,1,31,3,-1,-1,-1,-1
04-07-2020,44,0,3,0,11,1,30,-1,-1,-1,-1,-1
04-08-2020,58,14,3,0,13,2,42,12,-1,-1,-1,-1
04-09-2020,70,12,3,0,15,2,52,10,-1,-1,-1,-1
04-10-2020,73,3,3,0,16,1,54,2,-1,-1,-1,-1
04-11-2020,73,0,3,0,17,1,53,-1,-1,-1,-1,-1
04-12-2020,73,0,3,0,19,2,51,-2,-1,-1,-1,-1
04-13-2020,76,3,3,0,19,0,54,3,-1,-1,-1,-1
04-14-2020,76,0,3,0,24,5,49,-5,-1,-1,-1,-1
04-15-2020,77,1,3,0,24,0,50,1,-1,-1,-1,-1
04-16-2020,77,0,3,0,27,3,47,-3,-1,-1,-1,-1
04-17-2020,81,4,5,2,27,0,49,2,-1,-1,-1,-1
04-18-2020,83,2,5,0,28,1,50,1,-1,-1,-1,-1
04-19-2020,83,0,5,0,29,1,49,-1,-1,-1,-1,-1
04-20-2020,83,0,5,0,32,3,46,-3,-1,-1,-1,-1
04-21-2020,84,1,5,0,33,1,46,0,-1,-1,-1,-1
04-22-2020,86,2,6,1,43,10,37,-9,-1,-1,-1,-1
04-23-2020,88,2,6,0,53,10,29,-8,-1,-1,-1,-1
04-24-2020,88,0,6,0,56,3,26,-3,-1,-1,-1,-1
04-25-2020,90,2,6,0,56,0,28,2,-1,-1,-1,-1
04-26-2020,96,6,6,0,57,1,33,5,-1,-1,-1,-1
04-27-2020,98,2,6,0,59,2,33,0,-1,-1,-1,-1
04-28-2020,99,1,6,0,60,1,33,0,-1,-1,-1,-1
04-29-2020,99,0,6,0,61,1,32,-1,-1,-1,-1,-1
04-30-2020,109,10,7,1,60,-1,42,10,-1,-1,-1,-1
05-01-2020,116,7,9,2,62,2,45,3,-1,-1,-1,-1
05-02-2020,123,7,9,0,64,2,50,5,-1,-1,-1,-1
05-03-2020,123,0,9,0,64,0,50,0,-1,-1,-1,-1
05-04-2020,124,1,9,0,65,1,50,0,-1,-1,-1,-1
05-05-2020,126,2,9,0,66,1,51,1,-1,-1,-1,-1
05-06-2020,128,2,9,0,69,3,50,-1,-1,-1,-1,-1
05-07-2020,128,0,9,0,73,4,46,-4,-1,-1,-1,-1
05-08-2020,135,7,9,0,73,0,53,7,-1,-1,-1,-1
05-09-2020,145,10,10,1,74,1,61,8,-1,-1,-1,-1
05-10-2020,153,8,10,0,79,5,64,3,-1,-1,-1,-1
05-11-2020,173,20,11,1,80,1,82,18,-1,-1,-1,-1
05-12-2020,181,8,11,0,81,1,89,7,-1,-1,-1,-1
05-13-2020,199,18,11,0,81,0,107,18,-1,-1,-1,-1
05-14-2020,219,20,11,0,89,8,119,12,-1,-1,-1,-1
05-15-2020,238,19,11,0,96,7,131,12,-1,-1,-1,-1
05-16-2020,263,25,11,0,102,6,150,19,-1,-1,-1,-1
05-17-2020,298,35,11,0,102,0,185,35,-1,-1,-1,-1
05-18-2020,301,3,11,0,103,1,187,2,-1,-1,-1,-1
05-19-2020,330,29,12,1,104,1,214,27,-1,-1,-1,-1
05-20-2020,338,8,12,0,106,2,220,6,-1,-1,-1,-1
05-21-2020,338,0,12,0,107,1,219,-1,-1,-1,-1,-1
05-22-2020,354,16,12,0,113,6,229,10,-1,-1,-1,-1
05-23-2020,363,9,12,0,121,8,230,1,-1,-1,-1,-1
05-24-2020,373,10,12,0,129,8,232,2,-1,-1,-1,-1
05-25-2020,381,8,12,0,145,16,224,-8,-1,-1,-1,-1
05-26-2020,386,5,13,1,151,6,222,-2,-1,-1,-1,-1
05-27-2020,391,5,13,0,165,14,213,-9,-1,-1,-1,-1
05-28-2020,395,4,13,0,183,18,199,-14,-1,-1,-1,-1
05-29-2020,422,27,13,0,200,17,209,10,-1,-1,-1,-1
05-30-2020,428,6,13,0,221,21,194,-15,-1,-1,-1,-1
05-31-2020,428,0,13,0,249,28,166,-28,-1,-1,-1,-1
06-01-2020,442,14,13,0,252,3,177,11,-1,-1,-1,-1
06-02-2020,443,1,13,0,276,24,154,-23,-1,-1,-1,-1
06-03-2020,445,2,13,0,283,7,149,-5,-1,-1,-1,-1
06-04-2020,452,7,13,0,283,0,156,7,-1,-1,-1,-1
06-05-2020,465,13,13,0,297,14,155,-1,-1,-1,-1,-1
06-06-2020,485,20,13,0,305,8,167,12,-1,-1,-1,-1
06-07-2020,487,2,13,0,315,10,159,-8,-1,-1,-1,-1
06-08-2020,495,8,13,0,324,9,158,-1,-1,-1,-1,-1
06-09-2020,497,2,13,0,329,5,155,-3,-1,-1,-1,-1
06-10-2020,522,25,13,0,336,7,173,18,265,-1,244,-1
06-11-2020,524,2,13,0,343,7,168,-5,271,6,240,-4
06-12-2020,525,1,13,0,367,24,145,-23,279,8,233,-7
06-13-2020,530,5,13,0,376,9,141,-4,291,12,226,-7
06-14-2020,530,0,13,0,381,5,136,-5,291,0,226,0
06-15-2020,532,2,13,0,393,12,126,-10,308,17,211,-15
06-16-2020,537,5,13,0,398,5,126,0,344,36,180,-31
06-17-2020,544,7,13,0,401,3,130,4,353,9,178,-2
06-18-2020,547,3,13,0,406,5,128,-2,353,0,181,3
06-19-2020,555,8,13,0,419,13,123,-5,361,8,181,0
06-20-2020,561,6,13,0,437,18,111,-12,366,5,182,1
06-21-2020,569,8,13,0,441,4,115,4,375,9,181,-1
06-22-2020,569,0,13,0,449,8,107,-8,380,5,176,-5
06-23-2020,576,7,13,0,452,3,111,4,384,4,179,3
06-24-2020,583,7,14,1,473,21,96,-15,392,8,177,-2
06-25-2020,588,5,14,0,476,3,98,2,394,2,180,3
06-26-2020,591,3,14,0,482,6,95,-3,395,1,182,2
06-27-2020,591,0,14,0,488,6,89,-6,395,0,182,0
06-28-2020,642,51,14,0,490,2,138,49,401,6,227,45
06-29-2020,643,1,14,0,493,3,136,-2,401,0,228,1
06-30-2020,643,0,14,0,499,6,130,-6,401,0,228,0
07-01-2020,661,18,14,0,505,6,142,12,414,13,233,5
07-02-2020,661,0,14,0,509,4,138,-4,414,0,233,0
07-03-2020,671,10,14,0,518,9,139,1,424,10,233,0
07-04-2020,676,5,15,1,525,7,136,-3,432,8,229,-4
07-05-2020,680,4,15,0,532,7,133,-3,447,15,218,-11
07-06-2020,680,0,15,0,534,2,131,-2,450,3,215,-3
07-07-2020,680,0,15,0,540,6,125,-6,450,0,215,0
07-08-2020,695,15,15,0,549,9,131,6,475,25,205,-10
07-09-2020,695,0,15,0,554,5,126,-5,475,0,205,0
07-10-2020,710,15,15,0,558,4,137,11,494,19,201,-4
07-11-2020,710,0,15,0,559,1,136,-1,494,0,201,0
07-12-2020,710,0,15,0,600,41,95,-41,494,0,201,0
07-13-2020,720,10,15,0,602,2,103,8,494,0,211,10
07-14-2020,720,0,15,0,603,1,102,-1,494,0,211,0
07-15-2020,731,11,15,0,618,15,98,-4,494,0,222,11
07-16-2020,740,9,15,0,619,1,106,8,494,0,231,9
07-17-2020,749,9,15,0,629,10,105,-1,543,49,191,-40
07-18-2020,774,25,15,0,635,6,124,19,548,5,211,20
07-19-2020,774,0,15,0,639,4,120,-4,548,0,211,0
07-20-2020,774,0,15,0,640,1,119,-1,548,0,211,0
07-21-2020,783,9,15,0,641,1,127,8,548,0,220,9
07-22-2020,806,23,16,1,654,13,136,9,578,30,212,-8
07-23-2020,806,0,16,0,655,1,135,-1,578,0,212,0
07-24-2020,839,33,17,1,667,12,155,20,585,7,237,25
07-25-2020,839,0,17,0,667,0,155,0,585,0,237,0
07-26-2020,868,29,18,1,673,6,177,22,599,14,251,14
07-27-2020,874,6,18,0,681,8,175,-2,607,8,249,-2
07-28-2020,896,22,18,0,682,1,196,21,612,5,266,17
07-29-2020,896,0,18,0,693,11,185,-11,612,0,266,0
07-30-2020,927,31,18,0,701,8,208,23,634,22,275,9
07-31-2020,941,14,19,1,709,8,213,5,641,7,281,6
08-01-2020,958,17,19,0,730,21,209,-4,647,6,292,11
08-02-2020,961,3,19,0,731,1,211,2,660,13,282,-10
08-03-2020,961,0,19,0,731,0,211,0,660,0,282,0
08-04-2020,988,27,19,0,739,8,230,19,663,3,306,24
08-05-2020,1001,13,21,2,758,19,222,-8,690,27,290,-16
08-06-2020,1012,11,22,1,757,-1,233,11,697,7,293,3
08-07-2020,1028,16,22,0,786,29,220,-13,710,13,296,3
08-08-2020,1046,18,22,0,786,0,238,18,721,11,303,7
08-09-2020,1060,14,23,1,811,25,226,-12,729,8,308,5
08-10-2020,1067,7,25,2,815,4,227,1,729,0,313,5
08-11-2020,1070,3,26,1,832,17,212,-15,752,23,292,-21
08-12-2020,1092,22,26,0,835,3,231,19,782,30,284,-8
08-13-2020,1092,0,26,0,861,26,205,-26,782,0,284,0
08-14-2020,1124,32,26,0,874,13,224,19,806,24,292,8
08-15-2020,1124,0,26,0,892,18,206,-18,806,0,292,0
08-16-2020,1147,23,27,1,893,1,227,21,843,37,277,-15
08-17-2020,1147,0,27,0,893,0,227,0,843,0,277,0
08-18-2020,1173,26,27,0,916,23,230,3,868,25,278,1
08-19-2020,1173,0,27,0,931,15,215,-15,868,0,278,0
08-20-2020,1173,0,27,0,940,9,206,-9,868,0,278,0
08-21-2020,1239,66,27,0,958,18,254,48,891,23,321,43
08-22-2020,1239,0,27,0,973,15,239,-15,891,0,321,0
08-23-2020,1277,38,27,0,988,15,262,23,810,-81,440,119
08-24-2020,1277,0,27,0,995,7,255,-7,810,0,440,0
08-25-2020,1295,18,27,0,1001,6,267,12,810,0,458,18
