date,Confirmed,newConfirmed,Deaths,newDeaths,Est.Recovered,newEst.Recovered,Est.Active,newEst.Active,Recovered,newRecovered,Active,newActive
03-10-2020,1,1,0,0,0,0,1,1,-1,-1,-1,-1
03-11-2020,1,0,0,0,0,0,1,0,-1,-1,-1,-1
03-12-2020,1,0,0,0,0,0,1,0,-1,-1,-1,-1
03-13-2020,2,1,0,0,0,0,2,1,-1,-1,-1,-1
03-14-2020,8,6,0,0,0,0,8,6,-1,-1,-1,-1
03-15-2020,8,0,0,0,0,0,8,0,-1,-1,-1,-1
03-16-2020,10,2,0,0,0,0,10,2,-1,-1,-1,-1
03-17-2020,12,2,0,0,0,0,12,2,-1,-1,-1,-1
03-18-2020,13,1,0,0,0,0,13,1,-1,-1,-1,-1
03-19-2020,15,2,1,1,-1,-1,15,2,-1,-1,-1,-1
03-20-2020,16,1,1,0,-1,0,16,1,-1,-1,-1,-1
03-21-2020,16,0,1,0,-1,0,16,0,-1,-1,-1,-1
03-22-2020,16,0,1,0,-1,0,16,0,-1,-1,-1,-1
03-23-2020,19,3,1,0,-1,0,19,3,-1,-1,-1,-1
03-24-2020,21,2,1,0,0,1,20,1,-1,-1,-1,-1
03-25-2020,21,0,1,0,0,0,20,0,-1,-1,-1,-1
03-26-2020,26,5,1,0,0,0,25,5,-1,-1,-1,-1
03-27-2020,26,0,1,0,0,0,25,0,-1,-1,-1,-1
03-28-2020,26,0,1,0,5,5,20,-5,-1,-1,-1,-1
03-29-2020,30,4,1,0,5,0,24,4,-1,-1,-1,-1
03-30-2020,32,2,1,0,7,2,24,0,-1,-1,-1,-1
03-31-2020,36,4,1,0,8,1,27,3,-1,-1,-1,-1
04-01-2020,36,0,1,0,9,1,26,-1,-1,-1,-1,-1
04-02-2020,38,2,1,0,11,2,26,0,-1,-1,-1,-1
04-03-2020,44,6,3,2,9,-2,32,6,-1,-1,-1,-1
04-04-2020,47,3,3,0,9,0,35,3,-1,-1,-1,-1
04-05-2020,53,6,3,0,9,0,41,6,-1,-1,-1,-1
04-06-2020,55,2,3,0,12,3,40,-1,-1,-1,-1,-1
04-07-2020,58,3,3,0,14,2,41,1,-1,-1,-1,-1
04-08-2020,59,1,3,0,14,0,42,1,-1,-1,-1,-1
04-09-2020,63,4,3,0,18,4,42,0,-1,-1,-1,-1
04-10-2020,63,0,4,1,17,-1,42,0,-1,-1,-1,-1
04-11-2020,63,0,4,0,18,1,41,-1,-1,-1,-1,-1
04-12-2020,65,2,4,0,21,3,40,-1,-1,-1,-1,-1
04-13-2020,69,4,4,0,23,2,42,2,-1,-1,-1,-1
04-14-2020,72,3,4,0,26,3,42,0,-1,-1,-1,-1
04-15-2020,73,1,4,0,26,0,43,1,-1,-1,-1,-1
04-16-2020,105,32,5,1,27,1,73,30,-1,-1,-1,-1
04-17-2020,125,20,5,0,32,5,88,15,-1,-1,-1,-1
04-18-2020,143,18,5,0,35,3,103,15,-1,-1,-1,-1
04-19-2020,163,20,5,0,40,5,118,15,-1,-1,-1,-1
04-20-2020,173,10,5,0,42,2,126,8,-1,-1,-1,-1
04-21-2020,196,23,5,0,44,2,147,21,-1,-1,-1,-1
04-22-2020,223,27,6,1,44,0,173,26,-1,-1,-1,-1
04-23-2020,233,10,6,0,48,4,179,6,-1,-1,-1,-1
04-24-2020,243,10,6,0,48,0,189,10,-1,-1,-1,-1
04-25-2020,257,14,7,1,48,0,202,13,-1,-1,-1,-1
04-26-2020,288,31,7,0,50,2,231,29,-1,-1,-1,-1
04-27-2020,305,17,7,0,53,3,245,14,-1,-1,-1,-1
04-28-2020,305,0,7,0,56,3,242,-3,-1,-1,-1,-1
04-29-2020,364,59,7,0,57,1,300,58,-1,-1,-1,-1
04-30-2020,381,17,7,0,84,27,290,-10,-1,-1,-1,-1
05-01-2020,396,15,7,0,101,17,288,-2,-1,-1,-1,-1
05-02-2020,422,26,8,1,115,14,299,11,-1,-1,-1,-1
05-03-2020,432,10,8,0,132,17,292,-7,-1,-1,-1,-1
05-04-2020,463,31,8,0,140,8,315,23,-1,-1,-1,-1
05-05-2020,469,6,9,1,158,18,302,-13,-1,-1,-1,-1
05-06-2020,471,2,9,0,180,22,282,-20,-1,-1,-1,-1
05-07-2020,473,2,9,0,189,9,275,-7,-1,-1,-1,-1
05-08-2020,478,5,9,0,197,8,272,-3,-1,-1,-1,-1
05-09-2020,488,10,9,0,209,12,270,-2,-1,-1,-1,-1
05-10-2020,490,2,9,0,234,25,247,-23,-1,-1,-1,-1
05-11-2020,498,8,9,0,249,15,240,-7,-1,-1,-1,-1
05-12-2020,502,4,9,0,249,0,244,4,-1,-1,-1,-1
05-13-2020,505,3,9,0,297,48,199,-45,-1,-1,-1,-1
05-14-2020,507,2,9,0,316,19,182,-17,-1,-1,-1,-1
05-15-2020,509,2,9,0,331,15,169,-13,-1,-1,-1,-1
05-16-2020,509,0,9,0,355,24,145,-24,-1,-1,-1,-1
05-17-2020,511,2,9,0,366,11,136,-9,-1,-1,-1,-1
05-18-2020,517,6,9,0,393,27,115,-21,-1,-1,-1,-1
05-19-2020,520,3,9,0,401,8,110,-5,-1,-1,-1,-1
05-20-2020,520,0,9,0,406,5,105,-5,-1,-1,-1,-1
05-21-2020,520,0,9,0,409,3,102,-3,-1,-1,-1,-1
05-22-2020,529,9,9,0,415,6,105,3,-1,-1,-1,-1
05-23-2020,534,5,9,0,425,10,100,-5,-1,-1,-1,-1
05-24-2020,544,10,9,0,431,6,104,4,-1,-1,-1,-1
05-25-2020,550,6,9,0,440,9,101,-3,-1,-1,-1,-1
05-26-2020,552,2,9,0,443,3,100,-1,-1,-1,-1,-1
05-27-2020,556,4,9,0,454,11,93,-7,-1,-1,-1,-1
05-28-2020,564,8,9,0,460,6,95,2,-1,-1,-1,-1
05-29-2020,569,5,9,0,464,4,96,1,-1,-1,-1,-1
05-30-2020,569,0,9,0,469,5,91,-5,-1,-1,-1,-1
05-31-2020,575,6,9,0,473,4,93,2,-1,-1,-1,-1
06-01-2020,581,6,9,0,483,10,89,-4,-1,-1,-1,-1
06-02-2020,581,0,9,0,487,4,85,-4,-1,-1,-1,-1
06-03-2020,588,7,9,0,489,2,90,5,-1,-1,-1,-1
06-04-2020,590,2,9,0,490,1,91,1,-1,-1,-1,-1
06-05-2020,590,0,9,0,498,8,83,-8,-1,-1,-1,-1
06-06-2020,591,1,10,1,503,5,78,-5,-1,-1,-1,-1
06-07-2020,595,4,10,0,513,10,72,-6,-1,-1,-1,-1
06-08-2020,596,1,10,0,520,7,66,-6,-1,-1,-1,-1
06-09-2020,598,2,10,0,522,2,66,0,-1,-1,-1,-1
06-10-2020,605,7,10,0,529,7,66,0,405,-1,190,-1
06-11-2020,605,0,10,0,536,7,59,-7,407,2,188,-2
06-12-2020,611,6,10,0,541,5,60,1,408,1,193,5
06-13-2020,615,4,10,0,543,2,62,2,420,12,185,-8
06-14-2020,615,0,10,0,548,5,57,-5,420,0,185,0
06-15-2020,617,2,10,0,556,8,51,-6,420,0,187,2
06-16-2020,621,4,10,0,556,0,55,4,430,10,181,-6
06-17-2020,621,0,10,0,562,6,49,-6,449,19,162,-19
06-18-2020,626,5,10,0,564,2,52,3,451,2,165,3
06-19-2020,638,12,10,0,565,1,63,11,458,7,170,5
06-20-2020,657,19,10,0,567,2,80,17,462,4,185,15
06-21-2020,657,0,10,0,572,5,75,-5,462,0,185,0
06-22-2020,665,8,10,0,574,2,81,6,516,54,139,-46
06-23-2020,670,5,10,0,576,2,84,3,518,2,142,3
06-24-2020,670,0,10,0,583,7,77,-7,518,0,142,0
06-25-2020,678,8,10,0,584,1,84,7,521,3,147,5
06-26-2020,684,6,10,0,590,6,84,0,526,5,148,1
06-27-2020,684,0,10,0,593,3,81,-3,526,0,148,0
06-28-2020,690,6,10,0,594,1,86,5,552,26,128,-20
06-29-2020,696,6,10,0,596,2,90,4,552,0,134,6
06-30-2020,696,0,10,0,600,4,86,-4,552,0,134,0
07-01-2020,702,6,10,0,601,1,91,5,553,1,139,5
07-02-2020,702,0,10,0,605,4,87,-4,553,0,139,0
07-03-2020,721,19,10,0,615,10,96,9,565,12,146,7
07-04-2020,728,7,10,0,631,16,87,-9,569,4,149,3
07-05-2020,728,0,10,0,632,1,86,-1,569,0,149,0
07-06-2020,732,4,10,0,639,7,83,-3,584,15,138,-11
07-07-2020,732,0,10,0,644,5,78,-5,584,0,138,0
07-08-2020,745,13,10,0,645,1,90,12,599,15,136,-2
07-09-2020,745,0,10,0,652,7,83,-7,599,0,136,0
07-10-2020,753,8,10,0,658,6,85,2,603,4,140,4
07-11-2020,753,0,10,0,658,0,85,0,603,0,140,0
07-12-2020,753,0,10,0,663,5,80,-5,603,0,140,0
07-13-2020,758,5,10,0,669,6,79,-1,603,0,145,5
07-14-2020,758,0,10,0,669,0,79,0,603,0,145,0
07-15-2020,759,1,10,0,674,5,75,-4,603,0,146,1
07-16-2020,762,3,10,0,675,1,77,2,603,0,149,3
07-17-2020,765,3,10,0,692,17,63,-14,647,44,108,-41
07-18-2020,768,3,10,0,701,9,57,-6,678,31,80,-28
07-19-2020,768,0,10,0,701,0,57,0,678,0,80,0
07-20-2020,774,6,10,0,705,4,59,2,678,0,86,6
07-21-2020,790,16,10,0,706,1,74,15,678,0,102,16
07-22-2020,810,20,10,0,717,11,83,9,709,31,91,-11
07-23-2020,810,0,10,0,718,1,82,-1,709,0,91,0
07-24-2020,831,21,10,0,726,8,95,13,711,2,110,19
07-25-2020,831,0,10,0,726,0,95,0,711,0,110,0
07-26-2020,837,6,10,0,727,1,100,5,711,0,116,6
07-27-2020,842,5,10,0,732,5,100,0,714,3,118,2
07-28-2020,855,13,10,0,732,0,113,13,724,10,121,3
07-29-2020,856,1,10,0,734,2,112,-1,724,0,122,1
07-30-2020,864,8,10,0,736,2,118,6,724,0,130,8
07-31-2020,864,0,10,0,742,6,112,-6,724,0,130,0
08-01-2020,883,19,10,0,746,4,127,15,743,19,130,0
08-02-2020,883,0,10,0,746,0,127,0,743,0,130,0
08-03-2020,905,22,12,2,750,4,143,16,743,0,150,20
08-04-2020,920,15,12,0,763,13,145,2,745,2,163,13
08-05-2020,920,0,12,0,781,18,127,-18,745,0,163,0
08-06-2020,928,8,12,0,782,1,134,7,745,0,171,8
08-07-2020,958,30,12,0,800,18,146,12,745,0,201,30
08-08-2020,987,29,13,1,799,-1,175,29,745,0,229,28
08-09-2020,1003,16,13,0,804,5,186,11,745,0,245,16
08-10-2020,1023,20,14,1,808,4,201,15,745,0,264,19
08-11-2020,1031,8,14,0,819,11,198,-3,745,0,272,8
08-12-2020,1047,16,14,0,820,1,213,15,753,8,280,8
08-13-2020,1065,18,14,0,827,7,224,11,753,0,298,18
08-14-2020,1071,6,14,0,828,1,229,5,754,1,303,5
08-15-2020,1082,11,14,0,845,17,223,-6,754,0,314,11
08-16-2020,1113,31,14,0,845,0,254,31,764,10,335,21
08-17-2020,1113,0,14,0,864,19,235,-19,764,0,335,0
08-18-2020,1129,16,14,0,878,14,237,2,764,0,351,16
08-19-2020,1146,17,14,0,881,3,251,14,770,6,362,11
08-20-2020,1146,0,14,0,888,7,244,-7,770,0,362,0
08-21-2020,1290,144,15,1,914,26,361,117,788,18,487,125
08-22-2020,1290,0,15,0,938,24,337,-24,788,0,487,0
08-23-2020,1413,123,16,1,951,13,446,109,817,29,580,93
08-24-2020,1413,0,16,0,968,17,429,-17,817,0,580,0
08-25-2020,1529,116,16,0,976,8,537,108,817,0,696,116
