date,Confirmed,newConfirmed,Deaths,newDeaths,Est.Recovered,newEst.Recovered,Est.Active,newEst.Active,Recovered,newRecovered,Active,newActive
02-29-2020,1,1,0,0,0,0,1,1,-1,-1,-1,-1
03-01-2020,1,0,0,0,0,0,1,0,-1,-1,-1,-1
03-02-2020,1,0,0,0,0,0,1,0,-1,-1,-1,-1
03-03-2020,1,0,0,0,0,0,1,0,-1,-1,-1,-1
03-04-2020,1,0,0,0,0,0,1,0,-1,-1,-1,-1
03-05-2020,1,0,0,0,0,0,1,0,-1,-1,-1,-1
03-06-2020,1,0,0,0,0,0,1,0,-1,-1,-1,-1
03-07-2020,1,0,0,0,0,0,1,0,-1,-1,-1,-1
03-08-2020,1,0,0,0,0,0,1,0,-1,-1,-1,-1
03-09-2020,1,0,0,0,0,0,1,0,-1,-1,-1,-1
03-10-2020,1,0,0,0,0,0,1,0,-1,-1,-1,-1
03-11-2020,1,0,0,0,0,0,1,0,-1,-1,-1,-1
03-12-2020,1,0,0,0,0,0,1,0,-1,-1,-1,-1
03-13-2020,2,1,0,0,0,0,2,1,-1,-1,-1,-1
03-14-2020,2,0,0,0,0,0,2,0,-1,-1,-1,-1
03-15-2020,2,0,0,0,0,0,2,0,-1,-1,-1,-1
03-16-2020,9,7,0,0,0,0,9,7,-1,-1,-1,-1
03-17-2020,9,0,0,0,0,0,9,0,-1,-1,-1,-1
03-18-2020,9,0,0,0,0,0,9,0,-1,-1,-1,-1
03-19-2020,9,0,0,0,0,0,9,0,-1,-1,-1,-1
03-20-2020,12,3,0,0,0,0,12,3,-1,-1,-1,-1
03-21-2020,18,6,0,0,0,0,18,6,-1,-1,-1,-1
03-22-2020,18,0,0,0,0,0,18,0,-1,-1,-1,-1
03-23-2020,19,1,0,0,0,0,19,1,-1,-1,-1,-1
03-24-2020,19,0,0,0,0,0,19,0,-1,-1,-1,-1
03-25-2020,19,0,0,0,0,0,19,0,-1,-1,-1,-1
03-26-2020,19,0,0,0,0,0,19,0,-1,-1,-1,-1
03-27-2020,19,0,0,0,1,1,18,-1,-1,-1,-1,-1
03-28-2020,19,0,0,0,1,0,18,0,-1,-1,-1,-1
03-29-2020,19,0,0,0,1,0,18,0,-1,-1,-1,-1
03-30-2020,31,12,0,0,7,6,24,6,-1,-1,-1,-1
03-31-2020,34,3,0,0,7,0,27,3,-1,-1,-1,-1
04-01-2020,37,3,0,0,7,0,30,3,-1,-1,-1,-1
04-02-2020,37,0,0,0,7,0,30,0,-1,-1,-1,-1
04-03-2020,37,0,0,0,9,2,28,-2,-1,-1,-1,-1
04-04-2020,37,0,0,0,14,5,23,-5,-1,-1,-1,-1
04-05-2020,37,0,0,0,14,0,23,0,-1,-1,-1,-1
04-06-2020,37,0,0,0,15,1,22,-1,-1,-1,-1,-1
04-07-2020,40,3,0,0,15,0,25,3,-1,-1,-1,-1
04-08-2020,40,0,0,0,15,0,25,0,-1,-1,-1,-1
04-09-2020,54,14,0,0,15,0,39,14,-1,-1,-1,-1
04-10-2020,54,0,0,0,15,0,39,0,-1,-1,-1,-1
04-11-2020,54,0,0,0,15,0,39,0,-1,-1,-1,-1
04-12-2020,54,0,0,0,15,0,39,0,-1,-1,-1,-1
04-13-2020,54,0,0,0,26,11,28,-11,-1,-1,-1,-1
04-14-2020,68,14,0,0,28,2,40,12,-1,-1,-1,-1
04-15-2020,68,0,0,0,31,3,37,-3,-1,-1,-1,-1
04-16-2020,68,0,0,0,31,0,37,0,-1,-1,-1,-1
04-17-2020,68,0,1,1,30,-1,37,0,-1,-1,-1,-1
04-18-2020,68,0,1,0,31,1,36,-1,-1,-1,-1,-1
04-19-2020,68,0,1,0,31,0,36,0,-1,-1,-1,-1
04-20-2020,68,0,1,0,31,0,36,0,-1,-1,-1,-1
04-21-2020,68,0,1,0,34,3,33,-3,-1,-1,-1,-1
04-22-2020,68,0,1,0,34,0,33,0,-1,-1,-1,-1
04-23-2020,68,0,1,0,45,11,22,-11,-1,-1,-1,-1
04-24-2020,68,0,1,0,45,0,22,0,-1,-1,-1,-1
04-25-2020,68,0,1,0,45,0,22,0,-1,-1,-1,-1
04-26-2020,68,0,1,0,45,0,22,0,-1,-1,-1,-1
04-27-2020,68,0,1,0,47,2,20,-2,-1,-1,-1,-1
04-28-2020,68,0,1,0,59,12,8,-12,-1,-1,-1,-1
04-29-2020,68,0,1,0,59,0,8,0,-1,-1,-1,-1
04-30-2020,68,0,1,0,59,0,8,0,-1,-1,-1,-1
05-01-2020,68,0,1,0,59,0,8,0,-1,-1,-1,-1
05-02-2020,68,0,1,0,60,1,7,-1,-1,-1,-1,-1
05-03-2020,68,0,1,0,60,0,7,0,-1,-1,-1,-1
05-04-2020,95,27,1,0,60,0,34,27,-1,-1,-1,-1
05-05-2020,95,0,1,0,60,0,34,0,-1,-1,-1,-1
05-06-2020,95,0,1,0,60,0,34,0,-1,-1,-1,-1
05-07-2020,95,0,1,0,62,2,32,-2,-1,-1,-1,-1
05-08-2020,95,0,1,0,62,0,32,0,-1,-1,-1,-1
05-09-2020,95,0,1,0,62,0,32,0,-1,-1,-1,-1
05-10-2020,95,0,1,0,62,0,32,0,-1,-1,-1,-1
05-11-2020,96,1,1,0,63,1,32,0,-1,-1,-1,-1
05-12-2020,96,0,1,0,65,2,30,-2,-1,-1,-1,-1
05-13-2020,96,0,1,0,65,0,30,0,-1,-1,-1,-1
05-14-2020,96,0,1,0,65,0,30,0,-1,-1,-1,-1
05-15-2020,96,0,1,0,65,0,30,0,-1,-1,-1,-1
05-16-2020,96,0,1,0,65,0,30,0,-1,-1,-1,-1
05-17-2020,96,0,1,0,65,0,30,0,-1,-1,-1,-1
05-18-2020,96,0,1,0,87,22,8,-22,-1,-1,-1,-1
05-19-2020,96,0,1,0,87,0,8,0,-1,-1,-1,-1
05-20-2020,96,0,1,0,87,0,8,0,-1,-1,-1,-1
05-21-2020,96,0,1,0,88,1,7,-1,-1,-1,-1,-1
05-22-2020,96,0,1,0,88,0,7,0,-1,-1,-1,-1
05-23-2020,96,0,1,0,88,0,7,0,-1,-1,-1,-1
05-24-2020,98,2,1,0,88,0,9,2,-1,-1,-1,-1
05-25-2020,98,0,1,0,88,0,9,0,-1,-1,-1,-1
05-26-2020,98,0,1,0,89,1,8,-1,-1,-1,-1,-1
05-27-2020,98,0,1,0,89,0,8,0,-1,-1,-1,-1
05-28-2020,98,0,1,0,89,0,8,0,-1,-1,-1,-1
05-29-2020,98,0,1,0,89,0,8,0,-1,-1,-1,-1
05-30-2020,98,0,1,0,89,0,8,0,-1,-1,-1,-1
05-31-2020,98,0,1,0,89,0,8,0,-1,-1,-1,-1
06-01-2020,98,0,1,0,93,4,4,-4,-1,-1,-1,-1
06-02-2020,98,0,1,0,93,0,4,0,-1,-1,-1,-1
06-03-2020,98,0,1,0,93,0,4,0,-1,-1,-1,-1
06-04-2020,98,0,1,0,93,0,4,0,-1,-1,-1,-1
06-05-2020,98,0,1,0,93,0,4,0,-1,-1,-1,-1
06-06-2020,98,0,1,0,93,0,4,0,-1,-1,-1,-1
06-07-2020,99,1,1,0,95,2,3,-1,-1,-1,-1,-1
06-08-2020,99,0,1,0,95,0,3,0,-1,-1,-1,-1
06-09-2020,99,0,1,0,95,0,3,0,-1,-1,-1,-1
06-10-2020,99,0,4,3,93,-2,2,-1,93,-1,2,-1
06-11-2020,99,0,4,0,93,0,2,0,93,0,2,0
06-12-2020,99,0,4,0,93,0,2,0,93,0,2,0
06-13-2020,99,0,4,0,93,0,2,0,93,0,2,0
06-14-2020,99,0,4,0,93,0,2,0,93,0,2,0
06-15-2020,99,0,4,0,93,0,2,0,93,0,2,0
06-16-2020,99,0,4,0,93,0,2,0,93,0,2,0
06-17-2020,99,0,4,0,94,1,1,-1,94,1,1,-1
06-18-2020,99,0,4,0,94,0,1,0,94,0,1,0
06-19-2020,99,0,4,0,94,0,1,0,94,0,1,0
06-20-2020,99,0,4,0,94,0,1,0,94,0,1,0
06-21-2020,100,1,4,0,94,0,2,1,94,0,2,1
06-22-2020,101,1,4,0,94,0,3,1,94,0,3,1
06-23-2020,101,0,4,0,95,1,2,-1,95,1,2,-1
06-24-2020,102,1,4,0,95,0,3,1,95,0,3,1
06-25-2020,102,0,4,0,95,0,3,0,95,0,3,0
06-26-2020,102,0,4,0,95,0,3,0,95,0,3,0
06-27-2020,102,0,4,0,95,0,3,0,95,0,3,0
06-28-2020,102,0,4,0,95,0,3,0,95,0,3,0
06-29-2020,102,0,4,0,95,0,3,0,95,0,3,0
06-30-2020,102,0,4,0,95,0,3,0,95,0,3,0
07-01-2020,102,0,4,0,95,0,3,0,95,0,3,0
07-02-2020,102,0,4,0,95,0,3,0,95,0,3,0
07-03-2020,102,0,4,0,95,0,3,0,95,0,3,0
07-04-2020,106,4,4,0,95,0,7,4,95,0,7,4
07-05-2020,108,2,4,0,95,0,9,2,95,0,9,2
07-06-2020,108,0,4,0,96,1,8,-1,95,0,9,0
07-07-2020,108,0,4,0,96,0,8,0,95,0,9,0
07-08-2020,108,0,4,0,97,1,7,-1,95,0,9,0
07-09-2020,108,0,4,0,97,0,7,0,95,0,9,0
07-10-2020,108,0,4,0,97,0,7,0,95,0,9,0
07-11-2020,108,0,4,0,97,0,7,0,95,0,9,0
07-12-2020,108,0,4,0,97,0,7,0,95,0,9,0
07-13-2020,108,0,4,0,97,0,7,0,95,0,9,0
07-14-2020,108,0,4,0,97,0,7,0,95,0,9,0
07-15-2020,108,0,4,0,97,0,7,0,95,0,9,0
07-16-2020,108,0,4,0,97,0,7,0,95,0,9,0
07-17-2020,109,1,4,0,98,1,7,0,98,3,7,-2
07-18-2020,109,0,4,0,100,2,5,-2,98,0,7,0
07-19-2020,109,0,4,0,102,2,3,-2,98,0,7,0
07-20-2020,109,0,4,0,102,0,3,0,98,0,7,0
07-21-2020,109,0,4,0,102,0,3,0,98,0,7,0
07-22-2020,112,3,4,0,102,0,6,3,100,2,8,1
07-23-2020,112,0,4,0,102,0,6,0,100,0,8,0
07-24-2020,116,4,4,0,102,0,10,4,100,0,12,4
07-25-2020,116,0,4,0,102,0,10,0,100,0,12,0
07-26-2020,116,0,4,0,104,2,8,-2,104,4,8,-4
07-27-2020,116,0,4,0,104,0,8,0,104,0,8,0
07-28-2020,117,1,4,0,104,0,9,1,104,0,9,1
07-29-2020,117,0,4,0,104,0,9,0,104,0,9,0
07-30-2020,117,0,4,0,104,0,9,0,104,0,9,0
07-31-2020,117,0,4,0,104,0,9,0,104,0,9,0
08-01-2020,117,0,4,0,104,0,9,0,104,0,9,0
08-02-2020,117,0,4,0,104,0,9,0,104,0,9,0
08-03-2020,117,0,4,0,104,0,9,0,104,0,9,0
08-04-2020,123,6,4,0,105,1,14,5,105,1,14,5
08-05-2020,125,2,4,0,106,1,15,1,105,0,16,2
08-06-2020,125,0,4,0,106,0,15,0,105,0,16,0
08-07-2020,128,3,4,0,110,4,14,-1,105,0,19,3
08-08-2020,131,3,4,0,112,2,15,1,112,7,15,-4
08-09-2020,131,0,4,0,112,0,15,0,112,0,15,0
08-10-2020,133,2,4,0,113,1,16,1,113,1,16,1
08-11-2020,138,5,4,0,113,0,21,5,113,0,21,5
08-12-2020,138,0,4,0,113,0,21,0,113,0,21,0
08-13-2020,138,0,4,0,113,0,21,0,113,0,21,0
08-14-2020,146,8,4,0,114,1,28,7,114,1,28,7
08-15-2020,146,0,4,0,114,0,28,0,114,0,28,0
08-16-2020,146,0,4,0,114,0,28,0,114,0,28,0
08-17-2020,148,2,4,0,114,0,30,2,114,0,30,2
08-18-2020,148,0,4,0,116,2,28,-2,114,0,30,0
08-19-2020,148,0,4,0,118,2,26,-2,114,0,30,0
08-20-2020,148,0,4,0,118,0,26,0,114,0,30,0
08-21-2020,148,0,4,0,121,3,23,-3,114,0,30,0
08-22-2020,148,0,4,0,123,2,21,-2,114,0,30,0
08-23-2020,148,0,4,0,123,0,21,0,114,0,30,0
08-24-2020,148,0,4,0,125,2,19,-2,114,0,30,0
08-25-2020,148,0,4,0,129,4,15,-4,114,0,30,0
