date,Confirmed,newConfirmed,Deaths,newDeaths,Est.Recovered,newEst.Recovered,Est.Active,newEst.Active,Recovered,newRecovered,Active,newActive
01-22-2020,9,9,0,0,0,0,9,9,0,0,9,9
01-23-2020,16,7,0,0,0,0,16,7,0,0,16,7
01-24-2020,20,4,0,0,1,1,19,3,1,1,19,3
01-25-2020,40,20,1,1,1,0,38,19,1,0,38,19
01-26-2020,53,13,1,0,1,0,51,13,1,0,51,13
01-27-2020,66,13,1,0,3,2,62,11,3,2,62,11
01-28-2020,80,14,1,0,4,1,75,13,4,1,75,13
01-29-2020,101,21,1,0,5,1,95,20,5,1,95,20
01-30-2020,128,27,1,0,9,4,118,23,9,4,118,23
01-31-2020,135,7,1,0,9,0,125,7,9,0,125,7
02-01-2020,177,42,1,0,10,1,166,41,10,1,166,41
02-02-2020,193,16,1,0,10,0,182,16,10,0,182,16
02-03-2020,208,15,1,0,10,0,197,15,10,0,197,15
02-04-2020,233,25,1,0,12,2,220,23,12,2,220,23
02-05-2020,243,10,1,0,15,3,227,7,15,3,227,7
02-06-2020,269,26,1,0,25,10,243,16,25,10,243,16
02-07-2020,277,8,1,0,30,5,246,3,30,5,246,3
02-08-2020,292,15,1,0,41,11,250,4,41,11,250,4
02-09-2020,295,3,1,0,44,3,250,0,44,3,250,0
02-10-2020,299,4,1,0,52,8,246,-4,48,4,250,0
02-11-2020,306,7,1,0,63,11,242,-4,53,5,252,2
02-12-2020,313,7,1,0,80,17,232,-10,57,4,255,3
02-13-2020,318,5,1,0,102,22,215,-17,62,5,255,0
02-14-2020,326,8,1,0,108,6,217,2,90,28,235,-20
02-15-2020,328,2,1,0,142,34,185,-32,124,34,203,-32
02-16-2020,331,3,1,0,155,13,175,-10,140,16,190,-13
02-17-2020,333,2,1,0,167,12,165,-10,161,21,171,-19
02-18-2020,333,0,1,0,187,20,145,-20,177,16,155,-16
02-19-2020,333,0,2,1,196,9,135,-10,186,9,145,-10
02-20-2020,334,1,2,0,218,22,114,-21,211,25,121,-24
02-21-2020,334,0,3,1,227,9,104,-10,227,16,104,-17
02-22-2020,335,1,3,0,239,12,93,-11,227,0,105,1
02-23-2020,335,0,3,0,249,10,83,-10,249,22,83,-22
02-24-2020,335,0,3,0,261,12,71,-12,261,12,71,-12
02-25-2020,336,1,3,0,268,7,65,-6,268,7,65,-6
02-26-2020,337,1,3,0,272,4,62,-3,272,4,62,-3
02-27-2020,337,0,3,0,276,4,58,-4,276,4,58,-4
02-28-2020,337,0,3,0,279,3,55,-3,279,3,55,-3
02-29-2020,337,0,3,0,287,8,47,-8,287,8,47,-8
03-01-2020,337,0,3,0,292,5,42,-5,292,5,42,-5
03-02-2020,338,1,3,0,295,3,40,-2,292,0,43,1
03-03-2020,338,0,3,0,299,4,36,-4,294,2,41,-2
03-04-2020,338,0,3,0,301,2,34,-2,298,4,37,-4
03-05-2020,339,1,3,0,306,5,30,-4,303,5,33,-4
03-06-2020,342,3,3,0,307,1,32,2,306,3,33,0
03-07-2020,342,0,3,0,311,4,28,-4,306,0,33,0
03-08-2020,342,0,3,0,314,3,25,-3,314,8,25,-8
03-09-2020,342,0,3,0,315,1,24,-1,315,1,24,-1
03-10-2020,344,2,3,0,319,4,22,-2,319,4,22,-2
03-11-2020,344,0,3,0,320,1,21,-1,320,1,21,-1
03-12-2020,346,2,3,0,321,1,22,1,321,1,22,1
03-13-2020,350,4,3,0,324,3,23,1,324,3,23,1
03-14-2020,353,3,3,0,324,0,26,3,324,0,26,3
03-15-2020,355,2,3,0,325,1,27,1,324,0,28,2
03-16-2020,358,3,3,0,327,2,28,1,325,1,30,2
03-17-2020,361,3,3,0,329,2,29,1,325,0,33,3
03-18-2020,363,2,3,0,329,0,31,2,326,1,34,1
03-19-2020,371,8,3,0,331,2,37,6,326,0,42,8
03-20-2020,380,9,3,0,334,3,43,6,326,0,51,9
03-21-2020,394,14,4,1,334,0,56,13,327,1,63,12
03-22-2020,404,10,4,0,334,0,66,10,328,1,72,9
03-23-2020,413,9,4,0,334,0,75,9,329,1,80,8
03-24-2020,414,1,4,0,336,2,74,-1,330,1,80,0
03-25-2020,433,19,5,1,336,0,92,18,330,0,98,18
03-26-2020,451,18,5,0,338,2,108,16,331,1,115,17
03-27-2020,468,17,5,0,341,3,122,14,334,3,129,14
03-28-2020,485,17,5,0,344,3,136,14,334,0,146,17
03-29-2020,498,13,5,0,346,2,147,11,334,0,159,13
03-30-2020,498,0,5,0,348,2,145,-2,334,0,159,0
03-31-2020,516,18,6,1,350,2,160,15,341,7,169,10
04-01-2020,522,6,6,0,352,2,164,4,343,2,173,4
04-02-2020,522,0,6,0,358,6,158,-6,343,0,173,0
04-03-2020,526,4,6,0,366,8,154,-4,348,5,172,-1
04-04-2020,529,3,6,0,377,11,146,-8,356,8,167,-5
04-05-2020,531,2,6,0,385,8,140,-6,383,27,142,-25
04-06-2020,536,5,6,0,393,8,137,-3,389,6,141,-1
04-07-2020,543,7,7,1,406,13,130,-7,406,17,130,-11
04-08-2020,543,0,7,0,408,2,128,-2,406,0,130,0
04-09-2020,552,9,7,0,423,15,122,-6,422,16,123,-7
04-10-2020,555,3,7,0,437,14,111,-11,435,13,113,-10
04-11-2020,555,0,7,0,452,15,96,-15,435,0,113,0
04-12-2020,607,52,7,0,462,10,138,42,446,11,154,41
04-13-2020,618,11,7,0,463,1,148,10,446,0,165,11
04-14-2020,618,0,7,0,478,15,133,-15,446,0,165,0
04-15-2020,622,4,7,0,485,7,130,-3,485,39,130,-35
04-16-2020,628,6,7,0,489,4,132,2,489,4,132,2
04-17-2020,628,0,7,0,512,23,109,-23,512,23,109,-23
04-18-2020,628,0,7,0,512,0,109,0,512,0,109,0
04-19-2020,635,7,7,0,516,4,112,3,516,4,112,3
04-20-2020,638,3,7,0,530,14,101,-11,530,14,101,-11
04-21-2020,639,1,7,0,530,0,102,1,530,0,102,1
04-22-2020,639,0,7,0,530,0,102,0,530,0,102,0
04-23-2020,641,2,7,0,533,3,101,-1,533,3,101,-1
04-24-2020,641,0,7,0,533,0,101,0,533,0,101,0
04-25-2020,642,1,7,0,558,25,77,-24,558,25,77,-24
04-26-2020,642,0,7,0,572,14,63,-14,568,10,67,-10
04-27-2020,644,2,7,0,581,9,56,-7,581,13,56,-11
04-28-2020,645,1,7,0,584,3,54,-2,584,3,54,-2
04-29-2020,647,2,7,0,597,13,43,-11,597,13,43,-11
04-30-2020,652,5,7,0,599,2,46,3,599,2,46,3
05-01-2020,652,0,7,0,612,13,33,-13,612,13,33,-13
05-02-2020,652,0,7,0,612,0,33,0,612,0,33,0
05-03-2020,655,3,7,0,615,3,33,0,615,3,33,0
05-04-2020,655,0,7,0,619,4,29,-4,619,4,29,-4
05-05-2020,656,1,7,0,620,1,29,0,620,1,29,0
05-06-2020,657,1,7,0,623,3,27,-2,623,3,27,-2
05-07-2020,657,0,7,0,623,0,27,0,623,0,27,0
05-08-2020,657,0,7,0,623,0,27,0,623,0,27,0
05-09-2020,659,2,7,0,626,3,26,-1,626,3,26,-1
05-10-2020,659,0,7,0,627,1,25,-1,627,1,25,-1
05-11-2020,659,0,7,0,627,0,25,0,627,0,25,0
05-12-2020,660,1,7,0,631,4,22,-3,631,4,22,-3
05-13-2020,660,0,7,0,633,2,20,-2,633,2,20,-2
05-14-2020,660,0,7,0,638,5,15,-5,638,5,15,-5
05-15-2020,665,5,7,0,640,2,18,3,640,2,18,3
05-16-2020,665,0,7,0,641,1,17,-1,641,1,17,-1
05-17-2020,666,1,7,0,641,0,18,1,641,0,18,1
05-18-2020,666,0,7,0,641,0,18,0,641,0,18,0
05-19-2020,666,0,7,0,641,0,18,0,641,0,18,0
05-20-2020,666,0,7,0,641,0,18,0,641,0,18,0
05-21-2020,666,0,7,0,642,1,17,-1,641,0,18,0
05-22-2020,667,1,7,0,647,5,13,-4,647,6,13,-5
05-23-2020,667,0,7,0,647,0,13,0,647,0,13,0
05-24-2020,668,1,7,0,648,1,13,0,648,1,13,0
05-25-2020,669,1,7,0,652,4,10,-3,652,4,10,-3
05-26-2020,670,1,7,0,653,1,10,0,653,1,10,0
05-27-2020,671,1,7,0,655,2,9,-1,655,2,9,-1
05-28-2020,671,0,7,0,655,0,9,0,655,0,9,0
05-29-2020,672,1,7,0,657,2,8,-1,657,2,8,-1
05-30-2020,672,0,7,0,657,0,8,0,657,0,8,0
05-31-2020,672,0,7,0,657,0,8,0,657,0,8,0
06-01-2020,673,1,7,0,660,3,6,-2,660,3,6,-2
06-02-2020,673,0,7,0,661,1,5,-1,661,1,5,-1
06-03-2020,673,0,7,0,661,0,5,0,661,0,5,0
06-04-2020,677,4,7,0,662,1,8,3,662,1,8,3
06-05-2020,677,0,7,0,663,1,7,-1,663,1,7,-1
06-06-2020,677,0,7,0,663,0,7,0,663,0,7,0
06-07-2020,678,1,7,0,664,1,7,0,664,1,7,0
06-08-2020,678,0,7,0,664,0,7,0,664,0,7,0
06-09-2020,678,0,7,0,665,1,6,-1,665,1,6,-1
06-10-2020,678,0,7,0,665,0,6,0,665,0,6,0
06-11-2020,678,0,7,0,665,0,6,0,665,0,6,0
06-12-2020,678,0,7,0,665,0,6,0,665,0,6,0
06-13-2020,678,0,7,0,665,0,6,0,665,0,6,0
06-14-2020,678,0,7,0,665,0,6,0,665,0,6,0
06-15-2020,678,0,7,0,665,0,6,0,665,0,6,0
06-16-2020,536,-142,6,-1,530,-135,0,-6,383,-282,147,141
06-17-2020,536,0,6,0,530,0,0,0,383,0,147,0
06-18-2020,536,0,6,0,530,0,0,0,383,0,147,0
06-19-2020,536,0,6,0,530,0,0,0,383,0,147,0
06-20-2020,536,0,6,0,530,0,0,0,383,0,147,0
06-21-2020,536,0,6,0,530,0,0,0,383,0,147,0
06-22-2020,536,0,6,0,530,0,0,0,383,0,147,0
06-23-2020,536,0,6,0,530,0,0,0,383,0,147,0
06-24-2020,536,0,6,0,530,0,0,0,383,0,147,0
06-25-2020,536,0,6,0,530,0,0,0,383,0,147,0
06-26-2020,536,0,6,0,530,0,0,0,383,0,147,0
06-27-2020,536,0,6,0,530,0,0,0,383,0,147,0
06-28-2020,536,0,6,0,530,0,0,0,383,0,147,0
06-29-2020,536,0,6,0,530,0,0,0,383,0,147,0
06-30-2020,536,0,6,0,530,0,0,0,383,0,147,0
07-01-2020,536,0,6,0,530,0,0,0,383,0,147,0
07-02-2020,536,0,6,0,530,0,0,0,383,0,147,0
07-03-2020,712,176,7,1,675,145,30,30,675,292,30,-117
07-04-2020,712,0,7,0,675,0,30,0,675,0,30,0
07-05-2020,712,0,7,0,675,0,30,0,675,0,30,0
07-06-2020,712,0,7,0,675,0,30,0,675,0,30,0
07-07-2020,718,6,7,0,688,13,23,-7,688,13,23,-7
07-08-2020,718,0,7,0,688,0,23,0,688,0,23,0
07-09-2020,718,0,7,0,688,0,23,0,688,0,23,0
07-10-2020,718,0,7,0,688,0,23,0,688,0,23,0
07-11-2020,718,0,7,0,688,0,23,0,688,0,23,0
07-12-2020,718,0,7,0,688,0,23,0,688,0,23,0
07-13-2020,718,0,7,0,688,0,23,0,688,0,23,0
07-14-2020,718,0,7,0,688,0,23,0,688,0,23,0
07-15-2020,718,0,7,0,688,0,23,0,688,0,23,0
07-16-2020,718,0,7,0,688,0,23,0,688,0,23,0
07-17-2020,718,0,7,0,688,0,23,0,688,0,23,0
07-18-2020,733,15,7,0,701,13,25,2,701,13,25,2
07-19-2020,733,0,7,0,701,0,25,0,701,0,25,0
07-20-2020,733,0,7,0,701,0,25,0,701,0,25,0
07-21-2020,733,0,7,0,701,0,25,0,701,0,25,0
07-22-2020,733,0,7,0,701,0,25,0,701,0,25,0
07-23-2020,733,0,7,0,701,0,25,0,701,0,25,0
07-24-2020,733,0,7,0,701,0,25,0,701,0,25,0
07-25-2020,733,0,7,0,701,0,25,0,701,0,25,0
07-26-2020,733,0,7,0,701,0,25,0,701,0,25,0
07-27-2020,741,8,7,0,717,16,17,-8,717,16,17,-8
07-28-2020,741,0,7,0,717,0,17,0,717,0,17,0
07-29-2020,741,0,7,0,717,0,17,0,717,0,17,0
07-30-2020,741,0,7,0,717,0,17,0,717,0,17,0
07-31-2020,741,0,7,0,717,0,17,0,717,0,17,0
08-01-2020,741,0,7,0,717,0,17,0,717,0,17,0
08-02-2020,741,0,7,0,717,0,17,0,717,0,17,0
08-03-2020,741,0,7,0,717,0,17,0,717,0,17,0
08-04-2020,741,0,7,0,717,0,17,0,717,0,17,0
08-05-2020,741,0,7,0,717,0,17,0,717,0,17,0
08-06-2020,741,0,7,0,717,0,17,0,717,0,17,0
08-07-2020,741,0,7,0,717,0,17,0,717,0,17,0
08-08-2020,741,0,7,0,717,0,17,0,717,0,17,0
08-09-2020,741,0,7,0,717,0,17,0,717,0,17,0
08-10-2020,741,0,7,0,720,3,14,-3,717,0,17,0
08-11-2020,741,0,7,0,720,0,14,0,717,0,17,0
08-12-2020,741,0,7,0,720,0,14,0,717,0,17,0
08-13-2020,741,0,7,0,720,0,14,0,717,0,17,0
08-14-2020,741,0,7,0,729,9,5,-9,717,0,17,0
08-15-2020,741,0,7,0,731,2,3,-2,717,0,17,0
08-16-2020,741,0,7,0,731,0,3,0,717,0,17,0
08-17-2020,741,0,7,0,731,0,3,0,717,0,17,0
08-18-2020,741,0,7,0,731,0,3,0,717,0,17,0
08-19-2020,741,0,7,0,731,0,3,0,717,0,17,0
08-20-2020,741,0,7,0,731,0,3,0,717,0,17,0
08-21-2020,741,0,7,0,731,0,3,0,717,0,17,0
08-22-2020,741,0,7,0,731,0,3,0,717,0,17,0
08-23-2020,741,0,7,0,731,0,3,0,717,0,17,0
08-24-2020,741,0,7,0,732,1,2,-1,717,0,17,0
08-25-2020,741,0,7,0,732,0,2,0,717,0,17,0
