date,Confirmed,newConfirmed,Deaths,newDeaths,Est.Recovered,newEst.Recovered,Est.Active,newEst.Active,Recovered,newRecovered,Active,newActive
03-02-2020,1,1,0,0,0,0,1,1,-1,-1,-1,-1
03-03-2020,1,0,0,0,0,0,1,0,-1,-1,-1,-1
03-04-2020,4,3,0,0,0,0,4,3,-1,-1,-1,-1
03-05-2020,4,0,0,0,0,0,4,0,-1,-1,-1,-1
03-06-2020,4,0,0,0,0,0,4,0,-1,-1,-1,-1
03-07-2020,4,0,0,0,0,0,4,0,-1,-1,-1,-1
03-08-2020,4,0,0,0,0,0,4,0,-1,-1,-1,-1
03-09-2020,4,0,0,0,0,0,4,0,-1,-1,-1,-1
03-10-2020,4,0,0,0,0,0,4,0,-1,-1,-1,-1
03-11-2020,4,0,0,0,0,0,4,0,-1,-1,-1,-1
03-12-2020,10,6,0,0,0,0,10,6,-1,-1,-1,-1
03-13-2020,10,0,0,0,0,0,10,0,-1,-1,-1,-1
03-14-2020,21,11,0,0,0,0,21,11,-1,-1,-1,-1
03-15-2020,26,5,0,0,0,0,26,5,-1,-1,-1,-1
03-16-2020,26,0,0,0,0,0,26,0,-1,-1,-1,-1
03-17-2020,27,1,0,0,0,0,27,1,-1,-1,-1,-1
03-18-2020,36,9,0,0,3,3,33,6,-1,-1,-1,-1
03-19-2020,38,2,0,0,3,0,35,2,-1,-1,-1,-1
03-20-2020,38,0,0,0,3,0,35,0,-1,-1,-1,-1
03-21-2020,56,18,0,0,3,0,53,18,-1,-1,-1,-1
03-22-2020,56,0,0,0,3,0,53,0,-1,-1,-1,-1
03-23-2020,67,11,0,0,3,0,64,11,-1,-1,-1,-1
03-24-2020,79,12,0,0,3,0,76,12,-1,-1,-1,-1
03-25-2020,86,7,0,0,3,0,83,7,-1,-1,-1,-1
03-26-2020,99,13,0,0,8,5,91,8,-1,-1,-1,-1
03-27-2020,105,6,0,0,8,0,97,6,-1,-1,-1,-1
03-28-2020,119,14,0,0,17,9,102,5,-1,-1,-1,-1
03-29-2020,130,11,0,0,21,4,109,7,-1,-1,-1,-1
03-30-2020,142,12,0,0,21,0,121,12,-1,-1,-1,-1
03-31-2020,162,20,0,0,22,1,140,19,-1,-1,-1,-1
04-01-2020,175,13,0,0,29,7,146,6,-1,-1,-1,-1
04-02-2020,190,15,1,1,30,1,159,13,-1,-1,-1,-1
04-03-2020,195,5,1,0,30,0,164,5,-1,-1,-1,-1
04-04-2020,219,24,2,1,43,13,174,10,-1,-1,-1,-1
04-05-2020,219,0,2,0,43,0,174,0,-1,-1,-1,-1
04-06-2020,226,7,2,0,52,9,172,-2,-1,-1,-1,-1
04-07-2020,226,0,2,0,62,10,162,-10,-1,-1,-1,-1
04-08-2020,237,11,2,0,68,6,167,5,-1,-1,-1,-1
04-09-2020,244,7,2,0,79,11,163,-4,-1,-1,-1,-1
04-10-2020,250,6,2,0,84,5,164,1,-1,-1,-1,-1
04-11-2020,265,15,2,0,97,13,166,2,-1,-1,-1,-1
04-12-2020,278,13,2,0,106,9,170,4,-1,-1,-1,-1
04-13-2020,280,2,2,0,116,10,162,-8,-1,-1,-1,-1
04-14-2020,291,11,2,0,133,17,156,-6,-1,-1,-1,-1
04-15-2020,299,8,2,0,144,11,153,-3,-1,-1,-1,-1
04-16-2020,314,15,2,0,157,13,155,2,-1,-1,-1,-1
04-17-2020,335,21,2,0,161,4,172,17,-1,-1,-1,-1
04-18-2020,342,7,3,1,182,21,157,-15,-1,-1,-1,-1
04-19-2020,350,8,3,0,182,0,165,8,-1,-1,-1,-1
04-20-2020,367,17,3,0,189,7,175,10,-1,-1,-1,-1
04-21-2020,377,10,5,2,189,0,183,8,-1,-1,-1,-1
04-22-2020,412,35,5,0,199,10,208,25,-1,-1,-1,-1
04-23-2020,442,30,6,1,206,7,230,22,-1,-1,-1,-1
04-24-2020,479,37,6,0,211,5,262,32,-1,-1,-1,-1
04-25-2020,545,66,7,1,225,14,313,51,-1,-1,-1,-1
04-26-2020,614,69,7,0,237,12,370,57,-1,-1,-1,-1
04-27-2020,671,57,9,2,238,1,424,54,-1,-1,-1,-1
04-28-2020,735,64,9,0,250,12,476,52,-1,-1,-1,-1
04-29-2020,823,88,9,0,259,9,555,79,-1,-1,-1,-1
04-30-2020,882,59,9,0,273,14,600,45,-1,-1,-1,-1
05-01-2020,933,51,9,0,291,18,633,33,-1,-1,-1,-1
05-02-2020,1024,91,9,0,301,10,714,81,-1,-1,-1,-1
05-03-2020,1113,89,9,0,307,6,797,83,-1,-1,-1,-1
05-04-2020,1271,158,9,0,323,16,939,142,-1,-1,-1,-1
05-05-2020,1271,0,10,1,330,7,931,-8,-1,-1,-1,-1
05-06-2020,1329,58,11,1,360,30,958,27,-1,-1,-1,-1
05-07-2020,1433,104,12,1,385,25,1036,78,-1,-1,-1,-1
05-08-2020,1492,59,13,1,415,30,1064,28,-1,-1,-1,-1
05-09-2020,1551,59,13,0,471,56,1067,3,-1,-1,-1,-1
05-10-2020,1634,83,17,4,525,54,1092,25,-1,-1,-1,-1
05-11-2020,1709,75,19,2,570,45,1120,28,-1,-1,-1,-1
05-12-2020,1886,177,19,0,625,55,1242,122,-1,-1,-1,-1
05-13-2020,1995,109,19,0,698,73,1278,36,-1,-1,-1,-1
05-14-2020,2105,110,22,3,745,47,1338,60,-1,-1,-1,-1
05-15-2020,2189,84,23,1,789,44,1377,39,-1,-1,-1,-1
05-16-2020,2310,121,23,0,865,76,1422,45,-1,-1,-1,-1
05-17-2020,2429,119,25,2,936,71,1468,46,-1,-1,-1,-1
05-18-2020,2480,51,25,0,1067,131,1388,-80,-1,-1,-1,-1
05-19-2020,2544,64,26,1,1067,0,1451,63,-1,-1,-1,-1
05-20-2020,2617,73,30,4,1116,49,1471,20,-1,-1,-1,-1
05-21-2020,2714,97,30,0,1204,88,1480,9,-1,-1,-1,-1
05-22-2020,2815,101,33,3,1255,51,1527,47,-1,-1,-1,-1
05-23-2020,2909,94,33,0,1312,57,1564,37,-1,-1,-1,-1
05-24-2020,2976,67,34,1,1389,77,1553,-11,-1,-1,-1,-1
05-25-2020,3047,71,35,1,1457,68,1555,2,-1,-1,-1,-1
05-26-2020,3130,83,35,0,1610,153,1485,-70,-1,-1,-1,-1
05-27-2020,3161,31,37,2,1709,99,1415,-70,-1,-1,-1,-1
05-28-2020,3253,92,39,2,1805,96,1409,-6,-1,-1,-1,-1
05-29-2020,3348,95,41,2,1879,74,1428,19,-1,-1,-1,-1
05-30-2020,3429,81,41,0,1990,111,1398,-30,-1,-1,-1,-1
05-31-2020,3535,106,42,1,2098,108,1395,-3,-1,-1,-1,-1
06-01-2020,3645,110,42,0,2163,65,1440,45,-1,-1,-1,-1
06-02-2020,3739,94,42,0,2215,52,1482,42,-1,-1,-1,-1
06-03-2020,3836,97,43,1,2283,68,1510,28,-1,-1,-1,-1
06-04-2020,3932,96,45,2,2376,93,1511,1,-1,-1,-1,-1
06-05-2020,4021,89,45,0,2467,91,1509,-2,-1,-1,-1,-1
06-06-2020,4155,134,45,0,2555,88,1555,46,-1,-1,-1,-1
06-07-2020,4249,94,47,2,2623,68,1579,24,-1,-1,-1,-1
06-08-2020,4328,79,49,2,2691,68,1588,9,-1,-1,-1,-1
06-09-2020,4430,102,49,0,2787,96,1594,6,-1,-1,-1,-1
06-10-2020,4640,210,52,3,2885,98,1703,109,2885,-1,1703,-1
06-11-2020,4759,119,54,2,2994,109,1711,8,2994,109,1711,8
06-12-2020,4851,92,55,1,3100,106,1696,-15,3100,106,1696,-15
06-13-2020,4996,145,56,1,3228,128,1712,16,3228,128,1712,16
06-14-2020,4996,0,60,4,3228,0,1708,-4,3228,0,1708,-4
06-15-2020,5173,177,60,0,3424,196,1689,-19,3424,196,1689,-19
06-16-2020,5247,74,60,0,3525,101,1662,-27,3525,101,1662,-27
06-17-2020,5369,122,73,13,3606,81,1690,28,3606,81,1690,28
06-18-2020,5475,106,73,0,3716,110,1686,-4,3716,110,1686,-4
06-19-2020,5639,164,76,3,3788,72,1775,89,3788,72,1775,89
06-20-2020,5783,144,79,3,3859,71,1845,70,3859,71,1845,70
06-21-2020,5888,105,82,3,3919,60,1887,42,3919,60,1887,42
06-22-2020,5970,82,84,2,3953,34,1933,46,3953,34,1933,46
06-23-2020,6034,64,86,2,4046,93,1902,-31,4046,93,1902,-31
06-24-2020,6129,95,89,3,4211,165,1829,-73,4072,26,1968,66
06-25-2020,6233,104,93,4,4322,111,1818,-11,4162,90,1978,10
06-26-2020,6354,121,94,1,4413,91,1847,29,4193,31,2067,89
06-27-2020,6354,0,98,4,4544,131,1712,-135,4193,0,2063,-4
06-28-2020,6586,232,102,4,4561,17,1923,211,4291,98,2193,130
06-29-2020,6698,112,105,3,4719,158,1874,-49,4341,50,2252,59
06-30-2020,6793,95,108,3,4792,73,1893,19,4431,90,2254,2
07-01-2020,6925,132,112,4,4904,112,1909,16,4545,114,2268,14
07-02-2020,6925,0,116,4,5004,100,1805,-104,4545,0,2264,-4
07-03-2020,7164,239,121,5,5150,146,1893,88,4666,121,2377,113
07-04-2020,7272,108,125,4,5286,136,1861,-32,4713,47,2434,57
07-05-2020,7400,128,129,4,5383,97,1888,27,4870,157,2401,-33
07-06-2020,7478,78,133,4,5460,77,1885,-3,4909,39,2436,35
07-07-2020,7478,0,136,3,5528,68,1814,-71,4909,0,2433,-3
07-08-2020,7657,179,141,5,5631,103,1885,71,5097,188,2419,-14
07-09-2020,7657,0,141,0,5736,105,1780,-105,5097,0,2419,0
07-10-2020,7882,225,143,2,5850,114,1889,109,5311,214,2428,9
07-11-2020,7882,0,145,2,5872,22,1865,-24,5311,0,2426,-2
07-12-2020,8014,132,145,0,6065,193,1804,-61,5311,0,2558,132
07-13-2020,8198,184,150,5,6181,116,1867,63,5514,203,2534,-24
07-14-2020,8198,0,150,0,6273,92,1775,-92,5514,0,2534,0
07-15-2020,8243,45,150,0,6402,129,1691,-84,5514,0,2579,45
07-16-2020,8369,126,153,3,6419,17,1797,106,5514,0,2702,123
07-17-2020,8481,112,156,3,6637,218,1688,-109,5735,221,2590,-112
07-18-2020,8669,188,160,4,6747,110,1762,74,5859,124,2650,60
07-19-2020,8669,0,163,3,6867,120,1639,-123,5859,0,2647,-3
07-20-2020,8948,279,167,4,6942,75,1839,200,6002,143,2779,132
07-21-2020,8985,37,174,7,6949,7,1862,23,6044,42,2767,-12
07-22-2020,9121,136,174,0,7118,169,1829,-33,6108,64,2839,72
07-23-2020,9266,145,177,3,7135,17,1954,125,6170,62,2919,80
07-24-2020,9422,156,178,1,7338,203,1906,-48,6291,121,2953,34
07-25-2020,9552,130,182,4,7341,3,2029,123,6364,73,3006,53
07-26-2020,9681,129,187,5,7476,135,2018,-11,6409,45,3085,79
07-27-2020,9764,83,191,4,7645,169,1928,-90,6477,68,3096,11
07-28-2020,9805,41,194,3,7659,14,1952,24,6591,114,3020,-76
07-29-2020,9961,156,198,4,7716,57,2047,95,6655,64,3108,88
07-30-2020,10106,145,200,2,7822,106,2084,37,6725,70,3181,73
07-31-2020,10232,126,204,4,7950,128,2078,-6,6776,51,3252,71
08-01-2020,10284,52,205,1,8124,174,1955,-123,6822,46,3257,5
08-02-2020,10344,60,209,4,8143,19,1992,37,6838,16,3297,40
08-03-2020,10386,42,209,0,8384,241,1793,-199,6901,63,3276,-21
08-04-2020,10432,46,211,2,8415,31,1806,13,6920,19,3301,25
08-05-2020,10432,0,214,3,8552,137,1666,-140,6920,0,3298,-3
08-06-2020,10715,283,218,4,8671,119,1826,160,7101,181,3396,98
08-07-2020,10887,172,223,5,8830,159,1834,8,7186,85,3478,82
08-08-2020,11033,146,225,2,8933,103,1875,41,7329,143,3479,1
08-09-2020,11175,142,229,4,9063,130,1883,8,7352,23,3594,115
08-10-2020,11312,137,232,3,9159,96,1921,38,7390,38,3690,96
08-11-2020,11380,68,236,4,9193,34,1951,30,7449,59,3695,5
08-12-2020,11587,207,238,2,9330,137,2019,68,7523,74,3826,131
08-13-2020,11740,153,242,4,9461,131,2037,18,7572,49,3926,100
08-14-2020,11872,132,244,2,9589,128,2039,2,7615,43,4013,87
08-15-2020,12032,160,249,5,9658,69,2125,86,7637,22,4146,133
08-16-2020,12162,130,251,2,9711,53,2200,75,7677,40,4234,88
08-17-2020,12162,0,253,2,9786,75,2123,-77,7677,0,4232,-2
08-18-2020,12305,143,256,3,9825,39,2224,101,7767,90,4282,50
08-19-2020,12305,0,256,0,9853,28,2196,-28,7767,0,4282,0
08-20-2020,12446,141,258,2,10101,248,2087,-109,7767,0,4421,139
08-21-2020,12689,243,262,4,10269,168,2158,71,8165,398,4262,-159
08-22-2020,12689,0,262,0,10406,137,2021,-137,8165,0,4262,0
08-23-2020,12949,260,269,7,10538,132,2142,121,8455,290,4225,-37
08-24-2020,12949,0,269,0,10670,132,2010,-132,8455,0,4225,0
08-25-2020,13013,64,272,3,10728,58,2013,3,8455,0,4286,61
