date,Confirmed,newConfirmed,Deaths,newDeaths,Est.Recovered,newEst.Recovered,Est.Active,newEst.Active,Recovered,newRecovered,Active,newActive
03-12-2020,1,1,0,0,0,0,1,1,0,0,1,1
03-13-2020,3,2,0,0,0,0,3,2,0,0,3,2
03-14-2020,6,3,0,0,0,0,6,3,0,0,6,3
03-15-2020,12,6,0,0,0,0,12,6,0,0,12,6
03-16-2020,17,5,0,0,0,0,17,5,0,0,17,5
03-17-2020,32,15,0,0,0,0,32,15,0,0,32,15
03-18-2020,42,10,0,0,0,0,42,10,0,0,42,10
03-19-2020,52,10,0,0,0,0,52,10,0,0,52,10
03-20-2020,56,4,0,0,0,0,56,4,0,0,56,4
03-21-2020,70,14,0,0,0,0,70,14,0,0,70,14
03-22-2020,89,19,0,0,0,0,89,19,0,0,89,19
03-23-2020,107,18,0,0,0,0,107,18,0,0,107,18
03-24-2020,118,11,0,0,0,0,118,11,0,0,118,11
03-25-2020,142,24,0,0,0,0,142,24,0,0,142,24
03-26-2020,155,13,0,0,0,0,155,13,0,0,155,13
03-27-2020,168,13,1,1,1,1,166,11,0,0,167,12
03-28-2020,211,43,1,0,3,2,207,41,0,0,210,43
03-29-2020,253,42,3,2,6,3,244,37,0,0,250,40
03-30-2020,275,22,3,0,10,4,262,18,0,0,272,22
03-31-2020,303,28,5,2,20,10,278,16,0,0,298,26
04-01-2020,344,41,7,2,27,7,310,32,0,0,337,39
04-02-2020,376,32,7,0,35,8,334,24,0,0,369,32
04-03-2020,432,56,9,2,36,1,387,53,0,0,423,54
04-04-2020,456,24,10,1,46,10,400,13,0,0,446,23
04-05-2020,470,14,10,0,62,16,398,-2,0,0,460,14
04-06-2020,499,29,10,0,76,14,413,15,0,0,489,29
04-07-2020,519,20,12,2,176,100,331,-82,176,176,331,-158
04-08-2020,537,18,14,2,187,11,336,5,187,11,336,5
04-09-2020,560,23,16,2,202,15,342,6,202,15,342,6
04-10-2020,586,26,17,1,246,44,323,-19,246,44,323,-19
04-11-2020,616,30,19,2,256,10,341,18,256,10,341,18
04-12-2020,633,17,19,0,266,10,348,7,266,10,348,7
04-13-2020,698,65,19,0,273,7,406,58,273,7,406,58
04-14-2020,734,36,21,2,292,19,421,15,292,19,421,15
04-15-2020,770,36,24,3,305,13,441,20,305,13,441,20
04-16-2020,796,26,27,3,333,28,436,-5,333,28,436,-5
04-17-2020,827,31,29,2,352,19,446,10,352,19,446,10
04-18-2020,847,20,32,3,382,30,433,-13,382,30,433,-13
04-19-2020,867,20,34,2,393,11,440,7,393,11,440,7
04-20-2020,875,8,35,1,435,42,405,-35,435,42,405,-35
04-21-2020,888,13,36,1,443,8,409,4,443,8,409,4
04-22-2020,907,19,39,3,455,12,413,4,455,12,413,4
04-23-2020,937,30,44,5,485,30,408,-5,485,30,408,-5
04-24-2020,965,28,47,3,499,14,419,11,499,14,419,11
04-25-2020,990,25,50,3,519,20,421,2,519,20,421,2
04-26-2020,1015,25,50,0,519,0,446,25,519,0,446,25
04-27-2020,1023,8,51,1,553,34,419,-27,549,30,423,-23
04-28-2020,1040,17,51,0,587,34,402,-17,585,36,404,-19
04-29-2020,1056,16,52,1,621,34,383,-19,615,30,389,-15
04-30-2020,1095,39,53,1,647,26,395,12,631,16,411,22
05-01-2020,1123,28,55,2,678,31,390,-5,657,26,411,0
05-02-2020,1153,30,56,1,697,19,400,10,689,32,408,-3
05-03-2020,1185,32,57,1,715,18,413,13,706,17,422,14
05-04-2020,1205,20,57,0,726,11,422,9,720,14,428,6
05-05-2020,1226,21,61,4,741,15,424,2,741,21,424,-4
05-06-2020,1254,28,62,1,766,25,426,2,766,25,426,2
05-07-2020,1330,76,62,0,787,21,481,55,787,21,481,55
05-08-2020,1374,44,63,1,836,49,475,-6,836,49,475,-6
05-09-2020,1408,34,64,1,857,21,487,12,857,21,487,12
05-10-2020,1436,28,64,0,861,4,511,24,861,4,511,24
05-11-2020,1462,26,65,1,875,14,522,11,872,11,525,14
05-12-2020,1477,15,65,0,913,38,499,-23,913,41,499,-26
05-13-2020,1515,38,66,1,943,30,506,7,943,30,506,7
05-14-2020,1565,50,69,3,958,15,538,32,958,15,538,32
05-15-2020,1603,38,69,0,993,35,541,3,993,35,541,3
05-16-2020,1648,45,70,1,1012,19,566,25,1012,19,566,25
05-17-2020,1687,39,70,0,1034,22,583,17,1028,16,589,23
05-18-2020,1713,26,71,1,1053,19,589,6,1053,25,589,0
05-19-2020,1741,28,73,2,1088,35,580,-9,1088,35,580,-9
05-20-2020,1819,78,73,0,1110,22,636,56,1110,22,636,56
05-21-2020,1877,58,73,0,1163,53,641,5,1145,35,659,23
05-22-2020,1948,71,75,2,1202,39,671,30,1192,47,681,22
05-23-2020,2013,65,77,2,1232,30,704,33,1232,40,704,23
05-24-2020,2055,42,78,1,1263,31,714,10,1263,31,714,10
05-25-2020,2074,19,78,0,1290,27,706,-8,1290,27,706,-8
05-26-2020,2109,35,79,1,1318,28,712,6,1318,28,712,6
05-27-2020,2137,28,81,2,1357,39,699,-13,1357,39,699,-13
05-28-2020,2189,52,84,3,1402,45,703,4,1402,45,703,4
05-29-2020,2226,37,85,1,1459,57,682,-21,1459,57,682,-21
05-30-2020,2282,56,89,4,1505,46,688,6,1505,46,688,6
05-31-2020,2325,43,89,0,1552,47,684,-4,1552,47,684,-4
06-01-2020,2349,24,89,0,1586,34,674,-10,1586,34,674,-10
06-02-2020,2377,28,94,5,1646,60,637,-37,1646,60,637,-37
06-03-2020,2418,41,95,1,1699,53,624,-13,1699,53,624,-13
06-04-2020,2446,28,95,0,1739,40,612,-12,1739,40,612,-12
06-05-2020,2482,36,98,3,1797,58,587,-25,1797,58,587,-25
06-06-2020,2524,42,98,0,1845,48,581,-6,1845,48,581,-6
06-07-2020,2570,46,99,1,1864,19,607,26,1864,19,607,26
06-08-2020,2588,18,99,0,1891,27,598,-9,1891,27,598,-9
06-09-2020,2606,18,100,1,1992,101,514,-84,1992,101,514,-84
06-10-2020,2637,31,100,0,2023,31,514,0,2023,31,514,0
06-11-2020,2667,30,100,0,2062,39,505,-9,2062,39,505,-9
06-12-2020,2721,54,100,0,2105,43,516,11,2105,43,516,11
06-13-2020,2757,36,100,0,2152,47,505,-11,2152,47,505,-11
06-14-2020,2793,36,100,0,2173,21,520,15,2173,21,520,15
06-15-2020,2810,17,101,1,2189,16,520,0,2189,16,520,0
06-16-2020,2819,9,101,0,2233,44,485,-35,2233,44,485,-35
06-17-2020,2836,17,102,1,2275,42,459,-26,2275,42,459,-26
06-18-2020,2878,42,102,0,2300,25,476,17,2300,25,476,17
06-19-2020,2913,35,102,0,2323,23,488,12,2323,23,488,12
06-20-2020,2938,25,102,0,2380,57,456,-32,2380,57,456,-32
06-21-2020,2957,19,102,0,2391,11,464,8,2391,11,464,8
06-22-2020,2971,14,102,0,2409,18,460,-4,2409,18,460,-4
06-23-2020,2996,25,102,0,2443,34,451,-9,2443,34,451,-9
06-24-2020,3017,21,103,1,2490,47,424,-27,2490,47,424,-27
06-25-2020,3070,53,103,0,2512,22,455,31,2512,22,455,31
06-26-2020,3102,32,103,0,2542,30,457,2,2542,30,457,2
06-27-2020,3154,52,104,1,2566,24,484,27,2566,24,484,27
06-28-2020,3191,37,104,0,2577,11,510,26,2577,11,510,26
06-29-2020,3219,28,105,1,2618,41,496,-14,2618,41,496,-14
06-30-2020,3253,34,105,0,2646,28,502,6,2646,28,502,6
07-01-2020,3294,41,105,0,2671,25,518,16,2671,25,518,16
07-02-2020,3328,34,105,0,2698,27,525,7,2698,27,525,7
07-03-2020,3373,45,105,0,2731,33,537,12,2731,33,537,12
07-04-2020,3397,24,107,2,2751,20,539,2,2751,20,539,2
07-05-2020,3415,18,109,2,2772,21,534,-5,2772,21,534,-5
07-06-2020,3423,8,109,0,2787,15,527,-7,2787,15,527,-7
07-07-2020,3440,17,110,1,2816,29,514,-13,2816,29,514,-13
07-08-2020,3460,20,110,0,2856,40,494,-20,2856,40,494,-20
07-09-2020,3486,26,111,1,2901,45,474,-20,2901,45,474,-20
07-10-2020,3499,13,111,0,2931,30,457,-17,2931,30,457,-17
07-11-2020,3520,21,112,1,2972,41,436,-21,2972,41,436,-21
07-12-2020,3539,19,114,2,2994,22,431,-5,2994,22,431,-5
07-13-2020,3558,19,114,0,3009,15,435,4,3009,15,435,4
07-14-2020,3566,8,114,0,3062,53,390,-45,3062,53,390,-45
07-15-2020,3578,12,114,0,3080,18,384,-6,3080,18,384,-6
07-16-2020,3598,20,114,0,3106,26,378,-6,3096,16,388,4
07-17-2020,3636,38,115,1,3149,43,372,-6,3114,18,407,19
07-18-2020,3646,10,117,2,3172,23,357,-15,3136,22,393,-14
07-19-2020,3687,41,117,0,3191,19,379,22,3148,12,422,29
07-20-2020,3711,24,117,0,3200,9,394,15,3159,11,435,13
07-21-2020,3723,12,118,1,3218,18,387,-7,3191,32,414,-21
07-22-2020,3723,0,118,0,3238,20,367,-20,3217,26,388,-26
07-23-2020,3737,14,118,0,3268,30,351,-16,3241,24,378,-10
07-24-2020,3759,22,118,0,3286,18,355,4,3260,19,381,3
07-25-2020,3790,31,119,1,3311,25,360,5,3281,21,390,9
07-26-2020,3814,24,119,0,3333,22,362,2,3284,3,411,21
07-27-2020,3832,18,119,0,3354,21,359,-3,3292,8,421,10
07-28-2020,3838,6,121,2,3363,9,354,-5,3319,27,398,-23
07-29-2020,3866,28,121,0,3380,17,365,11,3336,17,409,11
07-30-2020,3888,22,122,1,3402,22,364,-1,3347,11,419,10
07-31-2020,3912,24,123,1,3440,38,349,-15,3363,16,426,7
08-01-2020,3937,25,123,0,3452,12,362,13,3379,16,435,9
08-02-2020,3958,21,123,0,3489,37,346,-16,3389,10,446,11
08-03-2020,3970,12,124,1,3509,20,337,-9,3396,7,450,4
08-04-2020,3975,5,123,-1,3524,15,328,-9,3419,23,433,-17
08-05-2020,3992,17,124,1,3526,2,342,14,3456,37,412,-21
08-06-2020,3997,5,124,0,3544,18,329,-13,3475,19,398,-14
08-07-2020,4014,17,124,0,3565,21,325,-4,3479,4,411,13
08-08-2020,4026,12,125,1,3595,30,306,-19,3501,22,400,-11
08-09-2020,4042,16,125,0,3619,24,298,-8,3512,11,405,5
08-10-2020,4049,7,125,0,3637,18,287,-11,3537,25,387,-18
08-11-2020,4050,1,126,1,3644,7,280,-7,3560,23,364,-23
08-12-2020,4070,20,126,0,3671,27,273,-7,3597,37,347,-17
08-13-2020,4089,19,126,0,3693,22,270,-3,3610,13,353,6
08-14-2020,4115,26,126,0,3720,27,269,-1,3604,-6,385,32
08-15-2020,4144,29,127,1,3742,22,275,6,3616,12,401,16
08-16-2020,4168,24,127,0,3765,23,276,1,3624,8,417,16
08-17-2020,4197,29,127,0,3779,14,291,15,3638,14,432,15
08-18-2020,4213,16,127,0,3785,6,301,10,3649,11,437,5
08-19-2020,4234,21,127,0,3800,15,307,6,3662,13,445,8
08-20-2020,4253,19,128,1,3807,7,318,11,3679,17,446,1
08-21-2020,4285,32,128,0,3824,17,333,15,3697,18,460,14
08-22-2020,4313,28,129,1,3838,14,346,13,3717,20,467,7
08-23-2020,4335,22,131,2,3853,15,351,5,3732,15,472,5
08-24-2020,4353,18,131,0,3863,10,359,8,3757,25,465,-7
08-25-2020,4353,0,131,0,3865,2,357,-2,3757,0,465,0
