date,Confirmed,newConfirmed,Deaths,newDeaths,Est.Recovered,newEst.Recovered,Est.Active,newEst.Active,Recovered,newRecovered,Active,newActive
03-24-2020,2,2,0,0,0,0,2,2,-1,-1,-1,-1
03-25-2020,3,1,0,0,0,0,3,1,-1,-1,-1,-1
03-26-2020,3,0,0,0,0,0,3,0,-1,-1,-1,-1
03-27-2020,5,2,0,0,0,0,5,2,-1,-1,-1,-1
03-28-2020,5,0,0,0,0,0,5,0,-1,-1,-1,-1
03-29-2020,8,3,0,0,0,0,8,3,-1,-1,-1,-1
03-30-2020,10,2,0,0,0,0,10,2,-1,-1,-1,-1
03-31-2020,14,4,0,0,0,0,14,4,-1,-1,-1,-1
04-01-2020,15,1,1,1,-1,-1,15,1,-1,-1,-1,-1
04-02-2020,16,1,1,0,-1,0,16,1,-1,-1,-1,-1
04-03-2020,20,4,1,0,-1,0,20,4,-1,-1,-1,-1
04-04-2020,20,0,1,0,-1,0,20,0,-1,-1,-1,-1
04-05-2020,21,1,1,0,-1,0,21,1,-1,-1,-1,-1
04-06-2020,21,0,1,0,-1,0,21,0,-1,-1,-1,-1
04-07-2020,22,1,1,0,0,1,21,0,-1,-1,-1,-1
04-08-2020,22,0,3,2,0,0,19,-2,-1,-1,-1,-1
04-09-2020,22,0,3,0,0,0,19,0,-1,-1,-1,-1
04-10-2020,27,5,3,0,1,1,23,4,-1,-1,-1,-1
04-11-2020,28,1,3,0,1,0,24,1,-1,-1,-1,-1
04-12-2020,38,10,3,0,3,2,32,8,-1,-1,-1,-1
04-13-2020,41,3,4,1,4,1,33,1,-1,-1,-1,-1
04-14-2020,62,21,4,0,7,3,51,18,-1,-1,-1,-1
04-15-2020,74,12,4,0,8,1,62,11,-1,-1,-1,-1
04-16-2020,85,11,4,0,8,0,73,11,-1,-1,-1,-1
04-17-2020,85,0,4,0,12,4,69,-4,-1,-1,-1,-1
04-18-2020,94,9,5,1,11,-1,78,9,-1,-1,-1,-1
04-19-2020,107,13,5,0,12,1,90,12,-1,-1,-1,-1
04-20-2020,111,4,5,0,12,0,94,4,-1,-1,-1,-1
04-21-2020,119,8,5,0,13,1,101,7,-1,-1,-1,-1
04-22-2020,121,2,5,0,13,0,103,2,-1,-1,-1,-1
04-23-2020,127,6,5,0,13,0,109,6,-1,-1,-1,-1
04-24-2020,139,12,5,0,17,4,117,8,-1,-1,-1,-1
04-25-2020,144,5,5,0,18,1,121,4,-1,-1,-1,-1
04-26-2020,146,2,5,0,26,8,115,-6,-1,-1,-1,-1
04-27-2020,146,0,5,0,29,3,112,-3,-1,-1,-1,-1
04-28-2020,146,0,5,0,47,18,94,-18,-1,-1,-1,-1
04-29-2020,150,4,5,0,57,10,88,-6,-1,-1,-1,-1
04-30-2020,150,0,6,1,65,8,79,-9,-1,-1,-1,-1
05-01-2020,151,1,6,0,65,0,80,1,-1,-1,-1,-1
05-02-2020,151,0,6,0,72,7,73,-7,-1,-1,-1,-1
05-03-2020,151,0,6,0,83,11,62,-11,-1,-1,-1,-1
05-04-2020,155,4,6,0,86,3,63,1,-1,-1,-1,-1
05-05-2020,161,6,6,0,93,7,62,-1,-1,-1,-1,-1
05-06-2020,161,0,6,0,95,2,60,-2,-1,-1,-1,-1
05-07-2020,162,1,6,0,100,5,56,-4,-1,-1,-1,-1
05-08-2020,176,14,6,0,110,10,60,4,-1,-1,-1,-1
05-09-2020,177,1,6,0,114,4,57,-3,-1,-1,-1,-1
05-10-2020,178,1,6,0,117,3,55,-2,-1,-1,-1,-1
05-11-2020,180,2,6,0,118,1,56,1,-1,-1,-1,-1
05-12-2020,180,0,6,0,121,3,53,-3,-1,-1,-1,-1
05-13-2020,180,0,6,0,126,5,48,-5,-1,-1,-1,-1
05-14-2020,181,1,6,0,128,2,47,-1,-1,-1,-1,-1
05-15-2020,181,0,6,0,129,1,46,-1,-1,-1,-1,-1
05-16-2020,182,1,6,0,130,1,46,0,-1,-1,-1,-1
05-17-2020,184,2,6,0,132,2,46,0,-1,-1,-1,-1
05-18-2020,188,4,6,0,136,4,46,0,-1,-1,-1,-1
05-19-2020,191,3,6,0,142,6,43,-3,-1,-1,-1,-1
05-20-2020,193,2,6,0,142,0,45,2,-1,-1,-1,-1
05-21-2020,199,6,6,0,144,2,49,4,-1,-1,-1,-1
05-22-2020,199,0,6,0,157,13,36,-13,-1,-1,-1,-1
05-23-2020,201,2,6,0,158,1,37,1,-1,-1,-1,-1
05-24-2020,201,0,6,0,160,2,35,-2,-1,-1,-1,-1
05-25-2020,201,0,6,0,162,2,33,-2,-1,-1,-1,-1
05-26-2020,206,5,6,0,163,1,37,4,-1,-1,-1,-1
05-27-2020,206,0,6,0,164,1,36,-1,-1,-1,-1,-1
05-28-2020,206,0,6,0,165,1,35,-1,-1,-1,-1,-1
05-29-2020,206,0,6,0,166,1,34,-1,-1,-1,-1,-1
05-30-2020,224,18,6,0,167,1,51,17,-1,-1,-1,-1
05-31-2020,224,0,6,0,169,2,49,-2,-1,-1,-1,-1
06-01-2020,224,0,6,0,173,4,45,-4,-1,-1,-1,-1
06-02-2020,228,4,6,0,177,4,45,0,-1,-1,-1,-1
06-03-2020,233,5,6,0,178,1,49,4,-1,-1,-1,-1
06-04-2020,234,1,6,0,184,6,44,-5,-1,-1,-1,-1
06-05-2020,236,2,6,0,186,2,44,0,-1,-1,-1,-1
06-06-2020,236,0,6,0,188,2,42,-2,-1,-1,-1,-1
06-07-2020,240,4,6,0,189,1,45,3,-1,-1,-1,-1
06-08-2020,242,2,6,0,189,0,47,2,-1,-1,-1,-1
06-09-2020,244,2,6,0,193,4,45,-2,-1,-1,-1,-1
06-10-2020,248,4,6,0,193,0,49,4,165,-1,77,-1
06-11-2020,260,12,6,0,193,0,61,12,165,0,89,12
06-12-2020,261,1,6,0,193,0,62,1,165,0,90,1
06-13-2020,261,0,6,0,208,15,47,-15,165,0,90,0
06-14-2020,261,0,6,0,208,0,47,0,165,0,90,0
06-15-2020,262,1,6,0,209,1,47,0,175,10,81,-9
06-16-2020,262,0,6,0,213,4,43,-4,179,4,77,-4
06-17-2020,262,0,6,0,217,4,39,-4,185,6,71,-6
06-18-2020,263,1,6,0,219,2,38,-1,187,2,70,-1
06-19-2020,286,23,6,0,221,2,59,21,192,5,88,18
06-20-2020,287,1,6,0,222,1,59,0,196,4,85,-3
06-21-2020,290,3,6,0,225,3,59,0,200,4,84,-1
06-22-2020,290,0,6,0,227,2,57,-2,200,0,84,0
06-23-2020,291,1,6,0,229,2,56,-1,200,0,85,1
06-24-2020,293,2,6,0,232,3,55,-1,208,8,79,-6
06-25-2020,293,0,6,0,242,10,45,-10,211,3,76,-3
06-26-2020,293,0,6,0,243,1,44,-1,215,4,72,-4
06-27-2020,293,0,6,0,245,2,42,-2,215,0,72,0
06-28-2020,299,6,6,0,245,0,48,6,218,3,75,3
06-29-2020,299,0,6,0,246,1,47,-1,221,3,72,-3
06-30-2020,299,0,6,0,247,1,46,-1,221,0,72,0
07-01-2020,303,4,6,0,248,1,49,3,222,1,75,3
07-02-2020,304,1,6,0,249,1,49,0,222,0,76,1
07-03-2020,306,2,6,0,268,19,32,-17,237,15,63,-13
07-04-2020,306,0,6,0,269,1,31,-1,237,0,63,0
07-05-2020,313,7,6,0,272,3,35,4,241,4,66,3
07-06-2020,316,3,6,0,272,0,38,3,245,4,65,-1
07-07-2020,316,0,6,0,274,2,36,-2,245,0,65,0
07-08-2020,317,1,6,0,276,2,35,-1,250,5,61,-4
07-09-2020,318,1,6,0,278,2,34,-1,250,0,62,1
07-10-2020,326,8,6,0,278,0,42,8,256,6,64,2
07-11-2020,326,0,6,0,279,1,41,-1,256,0,64,0
07-12-2020,330,4,6,0,283,4,41,0,256,0,68,4
07-13-2020,331,1,6,0,284,1,41,0,256,0,69,1
07-14-2020,336,5,6,0,284,0,46,5,256,0,74,5
07-15-2020,337,1,6,0,287,3,44,-2,256,0,75,1
07-16-2020,337,0,6,0,288,1,43,-1,256,0,75,0
07-17-2020,339,2,6,0,293,5,40,-3,270,14,63,-12
07-18-2020,340,1,6,0,293,0,41,1,273,3,61,-2
07-19-2020,341,1,6,0,300,7,35,-6,273,0,62,1
07-20-2020,341,0,6,0,302,2,33,-2,273,0,62,0
07-21-2020,341,0,6,0,302,0,33,0,273,0,62,0
07-22-2020,343,2,6,0,304,2,33,0,280,7,57,-5
07-23-2020,343,0,6,0,305,1,32,-1,280,0,57,0
07-24-2020,346,3,6,0,312,7,28,-4,286,6,54,-3
07-25-2020,346,0,6,0,312,0,28,0,286,0,54,0
07-26-2020,350,4,6,0,316,4,28,0,290,4,54,0
07-27-2020,350,0,6,0,317,1,27,-1,292,2,52,-2
07-28-2020,350,0,6,0,321,4,23,-4,293,1,51,-1
07-29-2020,351,1,6,0,322,1,23,0,294,1,51,0
07-30-2020,353,2,6,0,322,0,25,2,295,1,52,1
07-31-2020,353,0,6,0,325,3,22,-3,295,0,52,0
08-01-2020,353,0,6,0,326,1,21,-1,297,2,50,-2
08-02-2020,353,0,6,0,328,2,19,-2,298,1,49,-1
08-03-2020,353,0,6,0,328,0,19,0,298,0,49,0
08-04-2020,355,2,6,0,329,1,20,1,302,4,47,-2
08-05-2020,357,2,6,0,330,1,21,1,305,3,46,-1
08-06-2020,357,0,6,0,331,1,20,-1,308,3,43,-3
08-07-2020,359,2,6,0,334,3,19,-1,309,1,44,1
08-08-2020,359,0,6,0,334,0,19,0,311,2,42,-2
08-09-2020,360,1,6,0,338,4,16,-3,312,1,42,0
08-10-2020,360,0,6,0,338,0,16,0,312,0,42,0
08-11-2020,360,0,6,0,339,1,15,-1,312,0,42,0
08-12-2020,360,0,6,0,340,1,14,-1,312,0,42,0
08-13-2020,361,1,6,0,342,2,13,-1,318,6,37,-5
08-14-2020,374,13,6,0,342,0,26,13,322,4,46,9
08-15-2020,374,0,6,0,342,0,26,0,322,0,46,0
08-16-2020,375,1,6,0,343,1,26,0,329,7,40,-6
08-17-2020,376,1,6,0,343,0,27,1,331,2,39,-1
08-18-2020,376,0,6,0,345,2,25,-2,331,0,39,0
08-19-2020,394,18,6,0,347,2,41,16,333,2,55,16
08-20-2020,399,5,6,0,347,0,46,5,333,0,60,5
08-21-2020,419,20,6,0,349,2,64,18,337,4,76,16
08-22-2020,435,16,6,0,349,0,80,16,337,0,92,16
08-23-2020,450,15,6,0,351,2,93,13,341,4,103,11
08-24-2020,474,24,6,0,351,0,117,24,341,0,127,24
08-25-2020,474,0,6,0,351,0,117,0,341,0,127,0
