date,Confirmed,newConfirmed,Deaths,newDeaths,Est.Recovered,newEst.Recovered,Est.Active,newEst.Active,Recovered,newRecovered,Active,newActive
03-21-2020,3,3,0,0,0,0,3,3,-1,-1,-1,-1
03-22-2020,3,0,0,0,0,0,3,0,-1,-1,-1,-1
03-23-2020,12,9,0,0,0,0,12,9,-1,-1,-1,-1
03-24-2020,13,1,0,0,0,0,13,1,-1,-1,-1,-1
03-25-2020,19,6,0,0,0,0,19,6,-1,-1,-1,-1
03-26-2020,19,0,0,0,0,0,19,0,-1,-1,-1,-1
03-27-2020,24,5,0,0,0,0,24,5,-1,-1,-1,-1
03-28-2020,26,2,0,0,0,0,26,2,-1,-1,-1,-1
03-29-2020,37,11,0,0,0,0,37,11,-1,-1,-1,-1
03-30-2020,44,7,0,0,0,0,44,7,-1,-1,-1,-1
03-31-2020,46,2,0,0,0,0,46,2,-1,-1,-1,-1
04-01-2020,53,7,0,0,0,0,53,7,-1,-1,-1,-1
04-02-2020,59,6,0,0,0,0,59,6,-1,-1,-1,-1
04-03-2020,65,6,0,0,0,0,65,6,-1,-1,-1,-1
04-04-2020,70,5,0,0,2,2,68,3,-1,-1,-1,-1
04-05-2020,70,0,0,0,2,0,68,0,-1,-1,-1,-1
04-06-2020,77,7,0,0,9,7,68,0,-1,-1,-1,-1
04-07-2020,85,8,0,0,10,1,75,7,-1,-1,-1,-1
04-08-2020,92,7,0,0,15,5,77,2,-1,-1,-1,-1
04-09-2020,93,1,0,0,15,0,78,1,-1,-1,-1,-1
04-10-2020,95,2,0,0,19,4,76,-2,-1,-1,-1,-1
04-11-2020,95,0,0,0,21,2,74,-2,-1,-1,-1,-1
04-12-2020,104,9,0,0,29,8,75,1,-1,-1,-1,-1
04-13-2020,106,2,0,0,35,6,71,-4,-1,-1,-1,-1
04-14-2020,106,0,0,0,37,2,69,-2,-1,-1,-1,-1
04-15-2020,110,4,0,0,42,5,68,-1,-1,-1,-1,-1
04-16-2020,110,0,0,0,47,5,63,-5,-1,-1,-1,-1
04-17-2020,117,7,0,0,52,5,65,2,-1,-1,-1,-1
04-18-2020,117,0,0,0,57,5,60,-5,-1,-1,-1,-1
04-19-2020,120,3,0,0,57,0,63,3,-1,-1,-1,-1
04-20-2020,121,1,0,0,64,7,57,-6,-1,-1,-1,-1
04-21-2020,121,0,0,0,70,6,51,-6,-1,-1,-1,-1
04-22-2020,121,0,0,0,77,7,44,-7,-1,-1,-1,-1
04-23-2020,121,0,0,0,77,0,44,0,-1,-1,-1,-1
04-24-2020,121,0,0,0,80,3,41,-3,-1,-1,-1,-1
04-25-2020,122,1,0,0,80,0,42,1,-1,-1,-1,-1
04-26-2020,124,2,0,0,89,9,35,-7,-1,-1,-1,-1
04-27-2020,128,4,0,0,92,3,36,1,-1,-1,-1,-1
04-28-2020,128,0,0,0,92,0,36,0,-1,-1,-1,-1
04-29-2020,128,0,0,0,96,4,32,-4,-1,-1,-1,-1
04-30-2020,128,0,0,0,97,1,31,-1,-1,-1,-1,-1
05-01-2020,132,4,0,0,103,6,29,-2,-1,-1,-1,-1
05-02-2020,135,3,0,0,104,1,31,2,-1,-1,-1,-1
05-03-2020,149,14,0,0,107,3,42,11,-1,-1,-1,-1
05-04-2020,151,2,0,0,109,2,42,0,-1,-1,-1,-1
05-05-2020,158,7,0,0,110,1,48,6,-1,-1,-1,-1
05-06-2020,158,0,0,0,111,1,47,-1,-1,-1,-1,-1
05-07-2020,158,0,0,0,111,0,47,0,-1,-1,-1,-1
05-08-2020,158,0,0,0,112,1,46,-1,-1,-1,-1,-1
05-09-2020,169,11,0,0,113,1,56,10,-1,-1,-1,-1
05-10-2020,169,0,0,0,116,3,53,-3,-1,-1,-1,-1
05-11-2020,169,0,0,0,120,4,49,-4,-1,-1,-1,-1
05-12-2020,186,17,0,0,120,0,66,17,-1,-1,-1,-1
05-13-2020,192,6,0,0,121,1,71,5,-1,-1,-1,-1
05-14-2020,212,20,0,0,122,1,90,19,-1,-1,-1,-1
05-15-2020,230,18,0,0,126,4,104,14,-1,-1,-1,-1
05-16-2020,238,8,0,0,129,3,109,5,-1,-1,-1,-1
05-17-2020,283,45,0,0,140,11,143,34,-1,-1,-1,-1
05-18-2020,304,21,1,1,142,2,161,18,-1,-1,-1,-1
05-19-2020,322,18,1,0,148,6,173,12,-1,-1,-1,-1
05-20-2020,326,4,2,1,147,-1,177,4,-1,-1,-1,-1
05-21-2020,371,45,2,0,147,0,222,45,-1,-1,-1,-1
05-22-2020,405,34,2,0,147,0,256,34,-1,-1,-1,-1
05-23-2020,448,43,2,0,156,9,290,34,-1,-1,-1,-1
05-24-2020,488,40,2,0,157,1,329,39,-1,-1,-1,-1
05-25-2020,527,39,2,0,158,1,367,38,-1,-1,-1,-1
05-26-2020,542,15,2,0,171,13,369,2,-1,-1,-1,-1
05-27-2020,586,44,2,0,176,5,408,39,-1,-1,-1,-1
05-28-2020,612,26,2,0,193,17,417,9,-1,-1,-1,-1
05-29-2020,656,44,2,0,208,15,446,29,-1,-1,-1,-1
05-30-2020,698,42,5,3,212,4,481,35,-1,-1,-1,-1
05-31-2020,758,60,6,1,250,38,502,21,-1,-1,-1,-1
06-01-2020,771,13,6,0,267,17,498,-4,-1,-1,-1,-1
06-02-2020,826,55,6,0,282,15,538,40,-1,-1,-1,-1
06-03-2020,845,19,6,0,286,4,553,15,-1,-1,-1,-1
06-04-2020,908,63,6,0,322,36,580,27,-1,-1,-1,-1
06-05-2020,957,49,7,1,349,27,601,21,-1,-1,-1,-1
06-06-2020,975,18,7,0,385,36,583,-18,-1,-1,-1,-1
06-07-2020,1026,51,8,1,417,32,601,18,-1,-1,-1,-1
06-08-2020,1052,26,9,1,447,30,596,-5,-1,-1,-1,-1
06-09-2020,1094,42,9,0,462,15,623,27,-1,-1,-1,-1
06-10-2020,1138,44,9,0,498,36,631,8,274,-1,855,-1
06-11-2020,1203,65,10,1,521,23,672,41,312,38,881,26
06-12-2020,1240,37,10,0,560,39,670,-2,344,32,886,5
06-13-2020,1252,12,10,0,595,35,647,-23,362,18,880,-6
06-14-2020,1252,0,10,0,651,56,591,-56,362,0,880,0
06-15-2020,1290,38,10,0,664,13,616,25,384,22,896,16
06-16-2020,1317,27,12,2,710,46,595,-21,417,33,888,-8
06-17-2020,1378,61,12,0,725,15,641,46,450,33,916,28
06-18-2020,1403,25,13,1,782,57,608,-33,463,13,927,11
06-19-2020,1443,40,13,0,826,44,604,-4,498,35,932,5
06-20-2020,1503,60,13,0,847,21,643,39,618,120,872,-60
06-21-2020,1596,93,14,1,893,46,689,46,655,37,927,55
06-22-2020,1640,44,15,1,919,26,706,17,659,4,966,39
06-23-2020,1724,84,15,0,956,37,753,47,732,73,977,11
06-24-2020,1787,63,16,1,997,41,774,21,779,47,992,15
06-25-2020,1829,42,16,0,1054,57,759,-15,823,44,990,-2
06-26-2020,1922,93,16,0,1091,37,815,56,862,39,1044,54
06-27-2020,1922,0,16,0,1107,16,799,-16,862,0,1044,0
06-28-2020,2078,156,18,2,1116,9,944,145,944,82,1116,72
06-29-2020,2138,60,20,2,1148,32,970,26,966,22,1152,36
06-30-2020,2138,0,20,0,1178,30,940,-30,966,0,1152,0
07-01-2020,2303,165,22,2,1228,50,1053,113,1006,40,1275,123
07-02-2020,2303,0,22,0,1260,32,1021,-32,1006,0,1275,0
07-03-2020,2512,209,26,4,1297,37,1189,168,1057,51,1429,154
07-04-2020,2728,216,29,3,1347,50,1352,163,1078,21,1621,192
07-05-2020,2941,213,32,3,1428,81,1481,129,1108,30,1801,180
07-06-2020,3250,309,33,1,1469,41,1748,267,1135,27,2082,281
07-07-2020,3472,222,33,0,1543,74,1896,148,1187,52,2252,170
07-08-2020,3573,101,33,0,1761,218,1779,-117,1761,574,1779,-473
07-09-2020,3782,209,33,0,1950,189,1799,20,1950,189,1799,20
07-10-2020,4143,361,34,1,2183,233,1926,127,2183,233,1926,127
07-11-2020,4578,435,34,0,2287,104,2257,331,2287,104,2257,331
07-12-2020,4867,289,35,1,2378,91,2454,197,2378,91,2454,197
07-13-2020,5080,213,37,2,2494,116,2549,95,2494,116,2549,95
07-14-2020,5343,263,39,2,2646,152,2658,109,2646,152,2658,109
07-15-2020,5605,262,43,4,2811,165,2751,93,2811,165,2751,93
07-16-2020,6089,484,53,10,2951,140,3085,334,2951,140,3085,334
07-17-2020,6467,378,54,1,3108,157,3305,220,3108,157,3305,220
07-18-2020,6849,382,55,1,3339,231,3455,150,3339,231,3455,150
07-19-2020,7049,200,59,4,3498,159,3492,37,3498,159,3492,37
07-20-2020,7153,104,62,3,3788,290,3303,-189,3788,290,3303,-189
07-21-2020,7153,0,62,0,3339,-449,3752,449,3339,-449,3752,449
07-22-2020,8162,1009,69,7,4662,1323,3431,-321,4662,1323,3431,-321
07-23-2020,8381,219,70,1,5160,498,3151,-280,5160,498,3151,-280
07-24-2020,8741,360,76,6,5522,362,3143,-8,5522,362,3143,-8
07-25-2020,8866,125,78,2,5579,57,3209,66,5579,57,3209,66
07-26-2020,9295,429,85,7,5579,0,3631,422,5579,0,3631,422
07-27-2020,9690,395,91,6,6260,681,3339,-292,6260,681,3339,-292
07-28-2020,10104,414,93,2,6613,353,3398,59,6613,353,3398,59
07-29-2020,10317,213,99,6,7117,504,3101,-297,7117,504,3101,-297
07-30-2020,10748,431,105,6,7461,344,3182,81,7461,344,3182,81
07-31-2020,10868,120,106,1,7807,346,2955,-227,7807,346,2955,-227
08-01-2020,11273,405,107,1,8109,302,3057,102,8109,302,3057,102
08-02-2020,11528,255,114,7,8444,335,2970,-87,8444,335,2970,-87
08-03-2020,11660,132,118,4,8825,381,2717,-253,8825,381,2717,-253
08-04-2020,11895,235,123,5,9286,461,2486,-231,9286,461,2486,-231
08-05-2020,12222,327,127,4,9798,512,2297,-189,9798,512,2297,-189
08-06-2020,12526,304,134,7,10148,350,2244,-53,10148,350,2244,-53
08-07-2020,12708,182,135,1,10412,264,2161,-83,10412,264,2161,-83
08-08-2020,12922,214,141,6,10604,192,2177,16,10604,192,2177,16
08-09-2020,13086,164,148,7,10816,212,2122,-55,10816,212,2122,-55
08-10-2020,13202,116,151,3,11011,195,2040,-82,11011,195,2040,-82
08-11-2020,13317,115,152,1,11276,265,1889,-151,11276,265,1889,-151
08-12-2020,13397,80,156,4,11529,253,1712,-177,11529,253,1712,-177
08-13-2020,13522,125,162,6,11780,251,1580,-132,11780,251,1580,-132
08-14-2020,13643,121,164,2,12011,231,1468,-112,12011,231,1468,-112
08-15-2020,13724,81,166,2,12232,221,1326,-142,12232,221,1326,-142
08-16-2020,13827,103,170,4,12424,192,1233,-93,12424,192,1233,-93
08-17-2020,13827,0,170,0,12424,0,1233,0,12424,0,1233,0
08-18-2020,14009,182,173,3,12767,343,1069,-164,12767,343,1069,-164
08-19-2020,14009,0,173,0,12767,0,1069,0,12767,0,1069,0
08-20-2020,14074,65,173,0,12767,0,1134,65,12767,0,1134,65
08-21-2020,14218,144,178,5,13206,439,834,-300,13206,439,834,-300
08-22-2020,14218,0,178,0,13206,0,834,0,13206,0,834,0
08-23-2020,14327,109,178,0,13355,149,794,-40,13355,149,794,-40
08-24-2020,14327,0,178,0,13355,0,794,0,13355,0,794,0
08-25-2020,14402,75,178,0,13355,0,869,75,13355,0,869,75
