date,Confirmed,newConfirmed,Deaths,newDeaths,Est.Recovered,newEst.Recovered,Est.Active,newEst.Active,Recovered,newRecovered,Active,newActive
03-06-2020,2,2,0,0,0,0,2,2,-1,-1,-1,-1
03-07-2020,2,0,0,0,0,0,2,0,-1,-1,-1,-1
03-08-2020,2,0,0,0,0,0,2,0,-1,-1,-1,-1
03-09-2020,2,0,0,0,0,0,2,0,-1,-1,-1,-1
03-10-2020,2,0,0,0,0,0,2,0,-1,-1,-1,-1
03-11-2020,2,0,0,0,0,0,2,0,-1,-1,-1,-1
03-12-2020,2,0,0,0,0,0,2,0,-1,-1,-1,-1
03-13-2020,2,0,0,0,0,0,2,0,-1,-1,-1,-1
03-14-2020,3,1,0,0,0,0,3,1,-1,-1,-1,-1
03-15-2020,3,0,0,0,0,0,3,0,-1,-1,-1,-1
03-16-2020,5,2,0,0,0,0,5,2,-1,-1,-1,-1
03-17-2020,5,0,0,0,0,0,5,0,-1,-1,-1,-1
03-18-2020,10,5,0,0,0,0,10,5,-1,-1,-1,-1
03-19-2020,15,5,0,0,0,0,15,5,-1,-1,-1,-1
03-20-2020,22,7,0,0,1,1,21,6,-1,-1,-1,-1
03-21-2020,27,5,0,0,1,0,26,5,-1,-1,-1,-1
03-22-2020,27,0,0,0,1,0,26,0,-1,-1,-1,-1
03-23-2020,40,13,0,0,1,0,39,13,-1,-1,-1,-1
03-24-2020,70,30,0,0,1,0,69,30,-1,-1,-1,-1
03-25-2020,70,0,1,1,0,-1,69,0,-1,-1,-1,-1
03-26-2020,75,5,1,0,0,0,74,5,-1,-1,-1,-1
03-27-2020,75,0,1,0,0,0,74,0,-1,-1,-1,-1
03-28-2020,75,0,1,0,1,1,73,-1,-1,-1,-1,-1
03-29-2020,91,16,2,1,0,-1,89,16,-1,-1,-1,-1
03-30-2020,113,22,2,0,2,2,109,20,-1,-1,-1,-1
03-31-2020,139,26,6,4,-1,-3,134,25,-1,-1,-1,-1
04-01-2020,139,0,6,0,2,3,131,-3,-1,-1,-1,-1
04-02-2020,139,0,6,0,6,4,127,-4,-1,-1,-1,-1
04-03-2020,246,107,7,1,11,5,228,101,-1,-1,-1,-1
04-04-2020,509,263,8,1,14,3,487,259,-1,-1,-1,-1
04-05-2020,555,46,9,1,13,-1,533,46,-1,-1,-1,-1
04-06-2020,555,0,9,0,23,10,523,-10,-1,-1,-1,-1
04-07-2020,555,0,9,0,47,24,499,-24,-1,-1,-1,-1
04-08-2020,555,0,9,0,47,0,499,0,-1,-1,-1,-1
04-09-2020,730,175,10,1,51,4,669,170,-1,-1,-1,-1
04-10-2020,730,0,10,0,51,0,669,0,-1,-1,-1,-1
04-11-2020,803,73,10,0,51,0,742,73,-1,-1,-1,-1
04-12-2020,803,0,10,0,64,13,729,-13,-1,-1,-1,-1
04-13-2020,803,0,10,0,82,18,711,-18,-1,-1,-1,-1
04-14-2020,803,0,10,0,103,21,690,-21,-1,-1,-1,-1
04-15-2020,855,52,15,5,98,-5,742,52,-1,-1,-1,-1
04-16-2020,855,0,17,2,97,-1,741,-1,-1,-1,-1,-1
04-17-2020,855,0,17,0,185,88,653,-88,-1,-1,-1,-1
04-18-2020,1016,161,21,4,395,210,600,-53,-1,-1,-1,-1
04-19-2020,1016,0,21,0,432,37,563,-37,-1,-1,-1,-1
04-20-2020,1016,0,21,0,434,2,561,-2,-1,-1,-1,-1
04-21-2020,1163,147,42,21,417,-17,704,143,-1,-1,-1,-1
04-22-2020,1163,0,43,1,416,-1,704,0,-1,-1,-1,-1
04-23-2020,1163,0,43,0,558,142,562,-142,-1,-1,-1,-1
04-24-2020,1401,238,49,6,552,-6,800,238,-1,-1,-1,-1
04-25-2020,1403,2,49,0,612,60,742,-58,-1,-1,-1,-1
04-26-2020,1518,115,53,4,610,-2,855,113,-1,-1,-1,-1
04-27-2020,1621,103,56,3,610,0,955,100,-1,-1,-1,-1
04-28-2020,1621,0,56,0,614,4,951,-4,-1,-1,-1,-1
04-29-2020,1705,84,58,2,654,40,993,42,-1,-1,-1,-1
04-30-2020,1806,101,59,1,653,-1,1094,101,-1,-1,-1,-1
05-01-2020,1832,26,61,2,667,14,1104,10,-1,-1,-1,-1
05-02-2020,2069,237,61,0,834,167,1174,70,-1,-1,-1,-1
05-03-2020,2077,8,64,3,838,4,1175,1,-1,-1,-1,-1
05-04-2020,2077,0,64,0,838,0,1175,0,-1,-1,-1,-1
05-05-2020,2077,0,64,0,959,121,1054,-121,-1,-1,-1,-1
05-06-2020,2265,188,108,44,915,-44,1242,188,-1,-1,-1,-1
05-07-2020,2265,0,108,0,939,24,1218,-24,-1,-1,-1,-1
05-08-2020,2265,0,108,0,1132,193,1025,-193,-1,-1,-1,-1
05-09-2020,2265,0,108,0,1144,12,1013,-12,-1,-1,-1,-1
05-10-2020,2335,70,110,2,1236,92,989,-24,-1,-1,-1,-1
05-11-2020,2579,244,114,4,1317,81,1148,159,-1,-1,-1,-1
05-12-2020,2579,0,114,0,1318,1,1147,-1,-1,-1,-1,-1
05-13-2020,2689,110,125,11,1382,64,1182,35,-1,-1,-1,-1
05-14-2020,2800,111,136,11,1453,71,1211,29,-1,-1,-1,-1
05-15-2020,2954,154,139,3,1476,23,1339,128,-1,-1,-1,-1
05-16-2020,3047,93,139,0,1704,228,1204,-135,-1,-1,-1,-1
05-17-2020,3047,0,139,0,1713,9,1195,-9,-1,-1,-1,-1
05-18-2020,3047,0,139,0,1713,0,1195,0,-1,-1,-1,-1
05-19-2020,3529,482,140,1,1732,19,1657,462,-1,-1,-1,-1
05-20-2020,3529,0,140,0,1885,153,1504,-153,-1,-1,-1,-1
05-21-2020,3733,204,146,6,1887,2,1700,196,-1,-1,-1,-1
05-22-2020,4288,555,156,10,1911,24,2221,521,-1,-1,-1,-1
05-23-2020,4400,112,159,3,1912,1,2329,108,-1,-1,-1,-1
05-24-2020,4400,0,159,0,1985,73,2256,-73,-1,-1,-1,-1
05-25-2020,4400,0,159,0,2197,212,2044,-212,-1,-1,-1,-1
05-26-2020,4890,490,165,6,2191,-6,2534,490,-1,-1,-1,-1
05-27-2020,5436,546,177,12,2282,91,2977,443,-1,-1,-1,-1
05-28-2020,5436,0,177,0,2386,104,2873,-104,-1,-1,-1,-1
05-29-2020,5436,0,177,0,2514,128,2745,-128,-1,-1,-1,-1
05-30-2020,5436,0,177,0,2631,117,2628,-117,-1,-1,-1,-1
05-31-2020,5659,223,185,8,2624,-7,2850,222,-1,-1,-1,-1
06-01-2020,5904,245,191,6,2618,-6,3095,245,-1,-1,-1,-1
06-02-2020,6397,493,199,8,3008,390,3190,95,-1,-1,-1,-1
06-03-2020,6585,188,200,1,3033,25,3352,162,-1,-1,-1,-1
06-04-2020,6752,167,200,0,3198,165,3354,2,-1,-1,-1,-1
06-05-2020,6789,37,203,3,3657,459,2929,-425,-1,-1,-1,-1
06-06-2020,7392,603,205,2,3746,89,3441,512,-1,-1,-1,-1
06-07-2020,7599,207,212,7,3754,8,3633,192,-1,-1,-1,-1
06-08-2020,7860,261,215,3,3791,37,3854,221,-1,-1,-1,-1
06-09-2020,8060,200,215,0,4188,397,3657,-197,-1,-1,-1,-1
06-10-2020,8681,621,215,0,4836,648,3630,-27,4836,-1,3630,-1
06-11-2020,8681,0,215,0,4836,0,3630,0,4836,0,3630,0
06-12-2020,8681,0,215,0,4836,0,3630,0,4836,0,3630,0
06-13-2020,8743,62,270,55,4836,0,3637,7,4836,0,3637,7
06-14-2020,8743,0,270,0,4844,8,3629,-8,4836,0,3637,0
06-15-2020,9864,1121,276,6,5570,726,4018,389,5570,734,4018,381
06-16-2020,9864,0,276,0,5570,0,4018,0,5570,0,4018,0
06-17-2020,9864,0,276,0,5665,95,3923,-95,5570,0,4018,0
06-18-2020,9864,0,276,0,5828,163,3760,-163,5570,0,4018,0
06-19-2020,10638,774,282,6,7548,1720,2808,-952,7548,1978,2808,-1210
06-20-2020,11610,972,301,19,7702,154,3607,799,7702,154,3607,799
06-21-2020,11892,282,303,2,7710,8,3879,272,7710,8,3879,272
06-22-2020,12041,149,308,5,7740,30,3993,114,7740,30,3993,114
06-23-2020,12270,229,313,5,7774,34,4183,190,7774,34,4183,190
06-24-2020,12592,322,313,0,10100,2326,2179,-2004,10100,2326,2179,-2004
06-25-2020,12592,0,313,0,10100,0,2179,0,10100,0,2179,0
06-26-2020,12592,0,313,0,10100,0,2179,0,10100,0,2179,0
06-27-2020,12592,0,313,0,10100,0,2179,0,10100,0,2179,0
06-28-2020,12592,0,313,0,10100,0,2179,0,10100,0,2179,0
06-29-2020,12592,0,313,0,10100,0,2179,0,10100,0,2179,0
06-30-2020,12592,0,313,0,10100,0,2179,0,10100,0,2179,0
07-01-2020,12592,0,313,0,10100,0,2179,0,10100,0,2179,0
07-02-2020,12592,0,313,0,10100,0,2179,0,10100,0,2179,0
07-03-2020,12592,0,313,0,10100,0,2179,0,10100,0,2179,0
07-04-2020,13711,1119,328,15,11114,1014,2269,90,11114,1014,2269,90
07-05-2020,13711,0,328,0,11114,0,2269,0,11114,0,2269,0
07-06-2020,14037,326,330,2,11114,0,2593,324,11114,0,2593,324
07-07-2020,14524,487,342,12,11114,0,3068,475,11114,0,3068,475
07-08-2020,14916,392,359,17,11525,411,3032,-36,11525,411,3032,-36
07-09-2020,14916,0,359,0,11525,0,3032,0,11525,0,3032,0
07-10-2020,14916,0,359,0,11525,0,3032,0,11525,0,3032,0
07-11-2020,14916,0,359,0,11525,0,3032,0,11525,0,3032,0
07-12-2020,14916,0,359,0,11525,0,3032,0,11525,0,3032,0
07-13-2020,15173,257,359,0,11928,403,2886,-146,11928,403,2886,-146
07-14-2020,15173,0,359,0,11928,0,2886,0,11928,0,2886,0
07-15-2020,15173,0,359,0,11928,0,2886,0,11928,0,2886,0
07-16-2020,16057,884,369,10,11928,0,3760,874,11928,0,3760,874
07-17-2020,16157,100,373,4,13728,1800,2056,-1704,13728,1800,2056,-1704
07-18-2020,16157,0,373,0,13728,0,2056,0,13728,0,2056,0
07-19-2020,16157,0,373,0,13728,0,2056,0,13728,0,2056,0
07-20-2020,16157,0,373,0,13728,0,2056,0,13728,0,2056,0
07-21-2020,16522,365,382,9,13728,0,2412,356,13728,0,2412,356
07-22-2020,16522,0,382,0,13896,168,2244,-168,13728,0,2412,0
07-23-2020,16522,0,382,0,13896,0,2244,0,13728,0,2412,0
07-24-2020,16708,186,385,3,14539,643,1784,-460,14539,811,1784,-628
07-25-2020,16708,0,385,0,14539,0,1784,0,14539,0,1784,0
07-26-2020,16708,0,385,0,14539,0,1784,0,14539,0,1784,0
07-27-2020,17110,402,391,6,14539,0,2180,396,14539,0,2180,396
07-28-2020,17179,69,391,0,14539,0,2249,69,14539,0,2249,69
07-29-2020,17255,76,391,0,15320,781,1544,-705,15320,781,1544,-705
07-30-2020,17255,0,391,0,15320,0,1544,0,15320,0,1544,0
07-31-2020,17255,0,391,0,15320,0,1544,0,15320,0,1544,0
08-01-2020,17255,0,391,0,15320,0,1544,0,15320,0,1544,0
08-02-2020,17255,0,391,0,15320,0,1544,0,15320,0,1544,0
08-03-2020,17255,0,391,0,15320,0,1544,0,15320,0,1544,0
08-04-2020,17718,463,391,0,15638,318,1689,145,15320,0,2007,463
08-05-2020,17718,0,391,0,15709,71,1618,-71,15320,0,2007,0
08-06-2020,17718,0,391,0,15709,0,1618,0,15320,0,2007,0
08-07-2020,17718,0,393,2,15996,287,1329,-289,15996,676,1329,-678
08-08-2020,18042,324,395,2,15996,0,1651,322,15996,0,1651,322
08-09-2020,18042,0,395,0,15996,0,1651,0,15996,0,1651,0
08-10-2020,18042,0,395,0,16217,221,1430,-221,15996,0,1651,0
08-11-2020,18213,171,398,3,16270,53,1545,115,15996,0,1819,168
08-12-2020,18263,50,401,3,16329,59,1533,-12,15996,0,1866,47
08-13-2020,18308,45,401,0,16453,124,1454,-79,15996,0,1911,45
08-14-2020,18469,161,401,0,16467,14,1601,147,15996,0,2072,161
08-15-2020,18469,0,403,2,16538,71,1528,-73,16538,542,1528,-544
08-16-2020,18469,0,403,0,16538,0,1528,0,16538,0,1528,0
08-17-2020,18582,113,403,0,16538,0,1641,113,16538,0,1641,113
08-18-2020,18599,17,406,3,16984,446,1209,-432,16538,0,1655,14
08-19-2020,18624,25,406,0,17004,20,1214,5,16538,0,1680,25
08-20-2020,18762,138,408,2,17002,-2,1352,138,16538,0,1816,136
08-21-2020,18762,0,408,0,17065,63,1289,-63,17065,527,1289,-527
08-22-2020,18762,0,408,0,17290,225,1064,-225,17065,0,1289,0
08-23-2020,18762,0,408,0,17290,0,1064,0,17065,0,1289,0
08-24-2020,18762,0,408,0,17360,70,994,-70,17065,0,1289,0
08-25-2020,18973,211,410,2,17506,146,1057,63,17065,0,1498,209
