date,Confirmed,newConfirmed,Deaths,newDeaths,Est.Recovered,newEst.Recovered,Est.Active,newEst.Active,Recovered,newRecovered,Active,newActive
01-22-2020,1,1,0,0,0,0,1,1,0,0,1,1
01-23-2020,2,1,0,0,0,0,2,1,0,0,2,1
01-24-2020,2,0,0,0,0,0,2,0,0,0,2,0
01-25-2020,2,0,0,0,0,0,2,0,0,0,2,0
01-26-2020,6,4,0,0,0,0,6,4,0,0,6,4
01-27-2020,6,0,0,0,0,0,6,0,0,0,6,0
01-28-2020,7,1,0,0,0,0,7,1,0,0,7,1
01-29-2020,7,0,0,0,0,0,7,0,0,0,7,0
01-30-2020,7,0,0,0,0,0,7,0,0,0,7,0
01-31-2020,7,0,0,0,0,0,7,0,0,0,7,0
02-01-2020,7,0,0,0,0,0,7,0,0,0,7,0
02-02-2020,8,1,0,0,0,0,8,1,0,0,8,1
02-03-2020,8,0,0,0,0,0,8,0,0,0,8,0
02-04-2020,10,2,0,0,0,0,10,2,0,0,10,2
02-05-2020,10,0,0,0,0,0,10,0,0,0,10,0
02-06-2020,10,0,0,0,1,1,9,-1,1,1,9,-1
02-07-2020,10,0,0,0,1,0,9,0,1,0,9,0
02-08-2020,10,0,0,0,1,0,9,0,1,0,9,0
02-09-2020,10,0,0,0,4,3,6,-3,1,0,9,0
02-10-2020,10,0,0,0,4,0,6,0,1,0,9,0
02-11-2020,10,0,0,0,5,1,5,-1,1,0,9,0
02-12-2020,10,0,0,0,5,0,5,0,2,1,8,-1
02-13-2020,10,0,0,0,5,0,5,0,3,1,7,-1
02-14-2020,10,0,0,0,5,0,5,0,3,0,7,0
02-15-2020,10,0,0,0,5,0,5,0,3,0,7,0
02-16-2020,10,0,0,0,6,1,4,-1,5,2,5,-2
02-17-2020,10,0,0,0,6,0,4,0,5,0,5,0
02-18-2020,10,0,0,0,8,2,2,-2,5,0,5,0
02-19-2020,10,0,0,0,8,0,2,0,6,1,4,-1
02-20-2020,10,0,0,0,8,0,2,0,6,0,4,0
02-21-2020,10,0,0,0,8,0,2,0,6,0,4,0
02-22-2020,10,0,0,0,8,0,2,0,6,0,4,0
02-23-2020,10,0,0,0,8,0,2,0,6,0,4,0
02-24-2020,10,0,0,0,8,0,2,0,6,0,4,0
02-25-2020,10,0,0,0,9,1,1,-1,7,1,3,-1
02-26-2020,10,0,0,0,9,0,1,0,7,0,3,0
02-27-2020,10,0,0,0,9,0,1,0,8,1,2,-1
02-28-2020,10,0,0,0,9,0,1,0,8,0,2,0
02-29-2020,10,0,0,0,9,0,1,0,8,0,2,0
03-01-2020,10,0,0,0,9,0,1,0,8,0,2,0
03-02-2020,10,0,0,0,9,0,1,0,8,0,2,0
03-03-2020,10,0,0,0,9,0,1,0,9,1,1,-1
03-04-2020,10,0,0,0,9,0,1,0,9,0,1,0
03-05-2020,10,0,0,0,9,0,1,0,9,0,1,0
03-06-2020,10,0,0,0,10,1,0,-1,10,1,0,-1
03-07-2020,10,0,0,0,10,0,0,0,10,0,0,0
03-08-2020,10,0,0,0,10,0,0,0,10,0,0,0
03-09-2020,10,0,0,0,10,0,0,0,10,0,0,0
03-10-2020,10,0,0,0,10,0,0,0,10,0,0,0
03-11-2020,10,0,0,0,10,0,0,0,10,0,0,0
03-12-2020,10,0,0,0,10,0,0,0,10,0,0,0
03-13-2020,10,0,0,0,10,0,0,0,10,0,0,0
03-14-2020,10,0,0,0,10,0,0,0,10,0,0,0
03-15-2020,11,1,0,0,10,0,1,1,10,0,1,1
03-16-2020,11,0,0,0,10,0,1,0,10,0,1,0
03-17-2020,13,2,0,0,10,0,3,2,10,0,3,2
03-18-2020,17,4,0,0,10,0,7,4,10,0,7,4
03-19-2020,17,0,0,0,10,0,7,0,10,0,7,0
03-20-2020,17,0,0,0,10,0,7,0,10,0,7,0
03-21-2020,18,1,0,0,10,0,8,1,10,0,8,1
03-22-2020,21,3,0,0,10,0,11,3,10,0,11,3
03-23-2020,24,3,0,0,10,0,14,3,10,0,14,3
03-24-2020,25,1,0,0,10,0,15,1,10,0,15,1
03-25-2020,30,5,0,0,10,0,20,5,10,0,20,5
03-26-2020,31,1,0,0,10,0,21,1,10,0,21,1
03-27-2020,33,2,0,0,10,0,23,2,10,0,23,2
03-28-2020,37,4,0,0,10,0,27,4,10,0,27,4
03-29-2020,37,0,0,0,10,0,27,0,10,0,27,0
03-30-2020,38,1,0,0,10,0,28,1,10,0,28,1
03-31-2020,41,3,0,0,12,2,29,1,10,0,31,3
04-01-2020,41,0,0,0,15,3,26,-3,10,0,31,0
04-02-2020,41,0,0,0,15,0,26,0,10,0,31,0
04-03-2020,43,2,0,0,15,0,28,2,10,0,33,2
04-04-2020,43,0,0,0,16,1,27,-1,10,0,33,0
04-05-2020,44,1,0,0,18,2,26,-1,10,0,34,1
04-06-2020,44,0,0,0,21,3,23,-3,10,0,34,0
04-07-2020,44,0,0,0,22,1,22,-1,10,0,34,0
04-08-2020,45,1,0,0,26,4,19,-3,10,0,35,1
04-09-2020,45,0,0,0,27,1,18,-1,10,0,35,0
04-10-2020,45,0,0,0,28,1,17,-1,10,0,35,0
04-11-2020,45,0,0,0,31,3,14,-3,10,0,35,0
04-12-2020,45,0,0,0,32,1,13,-1,10,0,35,0
04-13-2020,45,0,0,0,32,0,13,0,10,0,35,0
04-14-2020,45,0,0,0,35,3,10,-3,10,0,35,0
04-15-2020,45,0,0,0,36,1,9,-1,10,0,35,0
04-16-2020,45,0,0,0,36,0,9,0,10,0,35,0
04-17-2020,45,0,0,0,37,1,8,-1,16,6,29,-6
04-18-2020,45,0,0,0,37,0,8,0,16,0,29,0
04-19-2020,45,0,0,0,39,2,6,-2,16,0,29,0
04-20-2020,45,0,0,0,39,0,6,0,16,0,29,0
04-21-2020,45,0,0,0,39,0,6,0,16,0,29,0
04-22-2020,45,0,0,0,41,2,4,-2,16,0,29,0
04-23-2020,45,0,0,0,41,0,4,0,16,0,29,0
04-24-2020,45,0,0,0,41,0,4,0,16,0,29,0
04-25-2020,45,0,0,0,42,1,3,-1,16,0,29,0
04-26-2020,45,0,0,0,42,0,3,0,31,15,14,-15
04-27-2020,45,0,0,0,42,0,3,0,31,0,14,0
04-28-2020,45,0,0,0,42,0,3,0,31,0,14,0
04-29-2020,45,0,0,0,43,1,2,-1,31,0,14,0
04-30-2020,45,0,0,0,43,0,2,0,35,4,10,-4
05-01-2020,45,0,0,0,43,0,2,0,35,0,10,0
05-02-2020,45,0,0,0,43,0,2,0,37,2,8,-2
05-03-2020,45,0,0,0,43,0,2,0,39,2,6,-2
05-04-2020,45,0,0,0,43,0,2,0,39,0,6,0
05-05-2020,45,0,0,0,43,0,2,0,39,0,6,0
05-06-2020,45,0,0,0,44,1,1,-1,40,1,5,-1
05-07-2020,45,0,0,0,44,0,1,0,40,0,5,0
05-08-2020,45,0,0,0,44,0,1,0,40,0,5,0
05-09-2020,45,0,0,0,44,0,1,0,40,0,5,0
05-10-2020,45,0,0,0,44,0,1,0,41,1,4,-1
05-11-2020,45,0,0,0,44,0,1,0,42,1,3,-1
05-12-2020,45,0,0,0,44,0,1,0,42,0,3,0
05-13-2020,45,0,0,0,44,0,1,0,43,1,2,-1
05-14-2020,45,0,0,0,44,0,1,0,43,0,2,0
05-15-2020,45,0,0,0,44,0,1,0,43,0,2,0
05-16-2020,45,0,0,0,44,0,1,0,44,1,1,-1
05-17-2020,45,0,0,0,44,0,1,0,44,0,1,0
05-18-2020,45,0,0,0,44,0,1,0,44,0,1,0
05-19-2020,45,0,0,0,44,0,1,0,44,0,1,0
05-20-2020,45,0,0,0,45,1,0,-1,44,0,1,0
05-21-2020,45,0,0,0,45,0,0,0,44,0,1,0
05-22-2020,45,0,0,0,45,0,0,0,45,1,0,-1
05-23-2020,45,0,0,0,45,0,0,0,45,0,0,0
05-24-2020,45,0,0,0,45,0,0,0,45,0,0,0
05-25-2020,45,0,0,0,45,0,0,0,45,0,0,0
05-26-2020,45,0,0,0,45,0,0,0,45,0,0,0
05-27-2020,45,0,0,0,45,0,0,0,45,0,0,0
05-28-2020,45,0,0,0,45,0,0,0,45,0,0,0
05-29-2020,45,0,0,0,45,0,0,0,45,0,0,0
05-30-2020,45,0,0,0,45,0,0,0,45,0,0,0
05-31-2020,45,0,0,0,45,0,0,0,45,0,0,0
06-01-2020,45,0,0,0,45,0,0,0,45,0,0,0
06-02-2020,45,0,0,0,45,0,0,0,45,0,0,0
06-03-2020,45,0,0,0,45,0,0,0,45,0,0,0
06-04-2020,45,0,0,0,45,0,0,0,45,0,0,0
06-05-2020,45,0,0,0,45,0,0,0,45,0,0,0
06-06-2020,45,0,0,0,45,0,0,0,45,0,0,0
06-07-2020,45,0,0,0,45,0,0,0,45,0,0,0
06-08-2020,45,0,0,0,45,0,0,0,45,0,0,0
06-09-2020,45,0,0,0,45,0,0,0,45,0,0,0
06-10-2020,45,0,0,0,45,0,0,0,45,0,0,0
06-11-2020,45,0,0,0,45,0,0,0,45,0,0,0
06-12-2020,45,0,0,0,45,0,0,0,45,0,0,0
06-13-2020,45,0,0,0,45,0,0,0,45,0,0,0
06-14-2020,45,0,0,0,45,0,0,0,45,0,0,0
06-15-2020,45,0,0,0,45,0,0,0,45,0,0,0
06-16-2020,45,0,0,0,45,0,0,0,45,0,0,0
06-17-2020,45,0,0,0,45,0,0,0,45,0,0,0
06-18-2020,45,0,0,0,45,0,0,0,45,0,0,0
06-19-2020,45,0,0,0,45,0,0,0,45,0,0,0
06-20-2020,45,0,0,0,45,0,0,0,45,0,0,0
06-21-2020,45,0,0,0,45,0,0,0,45,0,0,0
06-22-2020,45,0,0,0,45,0,0,0,45,0,0,0
06-23-2020,45,0,0,0,45,0,0,0,45,0,0,0
06-24-2020,45,0,0,0,45,0,0,0,45,0,0,0
06-25-2020,45,0,0,0,45,0,0,0,45,0,0,0
06-26-2020,46,1,0,0,45,0,1,1,45,0,1,1
06-27-2020,46,0,0,0,45,0,1,0,45,0,1,0
06-28-2020,46,0,0,0,45,0,1,0,45,0,1,0
06-29-2020,46,0,0,0,45,0,1,0,45,0,1,0
06-30-2020,46,0,0,0,45,0,1,0,45,0,1,0
07-01-2020,46,0,0,0,45,0,1,0,45,0,1,0
07-02-2020,46,0,0,0,45,0,1,0,45,0,1,0
07-03-2020,46,0,0,0,45,0,1,0,45,0,1,0
07-04-2020,46,0,0,0,45,0,1,0,45,0,1,0
07-05-2020,46,0,0,0,45,0,1,0,45,0,1,0
07-06-2020,46,0,0,0,45,0,1,0,45,0,1,0
07-07-2020,46,0,0,0,45,0,1,0,45,0,1,0
07-08-2020,46,0,0,0,45,0,1,0,45,0,1,0
07-09-2020,46,0,0,0,45,0,1,0,45,0,1,0
07-10-2020,46,0,0,0,45,0,1,0,45,0,1,0
07-11-2020,46,0,0,0,45,0,1,0,45,0,1,0
07-12-2020,46,0,0,0,45,0,1,0,45,0,1,0
07-13-2020,46,0,0,0,45,0,1,0,45,0,1,0
07-14-2020,46,0,0,0,45,0,1,0,45,0,1,0
07-15-2020,46,0,0,0,45,0,1,0,45,0,1,0
07-16-2020,46,0,0,0,45,0,1,0,45,0,1,0
07-17-2020,46,0,0,0,45,0,1,0,45,0,1,0
07-18-2020,46,0,0,0,46,1,0,-1,46,1,0,-1
07-19-2020,46,0,0,0,46,0,0,0,46,0,0,0
07-20-2020,46,0,0,0,46,0,0,0,46,0,0,0
07-21-2020,46,0,0,0,46,0,0,0,46,0,0,0
07-22-2020,46,0,0,0,46,0,0,0,46,0,0,0
07-23-2020,46,0,0,0,46,0,0,0,46,0,0,0
07-24-2020,46,0,0,0,46,0,0,0,46,0,0,0
07-25-2020,46,0,0,0,46,0,0,0,46,0,0,0
07-26-2020,46,0,0,0,46,0,0,0,46,0,0,0
07-27-2020,46,0,0,0,46,0,0,0,46,0,0,0
07-28-2020,46,0,0,0,46,0,0,0,46,0,0,0
07-29-2020,46,0,0,0,46,0,0,0,46,0,0,0
07-30-2020,46,0,0,0,46,0,0,0,46,0,0,0
07-31-2020,46,0,0,0,46,0,0,0,46,0,0,0
08-01-2020,46,0,0,0,46,0,0,0,46,0,0,0
08-02-2020,46,0,0,0,46,0,0,0,46,0,0,0
08-03-2020,46,0,0,0,46,0,0,0,46,0,0,0
08-04-2020,46,0,0,0,46,0,0,0,46,0,0,0
08-05-2020,46,0,0,0,46,0,0,0,46,0,0,0
08-06-2020,46,0,0,0,46,0,0,0,46,0,0,0
08-07-2020,46,0,0,0,46,0,0,0,46,0,0,0
08-08-2020,46,0,0,0,46,0,0,0,46,0,0,0
08-09-2020,46,0,0,0,46,0,0,0,46,0,0,0
08-10-2020,46,0,0,0,46,0,0,0,46,0,0,0
08-11-2020,46,0,0,0,46,0,0,0,46,0,0,0
08-12-2020,46,0,0,0,46,0,0,0,46,0,0,0
08-13-2020,46,0,0,0,46,0,0,0,46,0,0,0
08-14-2020,46,0,0,0,46,0,0,0,46,0,0,0
08-15-2020,46,0,0,0,46,0,0,0,46,0,0,0
08-16-2020,46,0,0,0,46,0,0,0,46,0,0,0
08-17-2020,46,0,0,0,46,0,0,0,46,0,0,0
08-18-2020,46,0,0,0,46,0,0,0,46,0,0,0
08-19-2020,46,0,0,0,46,0,0,0,46,0,0,0
08-20-2020,46,0,0,0,46,0,0,0,46,0,0,0
08-21-2020,46,0,0,0,46,0,0,0,46,0,0,0
08-22-2020,46,0,0,0,46,0,0,0,46,0,0,0
08-23-2020,46,0,0,0,46,0,0,0,46,0,0,0
08-24-2020,46,0,0,0,46,0,0,0,46,0,0,0
08-25-2020,46,0,0,0,46,0,0,0,46,0,0,0
