date,Confirmed,newConfirmed,Deaths,newDeaths,Est.Recovered,newEst.Recovered,Est.Active,newEst.Active,Recovered,newRecovered,Active,newActive
03-01-2020,2,2,0,0,0,0,2,2,0,0,2,2
03-02-2020,2,0,0,0,0,0,2,0,0,0,2,0
03-03-2020,3,1,0,0,0,0,3,1,0,0,3,1
03-04-2020,3,0,0,0,0,0,3,0,0,0,3,0
03-05-2020,4,1,0,0,0,0,4,1,0,0,4,1
03-06-2020,7,3,2,2,0,0,5,1,0,0,5,1
03-07-2020,11,4,2,0,0,0,9,4,0,0,9,4
03-08-2020,13,2,2,0,0,0,11,2,0,0,11,2
03-09-2020,14,1,2,0,0,0,12,1,0,0,12,1
03-10-2020,15,1,2,0,0,0,13,1,0,0,13,1
03-11-2020,29,14,2,0,0,0,27,14,0,0,27,14
03-12-2020,50,21,2,0,0,0,48,21,0,0,48,21
03-13-2020,51,1,3,1,0,0,48,0,0,0,48,0
03-14-2020,116,65,4,1,0,0,112,64,0,0,112,64
03-15-2020,149,33,5,1,0,0,144,32,0,0,144,32
03-16-2020,162,13,5,0,0,0,157,13,0,0,157,13
03-17-2020,217,55,7,2,0,0,210,53,0,0,210,53
03-18-2020,328,111,8,1,0,0,320,110,0,0,320,110
03-19-2020,432,104,9,1,0,0,423,103,0,0,423,103
03-20-2020,563,131,11,2,0,0,552,129,0,0,552,129
03-21-2020,763,200,13,2,0,0,750,198,0,0,750,198
03-22-2020,1007,244,13,0,0,0,994,244,0,0,994,244
03-23-2020,1227,220,18,5,0,0,1209,215,0,0,1209,215
03-24-2020,1467,240,23,5,0,0,1444,235,0,0,1444,235
03-25-2020,1978,511,23,0,0,0,1955,511,0,0,1955,511
03-26-2020,2484,506,29,6,11,11,2444,489,0,0,2455,500
03-27-2020,3198,714,46,17,0,-11,3152,708,0,0,3152,697
03-28-2020,4038,840,54,8,39,39,3945,793,0,0,3984,832
03-29-2020,4950,912,60,6,60,21,4830,885,0,0,4890,906
03-30-2020,5704,754,71,11,60,0,5573,743,0,0,5633,743
03-31-2020,6741,1037,85,14,91,31,6565,992,0,0,6656,1023
04-01-2020,7773,1032,101,16,165,74,7507,942,0,0,7672,1016
04-02-2020,9008,1235,144,43,206,41,8658,1151,0,0,8864,1192
04-03-2020,10268,1260,170,26,287,81,9811,1153,0,0,10098,1234
04-04-2020,11545,1277,195,25,424,137,10926,1115,0,0,11350,1252
04-05-2020,12350,805,221,26,596,172,11533,607,0,0,12129,779
04-06-2020,13629,1279,254,33,741,145,12634,1101,0,0,13375,1246
04-07-2020,14747,1118,296,42,894,153,13557,923,0,0,14451,1076
04-08-2020,15698,951,323,27,1283,389,14092,535,0,0,15375,924
04-09-2020,16826,1128,371,48,1648,365,14807,715,0,0,16455,1080
04-10-2020,17968,1142,419,48,2178,530,15371,564,0,0,17549,1094
04-11-2020,18986,1018,446,27,2841,663,15699,328,0,0,18540,991
04-12-2020,19895,909,461,15,3569,728,15865,166,0,0,19434,894
04-13-2020,21019,1124,499,38,4144,575,16376,511,0,0,20520,1086
04-14-2020,21628,609,571,72,4919,775,16138,-238,163,163,20894,374
04-15-2020,22519,891,614,43,5728,809,16177,39,174,11,21731,837
04-16-2020,23340,821,668,54,6689,961,15983,-194,174,0,22498,767
04-17-2020,24759,1419,726,58,7670,981,16363,380,174,0,23859,1361
04-18-2020,25492,733,748,22,8710,1040,16034,-329,174,0,24570,711
04-19-2020,26314,822,774,26,9371,661,16169,135,174,0,25366,796
04-20-2020,27058,744,823,49,10388,1017,15847,-322,174,0,26061,695
04-21-2020,27869,811,867,44,11284,896,15718,-129,174,0,26828,767
04-22-2020,28586,717,927,60,12066,782,15593,-125,174,0,27485,657
04-23-2020,29648,1062,987,60,12992,926,15669,76,174,0,28487,1002
04-24-2020,30533,885,1046,59,13958,966,15529,-140,174,0,29313,826
04-25-2020,30839,306,1055,9,14894,936,14890,-639,174,0,29610,297
04-26-2020,31532,693,1075,20,15740,846,14717,-173,174,0,30283,673
04-27-2020,32138,606,1088,13,16744,1004,14306,-411,174,0,30876,593
04-28-2020,32848,710,1171,83,17302,558,14375,69,174,0,31503,627
04-29-2020,33193,345,1218,47,18127,825,13848,-527,174,0,31801,298
04-30-2020,33690,497,1268,50,18920,793,13502,-346,174,0,32248,447
05-01-2020,34728,1038,1314,46,20206,1286,13208,-294,174,0,33240,992
05-02-2020,35466,738,1364,50,20938,732,13164,-44,174,0,33928,688
05-03-2020,36078,612,1379,15,21714,776,12985,-179,174,0,34525,597
05-04-2020,36897,819,1399,20,22487,773,13011,26,174,0,35324,799
05-05-2020,37439,542,1471,72,23240,753,12728,-283,174,0,35794,470
05-06-2020,38013,574,1539,68,23912,672,12562,-166,174,0,36300,506
05-07-2020,38828,815,1600,61,24894,982,12334,-228,174,0,37054,754
05-08-2020,39199,371,1669,69,25738,844,11792,-542,174,0,37356,302
05-09-2020,40001,802,1715,46,26124,386,12162,370,174,0,38112,756
05-10-2020,40596,595,1721,6,26852,728,12023,-139,371,197,38504,392
05-11-2020,40982,386,1735,14,27524,672,11723,-300,371,0,38876,372
05-12-2020,41923,941,1779,44,28192,668,11952,229,371,0,39773,897
05-13-2020,42402,479,1827,48,28600,408,11975,23,371,0,40204,431
05-14-2020,43210,808,1875,48,29131,531,12204,229,371,0,40964,760
05-15-2020,44138,928,1917,42,30192,1061,12029,-175,371,0,41850,886
05-16-2020,44811,673,1964,47,30909,717,11938,-91,381,10,42466,616
05-17-2020,45588,777,1973,9,31551,642,12064,126,381,0,43234,768
05-18-2020,46442,854,1997,24,32359,808,12086,22,381,0,44064,830
05-19-2020,46944,502,2052,55,32912,553,11980,-106,381,0,44511,447
05-20-2020,47471,527,2096,44,33481,569,11894,-86,381,0,44994,483
05-21-2020,48675,1204,2144,48,34298,817,12233,339,381,0,46150,1156
05-22-2020,49451,776,2190,46,34734,436,12527,294,381,0,46880,730
05-23-2020,50127,676,2233,43,35434,700,12460,-67,381,0,47513,633
05-24-2020,50867,740,2237,4,36054,620,12576,116,381,0,48249,736
05-25-2020,51746,879,2252,15,36493,439,13001,425,381,0,49113,864
05-26-2020,52255,509,2259,7,37378,885,12618,-383,381,0,49615,502
05-27-2020,52634,379,2319,60,37799,421,12516,-102,381,0,49934,319
05-28-2020,53285,651,2364,45,38519,720,12402,-114,381,0,50540,606
05-29-2020,54497,1212,2413,49,39438,919,12646,244,381,0,51703,1163
05-30-2020,55424,927,2447,34,40089,651,12888,242,381,0,52596,893
05-31-2020,56163,739,2451,4,40841,752,12871,-17,381,0,53331,735
06-01-2020,56830,667,2460,9,41676,835,12694,-177,381,0,53989,658
06-02-2020,57447,617,2530,70,42129,453,12788,94,381,0,54536,547
06-03-2020,58764,1317,2566,36,42636,507,13562,774,381,0,55817,1281
06-04-2020,60183,1419,2607,41,43738,1102,13838,276,381,0,57195,1378
06-05-2020,61488,1305,2660,53,44409,671,14419,581,381,0,58447,1252
06-06-2020,62758,1270,2688,28,45056,647,15014,595,381,0,59689,1242
06-07-2020,63938,1180,2700,12,45762,706,15476,462,381,0,60857,1168
06-08-2020,64904,966,2713,13,46545,783,15646,170,381,0,61810,953
06-09-2020,66000,1096,2766,53,47072,527,16162,516,381,0,62853,1043
06-10-2020,67371,1371,2802,36,47427,355,17142,980,381,0,64188,1335
06-11-2020,69069,1698,2849,47,48045,618,18175,1033,381,0,65839,1651
06-12-2020,70971,1902,2878,29,49180,1135,18913,738,381,0,67712,1873
06-13-2020,73552,2581,2926,48,50014,834,20612,1699,381,0,70245,2533
06-14-2020,75568,2016,2932,6,50746,732,21890,1278,381,0,72255,2010
06-15-2020,77326,1758,2939,7,51440,694,22947,1057,381,0,74006,1751
06-16-2020,80109,2783,2994,55,51982,542,25133,2186,381,0,76734,2728
06-17-2020,82719,2610,3019,25,53126,1144,26574,1441,381,0,79319,2585
06-18-2020,85926,3207,3062,43,54442,1316,28422,1848,381,0,82483,3164
06-19-2020,89748,3822,3105,43,55583,1141,31060,2638,381,0,86262,3779
06-20-2020,93797,4049,3144,39,56707,1124,33946,2886,381,0,90272,4010
06-21-2020,97291,3494,3161,17,57779,1072,36351,2405,381,0,93749,3477
06-22-2020,100217,2926,3173,12,58692,913,38352,2001,381,0,96663,2914
06-23-2020,103503,3286,3238,65,59633,941,40632,2280,381,0,99884,3221
06-24-2020,109014,5511,3281,43,60778,1145,44955,4323,381,0,105352,5468
06-25-2020,114018,5004,3327,46,62239,1461,48452,3497,381,0,110310,4958
06-26-2020,122960,8942,3366,39,63956,1717,55638,7186,381,0,119213,8903
06-27-2020,132545,9585,3390,24,66187,2231,62968,7330,381,0,128774,9561
06-28-2020,141075,8530,3419,29,67933,1746,69723,6755,381,0,137275,8501
06-29-2020,146341,5266,3447,28,69465,1532,73429,3706,381,0,142513,5238
06-30-2020,152434,6093,3505,58,71773,2308,77156,3727,381,0,148548,6035
07-01-2020,158997,6563,3550,45,74052,2279,81395,4239,381,0,155066,6518
07-02-2020,169106,10109,3617,67,76842,2790,88647,7252,381,0,165108,10042
07-03-2020,178594,9488,3684,67,80092,3250,94818,6171,381,0,174529,9421
07-04-2020,190052,11458,3702,18,83566,3474,102784,7966,381,0,185969,11440
07-05-2020,200111,10059,3731,29,86569,3003,109811,7027,381,0,195999,10030
07-06-2020,206447,6336,3778,47,89071,2502,113598,3787,381,0,202288,6289
07-07-2020,213794,7347,3841,63,91849,2778,118104,4506,381,0,209572,7284
07-08-2020,223783,9989,3889,48,96475,4626,123419,5315,381,0,219513,9941
07-09-2020,232718,8935,4009,120,100679,4204,128030,4611,381,0,228328,8815
07-10-2020,244151,11433,4102,93,108156,7477,131893,3863,381,0,239668,11340
07-11-2020,254511,10360,4197,95,116232,8076,134082,2189,381,0,249933,10265
07-12-2020,269811,15300,4242,45,123416,7184,142153,8071,381,0,265188,15255
07-13-2020,282435,12624,4277,35,127926,4510,150232,8079,381,0,277777,12589
07-14-2020,291629,9194,4409,132,133150,5224,154070,3838,381,0,286839,9062
07-15-2020,301810,10181,4521,112,138785,5635,158504,4434,381,0,296908,10069
07-16-2020,315775,13965,4677,156,147337,8552,163761,5257,381,0,310717,13809
07-17-2020,327241,11466,4805,128,155495,8158,166941,3180,381,0,322055,11338
07-18-2020,337569,10328,4895,90,165316,9821,167358,417,381,0,332293,10238
07-19-2020,350047,12478,4982,87,173925,8609,171140,3782,381,0,344684,12391
07-20-2020,360394,10347,5072,90,179425,5500,175897,4757,381,0,354941,10257
07-21-2020,369834,9440,5206,134,185757,6332,178871,2974,381,0,364247,9306
07-22-2020,379619,9785,5324,118,194570,8813,179725,854,381,0,373914,9667
07-23-2020,389868,10249,5497,173,202420,7850,181951,2226,381,0,383990,10076
07-24-2020,402312,12444,5653,156,212872,10452,183787,1836,381,0,396278,12288
07-25-2020,414511,12199,5777,124,222610,9738,186124,2337,381,0,408353,12075
07-26-2020,423855,9344,5854,77,236221,13611,181780,-4344,381,0,417620,9267
07-27-2020,432747,8892,5931,77,247195,10974,179621,-2159,381,0,426435,8815
07-28-2020,441977,9230,6117,186,255448,8253,180412,791,381,0,435479,9044
07-29-2020,451423,9446,6333,216,264528,9080,180562,150,381,0,444709,9230
07-30-2020,461379,9956,6586,253,277162,12634,177631,-2931,381,0,454412,9703
07-31-2020,470386,9007,6843,257,287712,10550,175831,-1800,381,0,463162,8750
08-01-2020,480028,9642,7022,179,297706,9994,175300,-531,381,0,472625,9463
08-02-2020,487132,7104,7084,62,309334,11628,170714,-4586,381,0,479667,7042
08-03-2020,491884,4752,7157,73,318675,9341,166052,-4662,381,0,484346,4679
08-04-2020,497330,5446,7402,245,327269,8594,162659,-3393,381,0,489547,5201
08-05-2020,502739,5409,7627,225,336644,9375,158468,-4191,381,0,494731,5184
08-06-2020,510389,7650,7747,120,346327,9683,156315,-2153,381,0,502261,7530
08-07-2020,518075,7686,7927,180,358274,11947,151874,-4441,381,0,509767,7506
08-08-2020,526577,8502,8109,182,369903,11629,148565,-3309,381,0,518087,8320
08-09-2020,532806,6229,8186,77,379963,10060,144657,-3908,381,0,524239,6152
08-10-2020,536961,4155,8277,91,389106,9143,139578,-5079,381,0,528303,4064
08-11-2020,542792,5831,8553,276,397898,8792,136341,-3237,381,0,533858,5555
08-12-2020,550901,8109,8765,212,407090,9192,135046,-1295,381,0,541755,7897
08-13-2020,557137,6236,8913,148,417467,10377,130757,-4289,381,0,547843,6088
08-14-2020,563285,6148,9141,228,426615,9148,127529,-3228,381,0,553763,5920
08-15-2020,569637,6352,9345,204,436239,9624,124053,-3476,381,0,559911,6148
08-16-2020,573416,3779,9452,107,444137,7898,119827,-4226,381,0,563583,3672
08-17-2020,576095,2679,9539,87,449664,5527,116892,-2935,381,0,566175,2592
08-18-2020,579932,3837,9759,220,455544,5880,114629,-2263,381,0,569792,3617
08-19-2020,584047,4115,9932,173,461622,6078,112493,-2136,381,0,573734,3942
08-20-2020,588602,4555,10049,117,469583,7961,108970,-3523,381,0,578172,4438
08-21-2020,593286,4684,10168,119,478003,8420,105115,-3855,381,0,582737,4565
08-22-2020,597597,4311,10274,106,487010,9007,100313,-4802,381,0,586942,4205
08-23-2020,600571,2974,10325,51,494078,7068,96168,-4145,381,0,589865,2923
08-24-2020,602829,2258,10397,72,499247,5169,93185,-2983,381,0,592051,2186
08-25-2020,602829,0,10397,0,505722,6475,86710,-6475,381,0,592051,0
