date,Confirmed,newConfirmed,Deaths,newDeaths,Est.Recovered,newEst.Recovered,Est.Active,newEst.Active,Recovered,newRecovered,Active,newActive
02-28-2020,1,1,0,0,0,0,1,1,-1,-1,-1,-1
02-29-2020,1,0,0,0,0,0,1,0,-1,-1,-1,-1
03-01-2020,1,0,0,0,0,0,1,0,-1,-1,-1,-1
03-02-2020,1,0,0,0,0,0,1,0,-1,-1,-1,-1
03-03-2020,1,0,0,0,0,0,1,0,-1,-1,-1,-1
03-04-2020,6,5,0,0,0,0,6,5,-1,-1,-1,-1
03-05-2020,6,0,0,0,0,0,6,0,-1,-1,-1,-1
03-06-2020,6,0,0,0,0,0,6,0,-1,-1,-1,-1
03-07-2020,6,0,0,0,0,0,6,0,-1,-1,-1,-1
03-08-2020,6,0,0,0,0,0,6,0,-1,-1,-1,-1
03-09-2020,6,0,0,0,0,0,6,0,-1,-1,-1,-1
03-10-2020,9,3,0,0,0,0,9,3,-1,-1,-1,-1
03-11-2020,12,3,0,0,0,0,12,3,-1,-1,-1,-1
03-12-2020,12,0,0,0,0,0,12,0,-1,-1,-1,-1
03-13-2020,21,9,0,0,0,0,21,9,-1,-1,-1,-1
03-14-2020,21,0,0,0,0,0,21,0,-1,-1,-1,-1
03-15-2020,21,0,0,0,0,0,21,0,-1,-1,-1,-1
03-16-2020,36,15,0,0,0,0,36,15,-1,-1,-1,-1
03-17-2020,36,0,0,0,0,0,36,0,-1,-1,-1,-1
03-18-2020,46,10,0,0,4,4,42,6,-1,-1,-1,-1
03-19-2020,46,0,0,0,4,0,42,0,-1,-1,-1,-1
03-20-2020,57,11,0,0,4,0,53,11,-1,-1,-1,-1
03-21-2020,76,19,0,0,4,0,72,19,-1,-1,-1,-1
03-22-2020,76,0,0,0,4,0,72,0,-1,-1,-1,-1
03-23-2020,76,0,0,0,4,0,72,0,-1,-1,-1,-1
03-24-2020,81,5,0,0,7,3,74,2,-1,-1,-1,-1
03-25-2020,81,0,0,0,9,2,72,-2,-1,-1,-1,-1
03-26-2020,86,5,0,0,9,0,77,5,-1,-1,-1,-1
03-27-2020,86,0,0,0,17,8,69,-8,-1,-1,-1,-1
03-28-2020,94,8,0,0,17,0,77,8,-1,-1,-1,-1
03-29-2020,94,0,0,0,17,0,77,0,-1,-1,-1,-1
03-30-2020,152,58,0,0,29,12,123,46,-1,-1,-1,-1
03-31-2020,152,0,0,0,29,0,123,0,-1,-1,-1,-1
04-01-2020,152,0,0,0,38,9,114,-9,-1,-1,-1,-1
04-02-2020,192,40,2,2,36,-2,154,40,-1,-1,-1,-1
04-03-2020,254,62,4,2,43,7,207,53,-1,-1,-1,-1
04-04-2020,254,0,4,0,58,15,192,-15,-1,-1,-1,-1
04-05-2020,440,186,4,0,58,0,378,186,-1,-1,-1,-1
04-06-2020,562,122,8,4,54,-4,500,122,-1,-1,-1,-1
04-07-2020,700,138,13,5,53,-1,634,134,-1,-1,-1,-1
04-08-2020,861,161,13,0,54,1,794,160,-1,-1,-1,-1
04-09-2020,1066,205,13,0,58,4,995,201,-1,-1,-1,-1
04-10-2020,1066,0,13,0,59,1,994,-1,-1,-1,-1,-1
04-11-2020,1981,915,19,6,60,1,1902,908,-1,-1,-1,-1
04-12-2020,2226,245,23,4,56,-4,2147,245,-1,-1,-1,-1
04-13-2020,2578,352,26,3,102,46,2450,303,-1,-1,-1,-1
04-14-2020,2919,341,29,3,99,-3,2791,341,-1,-1,-1,-1
04-15-2020,3281,362,33,4,96,-3,3152,361,-1,-1,-1,-1
04-16-2020,3728,447,36,3,126,30,3566,414,-1,-1,-1,-1
04-17-2020,4204,476,40,4,174,48,3990,424,-1,-1,-1,-1
04-18-2020,4779,575,43,3,173,-1,4563,573,-1,-1,-1,-1
04-19-2020,4779,0,45,2,322,149,4412,-151,-1,-1,-1,-1
04-20-2020,4779,0,47,2,419,97,4313,-99,-1,-1,-1,-1
04-21-2020,6264,1485,51,4,527,108,5686,1373,-1,-1,-1,-1
04-22-2020,6723,459,55,4,654,127,6014,328,-1,-1,-1,-1
04-23-2020,7281,558,60,5,816,162,6405,391,-1,-1,-1,-1
04-24-2020,8022,741,60,0,816,0,7146,741,-1,-1,-1,-1
04-25-2020,8773,751,63,3,1555,739,7155,9,-1,-1,-1,-1
04-26-2020,9590,817,67,4,1750,195,7773,618,-1,-1,-1,-1
04-27-2020,10463,873,72,5,2039,289,8352,579,-1,-1,-1,-1
04-28-2020,12208,1745,79,7,2308,269,9821,1469,-1,-1,-1,-1
04-29-2020,12208,0,79,0,2602,294,9527,-294,-1,-1,-1,-1
04-30-2020,13181,973,84,5,2964,362,10133,606,-1,-1,-1,-1
05-01-2020,14027,846,89,5,3354,390,10584,451,-1,-1,-1,-1
05-02-2020,14917,890,93,4,3817,463,11007,423,-1,-1,-1,-1
05-03-2020,15828,911,97,4,3839,22,11892,885,-1,-1,-1,-1
05-04-2020,17489,1661,103,6,3850,11,13536,1644,-1,-1,-1,-1
05-05-2020,17489,0,103,0,5072,1222,12314,-1222,-1,-1,-1,-1
05-06-2020,19255,1766,112,9,5458,386,13685,1371,-1,-1,-1,-1
05-07-2020,19255,0,112,0,5939,481,13204,-481,-1,-1,-1,-1
05-08-2020,20168,913,116,4,6535,596,13517,313,-1,-1,-1,-1
05-09-2020,21101,933,121,5,7267,732,13713,196,-1,-1,-1,-1
05-10-2020,22973,1872,131,10,7953,686,14889,1176,-1,-1,-1,-1
05-11-2020,23906,933,135,4,8708,755,15063,174,-1,-1,-1,-1
05-12-2020,23906,0,135,0,10169,1461,13602,-1461,-1,-1,-1,-1
05-13-2020,25840,1934,149,14,10206,37,15485,1883,-1,-1,-1,-1
05-14-2020,25840,0,149,0,11059,853,14632,-853,-1,-1,-1,-1
05-15-2020,26772,932,151,2,11812,753,14809,177,-1,-1,-1,-1
05-16-2020,27730,958,156,5,12608,796,14966,157,-1,-1,-1,-1
05-17-2020,28681,951,160,4,13351,743,15170,204,-1,-1,-1,-1
05-18-2020,29650,969,165,5,14698,1347,14787,-383,-1,-1,-1,-1
05-19-2020,30572,922,171,6,14907,209,15494,707,-1,-1,-1,-1
05-20-2020,31508,936,175,4,16405,1498,14928,-566,-1,-1,-1,-1
05-21-2020,33371,1863,185,10,16484,79,16702,1774,-1,-1,-1,-1
05-22-2020,34303,932,190,5,17322,838,16791,89,-1,-1,-1,-1
05-23-2020,34303,0,190,0,18229,907,15884,-907,-1,-1,-1,-1
05-24-2020,35244,941,194,4,19868,1639,15182,-702,-1,-1,-1,-1
05-25-2020,36198,954,199,5,20758,890,15241,59,-1,-1,-1,-1
05-26-2020,37144,946,204,5,21014,256,15926,685,-1,-1,-1,-1
05-27-2020,38059,915,208,4,22595,1581,15256,-670,-1,-1,-1,-1
05-28-2020,38956,897,214,6,22748,153,15994,738,-1,-1,-1,-1
05-29-2020,39858,902,219,5,23640,892,15999,5,-1,-1,-1,-1
05-30-2020,40764,906,224,5,24564,924,15976,-23,-1,-1,-1,-1
05-31-2020,41658,894,229,5,25457,893,15972,-4,-1,-1,-1,-1
06-01-2020,42556,898,235,6,26468,1011,15853,-119,-1,-1,-1,-1
06-02-2020,43403,847,240,5,27284,816,15879,26,-1,-1,-1,-1
06-03-2020,44255,852,243,3,28310,1026,15702,-177,-1,-1,-1,-1
06-04-2020,45116,861,248,5,29842,1532,15026,-676,-1,-1,-1,-1
06-05-2020,45981,865,253,5,30757,915,14971,-55,-1,-1,-1,-1
06-06-2020,46868,887,259,6,30919,162,15690,719,-1,-1,-1,-1
06-07-2020,46868,0,259,0,31984,1065,14625,-1065,-1,-1,-1,-1
06-08-2020,48630,1762,269,10,32921,937,15440,815,-1,-1,-1,-1
06-09-2020,49453,823,276,7,33767,846,15410,-30,-1,-1,-1,-1
06-10-2020,51066,1613,288,12,34767,1000,16011,601,25667,-1,25111,-1
06-11-2020,51816,750,293,5,35538,771,15985,-26,26643,976,24880,-231
06-12-2020,52520,704,298,5,36436,898,15786,-199,27760,1117,24462,-418
06-13-2020,53241,721,303,5,37343,907,15595,-191,29111,1351,23827,-635
06-14-2020,53973,732,308,5,38241,898,15424,-171,30103,992,23562,-265
06-15-2020,54680,707,312,4,39183,942,15185,-239,30420,317,23948,386
06-16-2020,55369,689,318,6,39992,809,15059,-126,31273,853,23778,-170
06-17-2020,56032,663,324,6,40896,904,14812,-247,32735,1462,22973,-805
06-18-2020,56657,625,331,7,41847,951,14479,-333,34023,1288,22303,-670
06-19-2020,57333,676,337,6,42718,871,14278,-201,35275,1252,21721,-582
06-20-2020,57936,603,343,6,43477,759,14116,-162,36749,1474,20844,-877
06-21-2020,58505,569,346,3,43699,222,14460,344,37666,917,20493,-351
06-22-2020,59023,518,351,5,45302,1603,13370,-1090,37923,257,20749,256
06-23-2020,59487,464,357,6,46095,793,13035,-335,38688,765,20442,-307
06-24-2020,59945,458,362,5,47621,1526,11962,-1073,40136,1448,19447,-995
06-25-2020,60382,437,367,5,48349,728,11666,-296,41448,1312,18567,-880
06-26-2020,60713,331,373,6,49086,737,11254,-412,42689,1241,17651,-916
06-27-2020,61095,382,377,4,49841,755,10877,-377,44126,1437,16592,-1059
06-28-2020,61475,380,383,6,50601,760,10491,-386,45027,901,16065,-527
06-29-2020,61790,315,387,4,51344,743,10059,-432,45213,186,16190,125
06-30-2020,62118,328,392,5,52061,717,9665,-394,46054,841,15672,-518
07-01-2020,62424,306,398,6,52759,698,9267,-398,47553,1499,14473,-1199
07-02-2020,62698,274,405,7,53471,712,8822,-445,48738,1185,13555,-918
07-03-2020,62997,299,412,7,54180,709,8405,-417,49909,1171,12676,-879
07-04-2020,63270,273,418,6,54786,606,8066,-339,50669,760,12183,-493
07-05-2020,63554,284,423,5,55289,503,7842,-224,50871,202,12260,77
07-06-2020,63804,250,429,6,55997,708,7378,-464,51120,249,12255,-5
07-07-2020,64003,199,436,7,56529,532,7038,-340,51902,782,11665,-590
07-08-2020,64224,221,443,7,57164,635,6617,-421,52854,952,10927,-738
07-09-2020,64411,187,449,6,57662,498,6300,-317,53609,755,10353,-574
07-10-2020,64604,193,454,5,58069,407,6081,-219,54254,645,9896,-457
07-11-2020,64767,163,459,5,58519,450,5789,-292,54919,665,9389,-507
07-12-2020,64932,165,464,5,58969,450,5499,-290,55380,461,9088,-301
07-13-2020,65114,182,468,4,59364,395,5282,-217,55492,112,9154,66
07-14-2020,65269,155,474,6,59763,399,5032,-250,55799,307,8996,-158
07-15-2020,65443,174,480,6,60140,377,4823,-209,56379,580,8584,-412
07-16-2020,65623,180,485,5,60488,348,4650,-173,56915,536,8223,-361
07-17-2020,65782,159,491,6,60862,374,4429,-221,57370,455,7921,-302
07-18-2020,65953,171,495,4,61208,346,4250,-179,57856,486,7602,-319
07-19-2020,66095,142,499,4,61513,305,4083,-167,58204,348,7392,-210
07-20-2020,66213,118,503,4,61872,359,3838,-245,58290,86,7420,28
07-21-2020,66348,135,507,4,62136,264,3705,-133,58592,302,7249,-171
07-22-2020,66521,173,513,6,62454,318,3554,-151,59061,469,6947,-302
07-23-2020,66688,167,519,6,62698,244,3471,-83,59439,378,6730,-217
07-24-2020,66846,158,524,5,62931,233,3391,-80,59755,316,6567,-163
07-25-2020,67002,156,530,6,63146,215,3326,-65,60092,337,6380,-187
07-26-2020,67132,130,534,4,63366,220,3232,-94,60425,333,6173,-207
07-27-2020,67251,119,538,4,63588,222,3125,-107,60492,67,6221,48
07-28-2020,67366,115,543,5,63789,201,3034,-91,60669,177,6154,-67
07-29-2020,67518,152,548,5,64001,212,2969,-65,61442,773,5528,-626
07-30-2020,67665,147,553,5,64212,211,2900,-69,61765,323,5347,-181
07-31-2020,67808,143,559,6,64410,198,2839,-61,62444,679,4805,-542
08-01-2020,67946,138,563,4,64613,203,2770,-69,62686,242,4697,-108
08-02-2020,68067,121,567,4,64792,179,2708,-62,62896,210,4604,-93
08-03-2020,68166,99,571,4,64945,153,2650,-58,62943,47,4652,48
08-04-2020,68250,84,574,3,65102,157,2574,-76,63163,220,4513,-139
08-05-2020,68376,126,577,3,65293,191,2506,-68,63425,262,4374,-139
08-06-2020,68503,127,580,3,65473,180,2450,-56,63756,331,4167,-207
08-07-2020,68614,111,583,3,65642,169,2389,-61,64200,444,3831,-336
08-08-2020,68738,124,585,2,65808,166,2345,-44,64744,544,3409,-422
08-09-2020,68850,112,587,2,65954,146,2309,-36,64935,191,3328,-81
08-10-2020,68947,97,589,2,66089,135,2269,-40,64991,56,3367,39
08-11-2020,69005,58,592,3,66218,129,2195,-74,65219,228,3194,-173
08-12-2020,69102,97,595,3,66377,159,2130,-65,65893,674,2614,-580
08-13-2020,69203,101,599,4,66531,154,2073,-57,66178,285,2426,-188
08-14-2020,69308,105,603,4,66680,149,2025,-48,66452,274,2253,-173
08-15-2020,69424,116,607,4,66826,146,1991,-34,66747,295,2070,-183
08-16-2020,69516,92,610,3,67072,246,1834,-157,67072,325,1834,-236
08-17-2020,69589,73,613,3,67149,77,1827,-7,67149,77,1827,-7
08-18-2020,69673,84,617,4,67339,190,1717,-110,67339,190,1717,-110
08-19-2020,69801,128,622,5,67647,308,1532,-185,67647,308,1532,-185
08-20-2020,69950,149,627,5,67929,282,1394,-138,67929,282,1394,-138
08-21-2020,70111,161,632,5,68256,327,1223,-171,68256,327,1223,-171
08-22-2020,70285,174,637,5,68577,321,1071,-152,68577,321,1071,-152
08-23-2020,70468,183,642,5,68839,262,987,-84,68839,262,987,-84
08-24-2020,70645,177,646,4,68925,86,1074,87,68925,86,1074,87
08-25-2020,70727,82,652,6,69097,172,978,-96,69097,172,978,-96
