date,Confirmed,newConfirmed,Deaths,newDeaths,Est.Recovered,newEst.Recovered,Est.Active,newEst.Active,Recovered,newRecovered,Active,newActive
01-22-2020,2,2,0,0,0,0,2,2,0,0,2,2
01-23-2020,7,5,0,0,0,0,7,5,0,0,7,5
01-24-2020,18,11,0,0,0,0,18,11,0,0,18,11
01-25-2020,36,18,0,0,0,0,36,18,0,0,36,18
01-26-2020,48,12,0,0,0,0,48,12,0,0,48,12
01-27-2020,72,24,0,0,2,2,70,22,2,2,70,22
01-28-2020,109,37,0,0,3,1,106,36,3,1,106,36
01-29-2020,162,53,0,0,4,1,158,52,4,1,158,52
01-30-2020,240,78,0,0,7,3,233,75,7,3,233,75
01-31-2020,240,0,0,0,7,0,233,0,7,0,233,0
02-01-2020,333,93,0,0,10,3,323,90,10,3,323,90
02-02-2020,391,58,0,0,18,8,373,50,18,8,373,50
02-03-2020,476,85,0,0,19,1,457,84,19,1,457,84
02-04-2020,548,72,0,0,27,8,521,64,27,8,521,64
02-05-2020,548,0,0,0,27,0,521,0,27,0,521,0
02-06-2020,600,52,0,0,37,10,563,42,37,10,563,42
02-07-2020,661,61,0,0,45,8,616,53,45,8,616,53
02-08-2020,740,79,0,0,72,27,668,52,72,27,668,52
02-09-2020,771,31,1,1,102,30,668,0,102,30,668,0
02-10-2020,771,0,1,0,105,3,665,-3,105,3,665,-3
02-11-2020,844,73,1,0,152,47,691,26,152,47,691,26
02-12-2020,872,28,1,0,170,18,701,10,170,18,701,10
02-13-2020,900,28,1,0,193,23,706,5,187,17,712,11
02-14-2020,913,13,1,0,210,17,702,-4,210,23,702,-10
02-15-2020,925,12,1,0,268,58,656,-46,239,29,685,-17
02-16-2020,930,5,1,0,315,47,614,-42,275,36,654,-31
02-17-2020,933,3,1,0,384,69,548,-66,310,35,622,-32
02-18-2020,934,1,1,0,442,58,491,-57,362,52,571,-51
02-19-2020,934,0,1,0,443,1,490,-1,432,70,501,-70
02-20-2020,934,0,1,0,489,46,444,-46,489,57,444,-57
02-21-2020,934,0,1,0,544,55,389,-55,544,55,389,-55
02-22-2020,934,0,1,0,611,67,322,-67,611,67,322,-67
02-23-2020,934,0,1,0,645,34,288,-34,645,34,288,-34
02-24-2020,934,0,1,0,682,37,251,-37,682,37,251,-37
02-25-2020,934,0,1,0,719,37,214,-37,719,37,214,-37
02-26-2020,934,0,1,0,754,35,179,-35,754,35,179,-35
02-27-2020,935,1,1,0,790,36,144,-35,790,36,144,-35
02-28-2020,935,0,1,0,811,21,123,-21,811,21,123,-21
02-29-2020,935,0,1,0,831,20,103,-20,831,20,103,-20
03-01-2020,935,0,1,0,850,19,84,-19,850,19,84,-19
03-02-2020,935,0,1,0,870,20,64,-20,870,20,64,-20
03-03-2020,935,0,1,0,884,14,50,-14,884,14,50,-14
03-04-2020,935,0,1,0,901,17,33,-17,901,17,33,-17
03-05-2020,935,0,1,0,908,7,26,-7,908,7,26,-7
03-06-2020,935,0,1,0,916,8,18,-8,916,8,18,-8
03-07-2020,935,0,1,0,916,0,18,0,916,0,18,0
03-08-2020,935,0,1,0,918,2,16,-2,918,2,16,-2
03-09-2020,935,0,1,0,923,5,11,-5,923,5,11,-5
03-10-2020,935,0,1,0,932,9,2,-9,932,9,2,-9
03-11-2020,935,0,1,0,934,2,0,-2,934,2,0,-2
03-12-2020,935,0,1,0,934,0,0,0,934,0,0,0
03-13-2020,935,0,1,0,934,0,0,0,934,0,0,0
03-14-2020,935,0,1,0,934,0,0,0,934,0,0,0
03-15-2020,935,0,1,0,934,0,0,0,934,0,0,0
03-16-2020,935,0,1,0,934,0,0,0,934,0,0,0
03-17-2020,935,0,1,0,934,0,0,0,934,0,0,0
03-18-2020,935,0,1,0,934,0,0,0,934,0,0,0
03-19-2020,935,0,1,0,934,0,0,0,934,0,0,0
03-20-2020,935,0,1,0,934,0,0,0,934,0,0,0
03-21-2020,936,1,1,0,934,0,1,1,934,0,1,1
03-22-2020,936,0,1,0,934,0,1,0,934,0,1,0
03-23-2020,936,0,1,0,934,0,1,0,934,0,1,0
03-24-2020,936,0,1,0,934,0,1,0,934,0,1,0
03-25-2020,936,0,1,0,934,0,1,0,934,0,1,0
03-26-2020,936,0,1,0,934,0,1,0,934,0,1,0
03-27-2020,936,0,1,0,934,0,1,0,934,0,1,0
03-28-2020,936,0,1,0,934,0,1,0,934,0,1,0
03-29-2020,937,1,1,0,934,0,2,1,934,0,2,1
03-30-2020,937,0,1,0,934,0,2,0,934,0,2,0
03-31-2020,937,0,1,0,934,0,2,0,934,0,2,0
04-01-2020,937,0,1,0,934,0,2,0,934,0,2,0
04-02-2020,937,0,1,0,934,0,2,0,934,0,2,0
04-03-2020,937,0,1,0,934,0,2,0,934,0,2,0
04-04-2020,937,0,1,0,934,0,2,0,934,0,2,0
04-05-2020,937,0,1,0,934,0,2,0,934,0,2,0
04-06-2020,937,0,1,0,934,0,2,0,934,0,2,0
04-07-2020,937,0,1,0,934,0,2,0,934,0,2,0
04-08-2020,937,0,1,0,934,0,2,0,934,0,2,0
04-09-2020,937,0,1,0,934,0,2,0,934,0,2,0
04-10-2020,937,0,1,0,934,0,2,0,934,0,2,0
04-11-2020,937,0,1,0,934,0,2,0,934,0,2,0
04-12-2020,937,0,1,0,935,1,1,-1,934,0,2,0
04-13-2020,937,0,1,0,935,0,1,0,934,0,2,0
04-14-2020,937,0,1,0,935,0,1,0,934,0,2,0
04-15-2020,937,0,1,0,935,0,1,0,934,0,2,0
04-16-2020,937,0,1,0,935,0,1,0,934,0,2,0
04-17-2020,937,0,1,0,936,1,0,-1,936,2,0,-2
04-18-2020,937,0,1,0,936,0,0,0,936,0,0,0
04-19-2020,937,0,1,0,936,0,0,0,936,0,0,0
04-20-2020,937,0,1,0,936,0,0,0,936,0,0,0
04-21-2020,937,0,1,0,936,0,0,0,936,0,0,0
04-22-2020,937,0,1,0,936,0,0,0,936,0,0,0
04-23-2020,937,0,1,0,936,0,0,0,936,0,0,0
04-24-2020,937,0,1,0,936,0,0,0,936,0,0,0
04-25-2020,937,0,1,0,936,0,0,0,936,0,0,0
04-26-2020,937,0,1,0,936,0,0,0,936,0,0,0
04-27-2020,937,0,1,0,936,0,0,0,936,0,0,0
04-28-2020,937,0,1,0,936,0,0,0,936,0,0,0
04-29-2020,937,0,1,0,936,0,0,0,936,0,0,0
04-30-2020,937,0,1,0,936,0,0,0,936,0,0,0
05-01-2020,937,0,1,0,936,0,0,0,936,0,0,0
05-02-2020,937,0,1,0,936,0,0,0,936,0,0,0
05-03-2020,937,0,1,0,936,0,0,0,936,0,0,0
05-04-2020,937,0,1,0,936,0,0,0,936,0,0,0
05-05-2020,937,0,1,0,936,0,0,0,936,0,0,0
05-06-2020,937,0,1,0,936,0,0,0,936,0,0,0
05-07-2020,937,0,1,0,936,0,0,0,936,0,0,0
05-08-2020,937,0,1,0,936,0,0,0,936,0,0,0
05-09-2020,937,0,1,0,936,0,0,0,936,0,0,0
05-10-2020,937,0,1,0,936,0,0,0,936,0,0,0
05-11-2020,937,0,1,0,936,0,0,0,936,0,0,0
05-12-2020,937,0,1,0,936,0,0,0,936,0,0,0
05-13-2020,937,0,1,0,936,0,0,0,936,0,0,0
05-14-2020,937,0,1,0,936,0,0,0,936,0,0,0
05-15-2020,937,0,1,0,936,0,0,0,936,0,0,0
05-16-2020,937,0,1,0,936,0,0,0,936,0,0,0
05-17-2020,937,0,1,0,936,0,0,0,936,0,0,0
05-18-2020,937,0,1,0,936,0,0,0,936,0,0,0
05-19-2020,937,0,1,0,936,0,0,0,936,0,0,0
05-20-2020,937,0,1,0,936,0,0,0,936,0,0,0
05-21-2020,937,0,1,0,936,0,0,0,936,0,0,0
05-22-2020,937,0,1,0,936,0,0,0,936,0,0,0
05-23-2020,937,0,1,0,936,0,0,0,936,0,0,0
05-24-2020,937,0,1,0,936,0,0,0,936,0,0,0
05-25-2020,937,0,1,0,936,0,0,0,936,0,0,0
05-26-2020,937,0,1,0,936,0,0,0,936,0,0,0
05-27-2020,937,0,1,0,936,0,0,0,936,0,0,0
05-28-2020,937,0,1,0,936,0,0,0,936,0,0,0
05-29-2020,937,0,1,0,936,0,0,0,936,0,0,0
05-30-2020,937,0,1,0,936,0,0,0,936,0,0,0
05-31-2020,937,0,1,0,936,0,0,0,936,0,0,0
06-01-2020,937,0,1,0,936,0,0,0,936,0,0,0
06-02-2020,937,0,1,0,936,0,0,0,936,0,0,0
06-03-2020,937,0,1,0,936,0,0,0,936,0,0,0
06-04-2020,937,0,1,0,936,0,0,0,936,0,0,0
06-05-2020,937,0,1,0,936,0,0,0,936,0,0,0
06-06-2020,937,0,1,0,936,0,0,0,936,0,0,0
06-07-2020,937,0,1,0,936,0,0,0,936,0,0,0
06-08-2020,937,0,1,0,936,0,0,0,936,0,0,0
06-09-2020,937,0,1,0,936,0,0,0,936,0,0,0
06-10-2020,937,0,1,0,936,0,0,0,936,0,0,0
06-11-2020,937,0,1,0,936,0,0,0,936,0,0,0
06-12-2020,937,0,1,0,936,0,0,0,936,0,0,0
06-13-2020,937,0,1,0,936,0,0,0,936,0,0,0
06-14-2020,937,0,1,0,936,0,0,0,936,0,0,0
06-15-2020,937,0,1,0,936,0,0,0,936,0,0,0
06-16-2020,937,0,1,0,936,0,0,0,936,0,0,0
06-17-2020,937,0,1,0,936,0,0,0,936,0,0,0
06-18-2020,937,0,1,0,936,0,0,0,936,0,0,0
06-19-2020,937,0,1,0,936,0,0,0,936,0,0,0
06-20-2020,937,0,1,0,936,0,0,0,936,0,0,0
06-21-2020,937,0,1,0,936,0,0,0,936,0,0,0
06-22-2020,937,0,1,0,936,0,0,0,936,0,0,0
06-23-2020,937,0,1,0,936,0,0,0,936,0,0,0
06-24-2020,937,0,1,0,936,0,0,0,936,0,0,0
06-25-2020,937,0,1,0,936,0,0,0,936,0,0,0
06-26-2020,937,0,1,0,936,0,0,0,936,0,0,0
06-27-2020,937,0,1,0,936,0,0,0,936,0,0,0
06-28-2020,937,0,1,0,936,0,0,0,936,0,0,0
06-29-2020,937,0,1,0,936,0,0,0,935,-1,1,1
06-30-2020,937,0,1,0,936,0,0,0,935,0,1,0
07-01-2020,937,0,1,0,936,0,0,0,935,0,1,0
07-02-2020,937,0,1,0,936,0,0,0,935,0,1,0
07-03-2020,932,-5,1,0,931,-5,0,0,931,-4,0,-1
07-04-2020,932,0,1,0,931,0,0,0,931,0,0,0
07-05-2020,932,0,1,0,931,0,0,0,931,0,0,0
07-06-2020,932,0,1,0,931,0,0,0,931,0,0,0
07-07-2020,932,0,1,0,931,0,0,0,931,0,0,0
07-08-2020,932,0,1,0,931,0,0,0,931,0,0,0
07-09-2020,932,0,1,0,931,0,0,0,931,0,0,0
07-10-2020,932,0,1,0,931,0,0,0,931,0,0,0
07-11-2020,932,0,1,0,931,0,0,0,931,0,0,0
07-12-2020,932,0,1,0,931,0,0,0,931,0,0,0
07-13-2020,932,0,1,0,931,0,0,0,931,0,0,0
07-14-2020,932,0,1,0,931,0,0,0,931,0,0,0
07-15-2020,932,0,1,0,931,0,0,0,931,0,0,0
07-16-2020,932,0,1,0,931,0,0,0,931,0,0,0
07-17-2020,932,0,1,0,931,0,0,0,931,0,0,0
07-18-2020,932,0,1,0,931,0,0,0,931,0,0,0
07-19-2020,932,0,1,0,931,0,0,0,931,0,0,0
07-20-2020,932,0,1,0,931,0,0,0,931,0,0,0
07-21-2020,932,0,1,0,931,0,0,0,931,0,0,0
07-22-2020,932,0,1,0,931,0,0,0,931,0,0,0
07-23-2020,932,0,1,0,931,0,0,0,931,0,0,0
07-24-2020,932,0,1,0,931,0,0,0,931,0,0,0
07-25-2020,932,0,1,0,931,0,0,0,931,0,0,0
07-26-2020,932,0,1,0,931,0,0,0,931,0,0,0
07-27-2020,932,0,1,0,931,0,0,0,931,0,0,0
07-28-2020,932,0,1,0,931,0,0,0,931,0,0,0
07-29-2020,932,0,1,0,931,0,0,0,931,0,0,0
07-30-2020,932,0,1,0,931,0,0,0,931,0,0,0
07-31-2020,932,0,1,0,931,0,0,0,931,0,0,0
08-01-2020,932,0,1,0,931,0,0,0,931,0,0,0
08-02-2020,932,0,1,0,931,0,0,0,931,0,0,0
08-03-2020,932,0,1,0,931,0,0,0,931,0,0,0
08-04-2020,932,0,1,0,931,0,0,0,931,0,0,0
08-05-2020,932,0,1,0,931,0,0,0,931,0,0,0
08-06-2020,932,0,1,0,931,0,0,0,931,0,0,0
08-07-2020,932,0,1,0,931,0,0,0,931,0,0,0
08-08-2020,932,0,1,0,931,0,0,0,931,0,0,0
08-09-2020,932,0,1,0,931,0,0,0,931,0,0,0
08-10-2020,932,0,1,0,931,0,0,0,931,0,0,0
08-11-2020,932,0,1,0,931,0,0,0,931,0,0,0
08-12-2020,932,0,1,0,931,0,0,0,931,0,0,0
08-13-2020,932,0,1,0,931,0,0,0,931,0,0,0
08-14-2020,932,0,1,0,931,0,0,0,931,0,0,0
08-15-2020,932,0,1,0,931,0,0,0,931,0,0,0
08-16-2020,932,0,1,0,931,0,0,0,931,0,0,0
08-17-2020,932,0,1,0,931,0,0,0,931,0,0,0
08-18-2020,932,0,1,0,931,0,0,0,931,0,0,0
08-19-2020,932,0,1,0,931,0,0,0,931,0,0,0
08-20-2020,932,0,1,0,931,0,0,0,931,0,0,0
08-21-2020,932,0,1,0,931,0,0,0,931,0,0,0
08-22-2020,932,0,1,0,931,0,0,0,931,0,0,0
08-23-2020,932,0,1,0,931,0,0,0,931,0,0,0
08-24-2020,932,0,1,0,931,0,0,0,931,0,0,0
08-25-2020,932,0,1,0,931,0,0,0,931,0,0,0
