date,Confirmed,newConfirmed,Deaths,newDeaths,Est.Recovered,newEst.Recovered,Est.Active,newEst.Active,Recovered,newRecovered,Active,newActive
01-26-2020,2,2,0,0,0,0,2,2,0,0,2,2
01-27-2020,2,0,0,0,0,0,2,0,0,0,2,0
01-28-2020,2,0,0,0,0,0,2,0,0,0,2,0
01-29-2020,2,0,0,0,0,0,2,0,0,0,2,0
01-30-2020,2,0,0,0,0,0,2,0,0,0,2,0
01-31-2020,3,1,0,0,0,0,3,1,0,0,3,1
02-01-2020,3,0,0,0,0,0,3,0,0,0,3,0
02-02-2020,4,1,0,0,0,0,4,1,0,0,4,1
02-03-2020,6,2,0,0,0,0,6,2,0,0,6,2
02-04-2020,6,0,0,0,0,0,6,0,0,0,6,0
02-05-2020,6,0,0,0,0,0,6,0,0,0,6,0
02-06-2020,6,0,0,0,0,0,6,0,0,0,6,0
02-07-2020,6,0,0,0,0,0,6,0,0,0,6,0
02-08-2020,6,0,0,0,0,0,6,0,0,0,6,0
02-09-2020,6,0,0,0,1,1,5,-1,0,0,6,0
02-10-2020,6,0,0,0,1,0,5,0,1,1,5,-1
02-11-2020,7,1,0,0,1,0,6,1,1,0,6,1
02-12-2020,8,1,0,0,1,0,7,1,1,0,7,1
02-13-2020,8,0,0,0,1,0,7,0,1,0,7,0
02-14-2020,8,0,0,0,2,1,6,-1,1,0,7,0
02-15-2020,8,0,0,0,2,0,6,0,1,0,7,0
02-16-2020,8,0,0,0,3,1,5,-1,1,0,7,0
02-17-2020,8,0,0,0,4,1,4,-1,1,0,7,0
02-18-2020,8,0,0,0,4,0,4,0,1,0,7,0
02-19-2020,8,0,0,0,4,0,4,0,1,0,7,0
02-20-2020,8,0,0,0,4,0,4,0,1,0,7,0
02-21-2020,10,2,0,0,4,0,6,2,2,1,8,1
02-22-2020,10,0,0,0,4,0,6,0,2,0,8,0
02-23-2020,10,0,0,0,5,1,5,-1,2,0,8,0
02-24-2020,10,0,0,0,5,0,5,0,2,0,8,0
02-25-2020,10,0,0,0,5,0,5,0,2,0,8,0
02-26-2020,11,1,0,0,6,1,5,0,2,0,9,1
02-27-2020,11,0,0,0,6,0,5,0,2,0,9,0
02-28-2020,12,1,0,0,6,0,6,1,2,0,10,1
02-29-2020,13,1,0,0,6,0,7,1,2,0,11,1
03-01-2020,16,3,0,0,7,1,9,2,2,0,14,3
03-02-2020,19,3,0,0,7,0,12,3,2,0,17,3
03-03-2020,26,7,0,0,7,0,19,7,2,0,24,7
03-04-2020,36,10,1,1,6,-1,29,10,2,0,33,9
03-05-2020,49,13,1,0,6,0,42,13,2,0,46,13
03-06-2020,66,17,1,0,7,1,58,16,2,0,63,17
03-07-2020,84,18,1,0,7,0,76,18,2,0,81,18
03-08-2020,99,15,1,0,8,1,90,14,2,0,96,15
03-09-2020,143,44,2,1,7,-1,134,44,2,0,139,43
03-10-2020,157,14,2,0,7,0,148,14,2,0,153,14
03-11-2020,177,20,4,2,6,-1,167,19,2,0,171,18
03-12-2020,243,66,4,0,6,0,233,66,2,0,237,66
03-13-2020,295,52,5,1,5,-1,285,52,2,0,288,51
03-14-2020,374,79,5,0,6,1,363,78,2,0,367,79
03-15-2020,458,84,6,1,8,2,444,81,2,0,450,83
03-16-2020,567,109,11,5,5,-3,551,107,2,0,554,104
03-17-2020,718,151,13,2,9,4,696,145,6,4,699,145
03-18-2020,864,146,17,4,13,4,834,138,6,0,841,142
03-19-2020,1041,177,19,2,22,9,1000,166,6,0,1016,175
03-20-2020,1247,206,24,5,31,9,1192,192,6,0,1217,201
03-21-2020,1518,271,28,4,41,10,1449,257,0,-6,1490,273
03-22-2020,1812,294,35,7,46,5,1731,282,0,0,1777,287
03-23-2020,2220,408,43,8,74,28,2103,372,0,0,2177,400
03-24-2020,2628,408,54,11,74,0,2500,397,0,0,2574,397
03-25-2020,3169,541,67,13,78,4,3024,524,0,0,3102,528
03-26-2020,4040,871,82,15,116,38,3842,818,0,0,3958,856
03-27-2020,4885,845,102,20,139,23,4644,802,0,0,4783,825
03-28-2020,5648,763,120,18,185,46,5343,699,0,0,5528,745
03-29-2020,6345,697,132,12,241,56,5972,629,0,0,6213,685
03-30-2020,7394,1049,149,17,313,72,6932,960,0,0,7245,1032
03-31-2020,8558,1164,182,33,403,90,7973,1041,0,0,8376,1131
04-01-2020,9907,1349,216,34,489,86,9202,1229,0,0,9691,1315
04-02-2020,11126,1219,244,28,606,117,10276,1074,0,0,10882,1191
04-03-2020,12507,1381,280,36,739,133,11488,1212,0,0,12227,1345
04-04-2020,13904,1397,324,44,917,178,12663,1175,0,0,13580,1353
04-05-2020,15158,1254,350,26,1132,215,13676,1013,0,0,14808,1228
04-06-2020,16349,1191,388,38,1430,298,14531,855,0,0,15961,1153
04-07-2020,17625,1276,452,64,1699,269,15474,943,341,341,16832,871
04-08-2020,19031,1406,507,55,2085,386,16439,965,459,118,18065,1233
04-09-2020,20169,1138,547,40,2759,674,16863,424,705,246,18917,852
04-10-2020,21408,1239,599,52,3399,640,17410,547,779,74,20030,1113
04-11-2020,22416,1008,634,35,3993,594,17789,379,942,163,20840,810
04-12-2020,23311,895,682,48,4522,529,18107,318,978,36,21651,811
04-13-2020,24372,1061,732,50,5337,815,18303,196,1116,138,22524,873
04-14-2020,25779,1407,790,58,6243,906,18746,443,1321,205,23668,1144
04-15-2020,27098,1319,890,100,7257,1014,18951,205,1258,-63,24950,1282
04-16-2020,28157,1059,973,83,8187,930,18997,46,1473,215,25711,761
04-17-2020,29425,1268,1057,84,9251,1064,19117,120,2560,1087,25808,97
04-18-2020,30812,1387,1148,91,10330,1079,19334,217,2740,180,26924,1116
04-19-2020,31531,719,1180,32,11356,1026,18995,-339,3053,313,27298,374
04-20-2020,33866,2335,1229,49,12331,975,20306,1311,3337,284,29300,2002
04-21-2020,35845,1979,1326,97,13326,995,21193,887,3345,8,31174,1874
04-22-2020,37701,1856,1439,113,14428,1102,21834,641,3580,235,32682,1508
04-23-2020,39561,1860,1533,94,15381,953,22647,813,3582,2,34446,1764
04-24-2020,41355,1794,1621,88,16418,1037,23316,669,3620,38,36114,1668
04-25-2020,42626,1271,1698,77,17268,850,23660,344,3621,1,37307,1193
04-26-2020,43720,1094,1723,25,18070,802,23927,267,3621,0,38376,1069
04-27-2020,45200,1480,1788,65,19016,946,24396,469,3636,15,39776,1400
04-28-2020,46164,964,1864,76,20251,1235,24049,-347,3636,0,40664,888
04-29-2020,48829,2665,1956,92,21423,1172,25450,1401,3636,0,43237,2573
04-30-2020,50411,1582,2046,90,22370,947,25995,545,3643,7,44722,1485
05-01-2020,52238,1827,2136,90,23511,1141,26591,596,3643,0,46459,1737
05-02-2020,53655,1417,2194,58,24786,1275,26675,84,3684,41,47777,1318
05-03-2020,54924,1269,2217,23,25535,749,27172,497,3684,0,49023,1246
05-04-2020,56135,1211,2289,72,27542,2007,26304,-868,3916,232,49930,907
05-05-2020,58685,2550,2388,99,29245,1703,27052,748,3956,40,52341,2411
05-06-2020,60616,1931,2464,76,30896,1651,27256,204,3975,19,54177,1836
05-07-2020,62360,1744,2546,82,32524,1628,27290,34,4071,96,55743,1566
05-08-2020,63779,1419,2613,67,34125,1601,27041,-249,4423,352,56743,1000
05-09-2020,66558,2779,2687,74,35260,1135,28611,1570,7559,3136,56312,-431
05-10-2020,67875,1317,2718,31,36275,1015,28882,271,8191,632,56966,654
05-11-2020,69347,1472,2779,61,37614,1339,28954,72,8219,28,58349,1383
05-12-2020,71047,1700,2882,103,38547,933,29618,664,9870,1651,58295,-54
05-13-2020,73144,2097,2974,92,40866,2319,29304,-314,9897,27,60273,1978
05-14-2020,74871,1727,3052,78,42279,1413,29540,236,11686,1789,60133,-140
05-15-2020,76902,2031,3153,101,43904,1625,29845,305,11713,27,62036,1903
05-16-2020,78789,1887,3208,55,45261,1357,30320,475,11954,241,63627,1591
05-17-2020,80166,1377,3240,32,46420,1159,30506,186,11954,0,64972,1345
05-18-2020,81828,1662,3287,47,47741,1321,30800,294,12031,77,66510,1538
05-19-2020,83845,2017,3419,132,50015,2274,30411,-389,12496,465,67930,1420
05-20-2020,85997,2152,3497,78,51831,1816,30669,258,12536,40,69964,2034
05-21-2020,88480,2483,3604,107,53454,1623,31422,753,12569,33,72307,2343
05-22-2020,90628,2148,3672,68,54849,1395,32107,685,12602,33,74354,2047
05-23-2020,92539,1911,3738,66,57262,2413,31539,-568,12602,0,76199,1845
05-24-2020,94257,1718,3756,18,58509,1247,31992,453,15822,3220,74679,-1520
05-25-2020,96400,2143,3767,11,59950,1441,32683,691,15951,129,76682,2003
05-26-2020,99810,3410,3826,59,61473,1523,34511,1828,18684,2733,77300,618
05-27-2020,101807,1997,3919,93,63518,2045,34370,-141,18782,98,79106,1806
05-28-2020,103936,2129,3994,75,65116,1598,34826,456,18782,0,81160,2054
05-29-2020,106910,2974,4089,95,66986,1870,35835,1009,18841,59,83980,2820
05-30-2020,109895,2985,4145,56,68726,1740,37024,1189,18863,22,86887,2907
05-31-2020,111921,2026,4173,28,70027,1301,37721,697,20907,2044,86841,-46
06-01-2020,114993,3072,4221,48,71611,1584,39161,1440,20972,65,89800,2959
06-02-2020,117215,2222,4306,85,73616,2005,39293,132,20972,0,91937,2137
06-03-2020,119348,2133,4375,69,75653,2037,39320,27,20972,0,94001,2064
06-04-2020,122168,2820,4445,70,77932,2279,39791,471,20972,0,96751,2750
06-05-2020,126196,4028,4541,96,79864,1932,41791,2000,21601,629,100054,3303
06-06-2020,128593,2397,4607,66,81799,1935,42187,396,21601,0,102385,2331
06-07-2020,130615,2022,4633,26,83403,1604,42579,392,21601,0,104381,1996
06-08-2020,133816,3201,4658,25,85394,1991,43764,1185,21601,0,107557,3176
06-09-2020,137060,3244,4753,95,88347,2953,43960,196,22258,657,110049,2492
06-10-2020,139151,2091,4839,86,90306,1959,44006,46,22258,0,112054,2005
06-11-2020,143377,4226,4935,96,92255,1949,46187,2181,22849,591,115593,3539
06-12-2020,146659,3282,4979,44,94996,2741,46684,497,36656,13807,105024,-10569
06-13-2020,150018,3359,5077,98,97651,2655,47290,606,37486,830,107455,2431
06-14-2020,152300,2282,5100,23,99525,1874,47675,385,37772,286,109428,1973
06-15-2020,155726,3426,5115,15,102292,2767,48319,644,38894,1122,111717,2289
06-16-2020,156517,791,5140,25,104476,2184,46901,-1418,39292,398,112085,368
06-17-2020,159991,3474,5225,85,106517,2041,48249,1348,40636,1344,114130,2045
06-18-2020,167086,7095,5356,131,109105,2588,52625,4376,42724,2088,119006,4876
06-19-2020,170862,3776,5427,71,112668,3563,52767,142,44025,1301,121410,2404
06-20-2020,175213,4351,5495,68,114948,2280,54770,2003,44779,754,124939,3529
06-21-2020,178546,3333,5516,21,116871,1923,56159,1389,45284,505,127746,2807
06-22-2020,184765,6219,5567,51,119787,2916,59411,3252,46508,1224,132690,4944
06-23-2020,191477,6712,5627,60,122917,3130,62933,3522,48553,2045,137297,4607
06-24-2020,196024,4547,5727,100,124895,1978,65402,2469,50178,1625,140119,2822
06-25-2020,201112,5088,5807,80,128622,3727,66683,1281,51585,1407,143720,3601
06-26-2020,206844,5732,5869,62,131737,3115,69238,2555,54382,2797,146593,2873
06-27-2020,210584,3740,5900,31,134939,3202,69745,507,54829,447,149855,3262
06-28-2020,215296,4712,5933,33,137107,2168,72256,2511,55311,482,154052,4197
06-29-2020,223646,8350,5984,51,140344,3237,77318,5062,57423,2112,160239,6187
06-30-2020,231232,7586,6083,99,141298,954,83851,6533,58864,1441,166285,6046
07-01-2020,238681,7449,6170,87,144431,3133,88080,4229,61033,2169,171478,5193
07-02-2020,246550,7869,6266,96,150601,6170,89683,1603,63463,2430,176821,5343
07-03-2020,250514,3964,6316,50,154281,3680,89917,234,64840,1377,179358,2537
07-04-2020,252909,2395,6336,20,158216,3935,88357,-1560,65622,782,180951,1593
07-05-2020,264703,11794,6375,39,161246,3030,97082,8725,66295,673,192033,11082
07-06-2020,273577,8874,6464,89,166749,5503,100364,3282,69262,2967,197851,5818
07-07-2020,284012,10435,6574,110,172701,5952,104737,4373,71460,2198,205978,8127
07-08-2020,292560,8548,6720,146,176630,3929,109210,4473,74434,2974,211406,5428
07-09-2020,302484,9924,6861,141,181309,4679,114314,5104,77049,2615,218574,7168
07-10-2020,311696,9212,6960,99,186461,5152,118275,3961,78681,1632,226055,7481
07-11-2020,319262,7566,7030,70,190040,3579,122192,3917,81138,2457,231094,5039
07-12-2020,324543,5281,7053,23,194254,4214,123236,1044,81780,642,235710,4616
07-13-2020,334850,10307,7101,48,201603,7349,126146,2910,84709,2929,243040,7330
07-14-2020,346211,11361,7252,151,207819,6216,131140,4994,88244,3535,250715,7675
07-15-2020,354885,8674,7377,125,214320,6501,133188,2048,91310,3066,256198,5483
07-16-2020,364706,9821,7491,114,221714,7394,135501,2313,93424,2114,263791,7593
07-17-2020,373259,8553,7605,114,225541,3827,140113,4612,97658,4234,267996,4205
07-18-2020,380965,7706,7704,99,228111,2570,145150,5037,99346,1688,273915,5919
07-19-2020,386906,5941,7717,13,238219,10108,140970,-4180,100121,775,279068,5153
07-20-2020,397870,10964,7772,55,246383,8164,143715,2745,104665,4544,285433,6365
07-21-2020,409305,11435,7890,118,255819,9436,145596,1881,108711,4046,292704,7271
07-22-2020,421286,11981,8049,159,263325,7506,149912,4316,115500,6789,297737,5033
07-23-2020,427261,5975,8156,107,272180,8855,146925,-2987,117990,2490,301115,3378
07-24-2020,440185,12924,8339,183,280425,8245,151421,4496,124757,6767,307089,5974
07-25-2020,446452,6267,8410,71,287174,6749,150868,-553,126473,1716,311569,4480
07-26-2020,452865,6413,8453,43,292183,5009,152229,1361,128384,1911,316028,4459
07-27-2020,462632,9767,8541,88,301784,9601,152307,78,132613,4229,321478,5450
07-28-2020,473424,10792,8717,176,311912,10128,152795,488,138339,5726,326368,4890
07-29-2020,484913,11489,8910,193,319961,8049,156042,3247,143987,5648,332016,5648
07-30-2020,492934,8021,9028,118,329255,9294,154651,-1391,154148,10161,329758,-2258
07-31-2020,500556,7622,9216,188,336738,7483,154602,-49,158935,4787,332405,2647
08-01-2020,506613,6057,9347,131,343402,6664,153864,-738,160281,1346,336985,4580
08-02-2020,512142,5529,9398,51,349981,6579,152763,-1101,161340,1059,341404,4419
08-03-2020,520857,8715,9509,111,360304,10323,151044,-1719,172985,11645,338363,-3041
08-04-2020,526699,5842,9687,178,371185,10881,145827,-5217,177599,4614,339413,1050
08-05-2020,530606,3907,9810,123,382191,11006,138605,-7222,180842,3243,339954,541
08-06-2020,541339,10733,10023,213,388461,6270,142855,4250,188030,7188,343286,3332
08-07-2020,549224,7885,10212,189,400317,11856,138695,-4160,194212,6182,344800,1514
08-08-2020,554388,5164,10309,97,406543,6226,137536,-1159,195972,1760,348107,3307
08-09-2020,559746,5358,10379,70,412642,6099,136725,-811,197061,1089,352306,4199
08-10-2020,574231,14485,10476,97,422317,9675,141438,4713,203885,6824,359870,7564
08-11-2020,585657,11426,10650,174,432854,10537,142153,715,208670,4785,366337,6467
08-12-2020,591376,5719,10755,105,443642,10788,136979,-5174,212413,3743,368208,1871
08-13-2020,602997,11621,11001,246,451661,8019,140335,3356,222081,9668,369915,1707
08-14-2020,613111,10114,11151,150,459081,7420,142879,2544,227590,5509,374370,4455
08-15-2020,617994,4883,11220,69,465117,6036,141657,-1222,228751,1161,378023,3653
08-16-2020,623873,5879,11245,25,470992,5875,141636,-21,229797,1046,382831,4808
08-17-2020,634252,10379,11349,104,479925,8933,142978,1342,236089,6292,386814,3983
08-18-2020,640215,5963,11531,182,486598,6673,142086,-892,242448,6359,386236,-578
08-19-2020,647034,6819,11695,164,491703,5105,143636,1550,246003,3555,389336,3100
08-20-2020,653655,6621,11828,133,501597,9894,140230,-3406,249601,3598,392226,2890
08-21-2020,659975,6320,11993,165,510089,8492,137893,-2337,253727,4126,394255,2029
08-22-2020,662689,2714,12062,69,515458,5369,135169,-2724,254429,702,396198,1943
08-23-2020,667140,4451,12154,92,520868,5410,134118,-1051,255660,1231,399326,3128
08-24-2020,676636,9496,12267,113,534371,13503,129998,-4120,261847,6187,402522,3196
08-25-2020,676636,0,12267,0,545705,11334,118664,-11334,261847,0,402522,0
