date,Confirmed,newConfirmed,Deaths,newDeaths,Est.Recovered,newEst.Recovered,Est.Active,newEst.Active,Recovered,newRecovered,Active,newActive
01-23-2020,1,1,0,0,0,0,1,1,0,0,1,1
01-24-2020,3,2,0,0,0,0,3,2,0,0,3,2
01-25-2020,4,1,0,0,0,0,4,1,0,0,4,1
01-26-2020,6,2,0,0,0,0,6,2,0,0,6,2
01-27-2020,6,0,0,0,0,0,6,0,0,0,6,0
01-28-2020,9,3,0,0,0,0,9,3,0,0,9,3
01-29-2020,14,5,0,0,1,1,13,4,1,1,13,4
01-30-2020,14,0,0,0,1,0,13,0,1,0,13,0
01-31-2020,14,0,0,0,1,0,13,0,1,0,13,0
02-01-2020,23,9,0,0,1,0,22,9,1,0,22,9
02-02-2020,31,8,0,0,1,0,30,8,1,0,30,8
02-03-2020,42,11,0,0,1,0,41,11,1,0,41,11
02-04-2020,54,12,0,0,1,0,53,12,1,0,53,12
02-05-2020,54,0,0,0,2,1,52,-1,2,1,52,-1
02-06-2020,65,11,1,1,4,2,60,8,4,2,60,8
02-07-2020,65,0,1,0,4,0,60,0,4,0,60,0
02-08-2020,78,13,1,0,5,1,72,12,5,1,72,12
02-09-2020,80,2,1,0,12,7,67,-5,12,7,67,-5
02-10-2020,81,1,1,0,13,1,67,0,13,1,67,0
02-11-2020,83,2,1,0,18,5,64,-3,18,5,64,-3
02-12-2020,84,1,1,0,22,4,61,-3,22,4,61,-3
02-13-2020,86,2,1,0,25,3,60,-1,25,3,60,-1
02-14-2020,88,2,1,0,25,0,62,2,25,0,62,2
02-15-2020,89,1,1,0,28,3,60,-2,28,3,60,-2
02-16-2020,89,0,1,0,30,2,58,-2,30,2,58,-2
02-17-2020,89,0,1,0,34,4,54,-4,34,4,54,-4
02-18-2020,90,1,1,0,42,8,47,-7,36,2,53,-1
02-19-2020,91,1,1,0,42,0,48,1,40,4,50,-3
02-20-2020,91,0,1,0,51,9,39,-9,44,4,46,-4
02-21-2020,91,0,1,0,52,1,38,-1,46,2,44,-2
02-22-2020,91,0,1,0,62,10,28,-10,52,6,38,-6
02-23-2020,93,2,1,0,64,2,28,0,54,2,38,0
02-24-2020,93,0,1,0,65,1,27,-1,60,6,32,-6
02-25-2020,93,0,1,0,67,2,25,-2,63,3,29,-3
02-26-2020,93,0,1,0,69,2,23,-2,65,2,27,-2
02-27-2020,93,0,1,0,70,1,22,-1,68,3,24,-3
02-28-2020,93,0,1,0,73,3,19,-3,73,5,19,-5
02-29-2020,93,0,1,0,75,2,17,-2,75,2,17,-2
03-01-2020,93,0,1,0,78,3,14,-3,78,3,14,-3
03-02-2020,93,0,1,0,83,5,9,-5,83,5,9,-5
03-03-2020,93,0,1,0,84,1,8,-1,84,1,8,-1
03-04-2020,93,0,1,0,84,0,8,0,84,0,8,0
03-05-2020,93,0,1,0,88,4,4,-4,88,4,4,-4
03-06-2020,93,0,1,0,90,2,2,-2,90,2,2,-2
03-07-2020,93,0,1,0,90,0,2,0,90,0,2,0
03-08-2020,93,0,1,0,90,0,2,0,90,0,2,0
03-09-2020,93,0,1,0,91,1,1,-1,91,1,1,-1
03-10-2020,93,0,1,0,91,0,1,0,91,0,1,0
03-11-2020,93,0,1,0,91,0,1,0,91,0,1,0
03-12-2020,93,0,1,0,91,0,1,0,91,0,1,0
03-13-2020,93,0,1,0,91,0,1,0,91,0,1,0
03-14-2020,93,0,1,0,91,0,1,0,91,0,1,0
03-15-2020,93,0,1,0,92,1,0,-1,92,1,0,-1
03-16-2020,93,0,1,0,92,0,0,0,92,0,0,0
03-17-2020,93,0,1,0,92,0,0,0,92,0,0,0
03-18-2020,93,0,1,0,92,0,0,0,92,0,0,0
03-19-2020,93,0,1,0,92,0,0,0,92,0,0,0
03-20-2020,93,0,1,0,92,0,0,0,92,0,0,0
03-21-2020,93,0,1,0,92,0,0,0,92,0,0,0
03-22-2020,93,0,1,0,92,0,0,0,92,0,0,0
03-23-2020,93,0,1,0,92,0,0,0,92,0,0,0
03-24-2020,93,0,1,0,92,0,0,0,92,0,0,0
03-25-2020,95,2,1,0,92,0,2,2,92,0,2,2
03-26-2020,95,0,1,0,92,0,2,0,92,0,2,0
03-27-2020,95,0,1,0,92,0,2,0,92,0,2,0
03-28-2020,97,2,1,0,92,0,4,2,92,0,4,2
03-29-2020,98,1,1,0,92,0,5,1,92,0,5,1
03-30-2020,98,0,1,0,92,0,5,0,92,0,5,0
03-31-2020,98,0,1,0,92,0,5,0,92,0,5,0
04-01-2020,98,0,1,0,92,0,5,0,92,0,5,0
04-02-2020,98,0,1,0,92,0,5,0,92,0,5,0
04-03-2020,98,0,1,0,92,0,5,0,92,0,5,0
04-04-2020,98,0,1,0,92,0,5,0,92,0,5,0
04-05-2020,98,0,1,0,92,0,5,0,92,0,5,0
04-06-2020,98,0,1,0,92,0,5,0,92,0,5,0
04-07-2020,98,0,1,0,92,0,5,0,92,0,5,0
04-08-2020,98,0,1,0,93,1,4,-1,92,0,5,0
04-09-2020,98,0,1,0,93,0,4,0,92,0,5,0
04-10-2020,98,0,1,0,93,0,4,0,92,0,5,0
04-11-2020,98,0,1,0,95,2,2,-2,92,0,5,0
04-12-2020,99,1,1,0,96,1,2,0,96,4,2,-3
04-13-2020,100,1,1,0,96,0,3,1,96,0,3,1
04-14-2020,102,2,1,0,96,0,5,2,96,0,5,2
04-15-2020,102,0,1,0,96,0,5,0,96,0,5,0
04-16-2020,102,0,1,0,96,0,5,0,96,0,5,0
04-17-2020,102,0,1,0,97,1,4,-1,97,1,4,-1
04-18-2020,102,0,1,0,97,0,4,0,97,0,4,0
04-19-2020,104,2,1,0,97,0,6,2,97,0,6,2
04-20-2020,106,2,1,0,97,0,8,2,97,0,8,2
04-21-2020,106,0,1,0,97,0,8,0,97,0,8,0
04-22-2020,106,0,1,0,97,0,8,0,97,0,8,0
04-23-2020,108,2,1,0,99,2,8,0,99,2,8,0
04-24-2020,108,0,1,0,99,0,8,0,99,0,8,0
04-25-2020,109,1,1,0,99,0,9,1,99,0,9,1
04-26-2020,110,1,1,0,99,0,10,1,99,0,10,1
04-27-2020,110,0,1,0,99,0,10,0,99,0,10,0
04-28-2020,110,0,1,0,99,0,10,0,99,0,10,0
04-29-2020,111,1,1,0,99,0,11,1,99,0,11,1
04-30-2020,111,0,1,0,101,2,9,-2,101,2,9,-2
05-01-2020,112,1,1,0,102,1,9,0,102,1,9,0
05-02-2020,112,0,1,0,102,0,9,0,102,0,9,0
05-03-2020,112,0,1,0,103,1,8,-1,103,1,8,-1
05-04-2020,112,0,1,0,103,0,8,0,103,0,8,0
05-05-2020,112,0,1,0,103,0,8,0,103,0,8,0
05-06-2020,112,0,1,0,103,0,8,0,103,0,8,0
05-07-2020,113,1,1,0,104,1,8,0,104,1,8,0
05-08-2020,113,0,1,0,104,0,8,0,104,0,8,0
05-09-2020,124,11,1,0,105,1,18,10,105,1,18,10
05-10-2020,127,3,1,0,106,1,20,2,105,0,21,3
05-11-2020,127,0,1,0,107,1,19,-1,105,0,21,0
05-12-2020,133,6,1,0,108,1,24,5,108,3,24,3
05-13-2020,134,1,1,0,108,0,25,1,108,0,25,1
05-14-2020,138,4,1,0,108,0,29,4,108,0,29,4
05-15-2020,140,2,1,0,108,0,31,2,108,0,31,2
05-16-2020,144,4,2,1,113,5,29,-2,113,5,29,-2
05-17-2020,146,2,2,0,122,9,22,-7,122,9,22,-7
05-18-2020,151,5,2,0,123,1,26,4,123,1,26,4
05-19-2020,151,0,2,0,123,0,26,0,123,0,26,0
05-20-2020,151,0,2,0,123,0,26,0,123,0,26,0
05-21-2020,151,0,2,0,123,0,26,0,123,0,26,0
05-22-2020,154,3,2,0,128,5,24,-2,128,5,24,-2
05-23-2020,154,0,2,0,128,0,24,0,128,0,24,0
05-24-2020,155,1,2,0,128,0,25,1,128,0,25,1
05-25-2020,155,0,2,0,128,0,25,0,128,0,25,0
05-26-2020,155,0,2,0,128,0,25,0,128,0,25,0
05-27-2020,155,0,2,0,133,5,20,-5,133,5,20,-5
05-28-2020,155,0,2,0,136,3,17,-3,136,3,17,-3
05-29-2020,155,0,2,0,142,6,11,-6,142,6,11,-6
05-30-2020,155,0,2,0,144,2,9,-2,144,2,9,-2
05-31-2020,155,0,2,0,144,0,9,0,144,0,9,0
06-01-2020,155,0,2,0,147,3,6,-3,147,3,6,-3
06-02-2020,155,0,2,0,147,0,6,0,147,0,6,0
06-03-2020,155,0,2,0,148,1,5,-1,148,1,5,-1
06-04-2020,155,0,2,0,149,1,4,-1,149,1,4,-1
06-05-2020,155,0,2,0,150,1,3,-1,150,1,3,-1
06-06-2020,155,0,2,0,150,0,3,0,150,0,3,0
06-07-2020,155,0,2,0,153,3,0,-3,153,3,0,-3
06-08-2020,155,0,2,0,153,0,0,0,153,0,0,0
06-09-2020,155,0,2,0,153,0,0,0,153,0,0,0
06-10-2020,155,0,2,0,147,-6,6,6,144,-9,9,9
06-11-2020,155,0,2,0,148,1,5,-1,144,0,9,0
06-12-2020,155,0,2,0,148,0,5,0,144,0,9,0
06-13-2020,155,0,2,0,149,1,4,-1,144,0,9,0
06-14-2020,155,0,2,0,149,0,4,0,144,0,9,0
06-15-2020,155,0,2,0,150,1,3,-1,144,0,9,0
06-16-2020,155,0,2,0,150,0,3,0,144,0,9,0
06-17-2020,155,0,2,0,150,0,3,0,144,0,9,0
06-18-2020,155,0,2,0,150,0,3,0,144,0,9,0
06-19-2020,155,0,2,0,150,0,3,0,144,0,9,0
06-20-2020,155,0,2,0,151,1,2,-1,144,0,9,0
06-21-2020,155,0,2,0,151,0,2,0,144,0,9,0
06-22-2020,155,0,2,0,151,0,2,0,144,0,9,0
06-23-2020,155,0,2,0,153,2,0,-2,153,9,0,-9
06-24-2020,155,0,2,0,153,0,0,0,153,0,0,0
06-25-2020,155,0,2,0,153,0,0,0,153,0,0,0
06-26-2020,155,0,2,0,153,0,0,0,153,0,0,0
06-27-2020,155,0,2,0,153,0,0,0,153,0,0,0
06-28-2020,155,0,2,0,153,0,0,0,153,0,0,0
06-29-2020,155,0,2,0,153,0,0,0,153,0,0,0
06-30-2020,155,0,2,0,153,0,0,0,153,0,0,0
07-01-2020,155,0,2,0,153,0,0,0,153,0,0,0
07-02-2020,155,0,2,0,153,0,0,0,153,0,0,0
07-03-2020,155,0,2,0,153,0,0,0,153,0,0,0
07-04-2020,155,0,2,0,153,0,0,0,153,0,0,0
07-05-2020,155,0,2,0,153,0,0,0,153,0,0,0
07-06-2020,155,0,2,0,153,0,0,0,153,0,0,0
07-07-2020,155,0,2,0,153,0,0,0,153,0,0,0
07-08-2020,155,0,2,0,153,0,0,0,153,0,0,0
07-09-2020,155,0,2,0,153,0,0,0,153,0,0,0
07-10-2020,155,0,2,0,153,0,0,0,153,0,0,0
07-11-2020,155,0,2,0,153,0,0,0,153,0,0,0
07-12-2020,155,0,2,0,153,0,0,0,153,0,0,0
07-13-2020,155,0,2,0,153,0,0,0,153,0,0,0
07-14-2020,155,0,2,0,153,0,0,0,153,0,0,0
07-15-2020,155,0,2,0,153,0,0,0,153,0,0,0
07-16-2020,155,0,2,0,153,0,0,0,153,0,0,0
07-17-2020,155,0,2,0,153,0,0,0,153,0,0,0
07-18-2020,155,0,2,0,153,0,0,0,153,0,0,0
07-19-2020,155,0,2,0,153,0,0,0,153,0,0,0
07-20-2020,155,0,2,0,153,0,0,0,153,0,0,0
07-21-2020,155,0,2,0,153,0,0,0,153,0,0,0
07-22-2020,155,0,2,0,153,0,0,0,153,0,0,0
07-23-2020,155,0,2,0,153,0,0,0,153,0,0,0
07-24-2020,155,0,2,0,153,0,0,0,153,0,0,0
07-25-2020,155,0,2,0,153,0,0,0,153,0,0,0
07-26-2020,155,0,2,0,153,0,0,0,153,0,0,0
07-27-2020,157,2,2,0,153,0,2,2,153,0,2,2
07-28-2020,157,0,2,0,153,0,2,0,153,0,2,0
07-29-2020,157,0,2,0,153,0,2,0,153,0,2,0
07-30-2020,157,0,2,0,153,0,2,0,153,0,2,0
07-31-2020,157,0,2,0,153,0,2,0,153,0,2,0
08-01-2020,157,0,2,0,153,0,2,0,153,0,2,0
08-02-2020,157,0,2,0,153,0,2,0,153,0,2,0
08-03-2020,157,0,2,0,153,0,2,0,153,0,2,0
08-04-2020,157,0,2,0,153,0,2,0,153,0,2,0
08-05-2020,157,0,2,0,153,0,2,0,153,0,2,0
08-06-2020,157,0,2,0,153,0,2,0,153,0,2,0
08-07-2020,157,0,2,0,153,0,2,0,153,0,2,0
08-08-2020,157,0,2,0,153,0,2,0,153,0,2,0
08-09-2020,157,0,2,0,153,0,2,0,153,0,2,0
08-10-2020,157,0,2,0,154,1,1,-1,153,0,2,0
08-11-2020,157,0,2,0,154,0,1,0,153,0,2,0
08-12-2020,157,0,2,0,154,0,1,0,153,0,2,0
08-13-2020,157,0,2,0,154,0,1,0,153,0,2,0
08-14-2020,157,0,2,0,154,0,1,0,153,0,2,0
08-15-2020,157,0,2,0,154,0,1,0,153,0,2,0
08-16-2020,157,0,2,0,154,0,1,0,153,0,2,0
08-17-2020,157,0,2,0,154,0,1,0,153,0,2,0
08-18-2020,157,0,2,0,154,0,1,0,153,0,2,0
08-19-2020,157,0,2,0,154,0,1,0,153,0,2,0
08-20-2020,157,0,2,0,154,0,1,0,153,0,2,0
08-21-2020,157,0,2,0,154,0,1,0,153,0,2,0
08-22-2020,157,0,2,0,154,0,1,0,153,0,2,0
08-23-2020,157,0,2,0,154,0,1,0,153,0,2,0
08-24-2020,157,0,2,0,154,0,1,0,153,0,2,0
08-25-2020,157,0,2,0,154,0,1,0,153,0,2,0
