date,Confirmed,newConfirmed,Deaths,newDeaths,Est.Recovered,newEst.Recovered,Est.Active,newEst.Active,Recovered,newRecovered,Active,newActive
02-27-2020,1,1,0,0,0,0,1,1,-1,-1,-1,-1
02-28-2020,2,1,0,0,0,0,2,1,-1,-1,-1,-1
02-29-2020,3,1,0,0,0,0,3,1,-1,-1,-1,-1
03-01-2020,4,1,0,0,0,0,4,1,-1,-1,-1,-1
03-02-2020,5,1,0,0,0,0,5,1,-1,-1,-1,-1
03-03-2020,8,3,0,0,0,0,8,3,-1,-1,-1,-1
03-04-2020,10,2,0,0,0,0,10,2,-1,-1,-1,-1
03-05-2020,18,8,0,0,0,0,18,8,-1,-1,-1,-1
03-06-2020,23,5,0,0,0,0,23,5,-1,-1,-1,-1
03-07-2020,31,8,0,0,0,0,31,8,-1,-1,-1,-1
03-08-2020,36,5,0,0,0,0,36,5,-1,-1,-1,-1
03-09-2020,90,54,0,0,0,0,90,54,-1,-1,-1,-1
03-10-2020,262,172,0,0,0,0,262,172,-1,-1,-1,-1
03-11-2020,538,276,0,0,0,0,538,276,-1,-1,-1,-1
03-12-2020,674,136,0,0,0,0,674,136,-1,-1,-1,-1
03-13-2020,801,127,0,0,1,1,800,126,-1,-1,-1,-1
03-14-2020,827,26,0,0,2,1,825,25,-1,-1,-1,-1
03-15-2020,864,37,1,1,2,0,861,36,-1,-1,-1,-1
03-16-2020,898,34,1,0,3,1,894,33,-1,-1,-1,-1
03-17-2020,977,79,4,3,2,-1,971,77,-1,-1,-1,-1
03-18-2020,1044,67,4,0,4,2,1036,65,-1,-1,-1,-1
03-19-2020,1132,88,6,2,8,4,1118,82,-1,-1,-1,-1
03-20-2020,1255,123,9,3,9,1,1237,119,-1,-1,-1,-1
03-21-2020,1326,71,13,4,12,3,1301,64,-1,-1,-1,-1
03-22-2020,1326,0,13,0,16,4,1297,-4,-1,-1,-1,-1
03-23-2020,1395,69,13,0,59,43,1323,26,-1,-1,-1,-1
03-24-2020,1460,65,24,11,188,129,1248,-75,-1,-1,-1,-1
03-25-2020,1591,131,32,8,403,215,1156,-92,-1,-1,-1,-1
03-26-2020,1724,133,34,2,512,109,1178,22,-1,-1,-1,-1
03-27-2020,1877,153,41,7,608,96,1228,50,-1,-1,-1,-1
03-28-2020,2046,169,52,11,618,10,1376,148,-1,-1,-1,-1
03-29-2020,2201,155,65,13,635,17,1501,125,-1,-1,-1,-1
03-30-2020,2395,194,72,7,656,21,1667,166,-1,-1,-1,-1
03-31-2020,2577,182,77,5,715,59,1785,118,-1,-1,-1,-1
04-01-2020,2860,283,90,13,757,42,2013,228,-1,-1,-1,-1
04-02-2020,3107,247,104,14,815,58,2188,175,-1,-1,-1,-1
04-03-2020,3386,279,123,19,896,81,2367,179,-1,-1,-1,-1
04-04-2020,3757,371,139,16,939,43,2679,312,-1,-1,-1,-1
04-05-2020,4077,320,161,22,918,-21,2998,319,-1,-1,-1,-1
04-06-2020,4369,292,179,18,963,45,3227,229,-1,-1,-1,-1
04-07-2020,4681,312,187,8,1032,69,3462,235,-1,-1,-1,-1
04-08-2020,5071,390,203,16,1161,129,3707,245,-1,-1,-1,-1
04-09-2020,5402,331,218,15,1272,111,3912,205,-1,-1,-1,-1
04-10-2020,5635,233,237,19,1395,123,4003,91,-1,-1,-1,-1
04-11-2020,5819,184,247,10,1526,131,4046,43,-1,-1,-1,-1
04-12-2020,5996,177,260,13,1643,117,4093,47,-1,-1,-1,-1
04-13-2020,6174,178,273,13,1792,149,4109,16,-1,-1,-1,-1
04-14-2020,6318,144,285,12,1939,147,4094,-15,-1,-1,-1,-1
04-15-2020,6511,193,299,14,2164,225,4048,-46,-1,-1,-1,-1
04-16-2020,6681,170,309,10,2367,203,4005,-43,-1,-1,-1,-1
04-17-2020,6879,198,321,12,2598,231,3960,-45,-1,-1,-1,-1
04-18-2020,7073,194,336,15,2894,296,3843,-117,-1,-1,-1,-1
04-19-2020,7242,169,346,10,3143,249,3753,-90,-1,-1,-1,-1
04-20-2020,7384,142,355,9,3383,240,3646,-107,-1,-1,-1,-1
04-21-2020,7515,131,364,9,3645,262,3506,-140,-1,-1,-1,-1
04-22-2020,7695,180,370,6,3987,342,3338,-168,-1,-1,-1,-1
04-23-2020,7912,217,384,14,4266,279,3262,-76,-1,-1,-1,-1
04-24-2020,8073,161,394,10,4473,207,3206,-56,-1,-1,-1,-1
04-25-2020,8210,137,403,9,4638,165,3169,-37,-1,-1,-1,-1
04-26-2020,8445,235,418,15,4790,152,3237,68,-1,-1,-1,-1
04-27-2020,8575,130,422,4,4959,169,3194,-43,-1,-1,-1,-1
04-28-2020,8698,123,427,5,5100,141,3171,-23,-1,-1,-1,-1
04-29-2020,8851,153,434,7,5292,192,3125,-46,-1,-1,-1,-1
04-30-2020,9008,157,443,9,5460,168,3105,-20,-1,-1,-1,-1
05-01-2020,9158,150,452,9,5656,196,3050,-55,-1,-1,-1,-1
05-02-2020,9311,153,460,8,5861,205,2990,-60,-1,-1,-1,-1
05-03-2020,9407,96,475,15,6028,167,2904,-86,-1,-1,-1,-1
05-04-2020,9523,116,484,9,6178,150,2861,-43,-1,-1,-1,-1
05-05-2020,9670,147,493,9,6322,144,2855,-6,-1,-1,-1,-1
05-06-2020,9821,151,503,10,6519,197,2799,-56,-1,-1,-1,-1
05-07-2020,9983,162,506,3,6745,226,2732,-67,-1,-1,-1,-1
05-08-2020,10083,100,514,8,6907,162,2662,-70,-1,-1,-1,-1
05-09-2020,10218,135,522,8,7045,138,2651,-11,-1,-1,-1,-1
05-10-2020,10319,101,526,4,7263,218,2530,-121,-1,-1,-1,-1
05-11-2020,10429,110,529,3,7400,137,2500,-30,-1,-1,-1,-1
05-12-2020,10513,84,533,4,7525,125,2455,-45,-1,-1,-1,-1
05-13-2020,10591,78,527,-6,7696,171,2368,-87,-1,-1,-1,-1
05-14-2020,10667,76,533,6,7854,158,2280,-88,-1,-1,-1,-1
05-15-2020,10713,46,537,4,8013,159,2163,-117,-1,-1,-1,-1
05-16-2020,10791,78,537,0,8182,169,2072,-91,-1,-1,-1,-1
05-17-2020,10858,67,543,6,8294,112,2021,-51,-1,-1,-1,-1
05-18-2020,10927,69,547,4,8418,124,1962,-59,-1,-1,-1,-1
05-19-2020,10968,41,548,1,8570,152,1850,-112,-1,-1,-1,-1
05-20-2020,11044,76,551,3,8734,164,1759,-91,-1,-1,-1,-1
05-21-2020,11117,73,554,3,8910,176,1653,-106,-1,-1,-1,-1
05-22-2020,11182,65,561,7,9018,108,1603,-50,-1,-1,-1,-1
05-23-2020,11230,48,561,0,9155,137,1514,-89,-1,-1,-1,-1
05-24-2020,11289,59,561,0,9279,124,1449,-65,-1,-1,-1,-1
05-25-2020,11360,71,562,1,9394,115,1404,-45,-1,-1,-1,-1
05-26-2020,11387,27,563,1,9486,92,1338,-66,-1,-1,-1,-1
05-27-2020,11428,41,563,0,9580,94,1285,-53,-1,-1,-1,-1
05-28-2020,11480,52,565,2,9670,90,1245,-40,-1,-1,-1,-1
05-29-2020,11512,32,568,3,9735,65,1209,-36,-1,-1,-1,-1
05-30-2020,11593,81,568,0,9829,94,1196,-13,-1,-1,-1,-1
05-31-2020,11633,40,571,3,9903,74,1159,-37,-1,-1,-1,-1
06-01-2020,11669,36,574,3,9979,76,1116,-43,-1,-1,-1,-1
06-02-2020,11699,30,576,2,10037,58,1086,-30,-1,-1,-1,-1
06-03-2020,11734,35,580,4,10125,88,1029,-57,-1,-1,-1,-1
06-04-2020,11771,37,580,0,10217,92,974,-55,-1,-1,-1,-1
06-05-2020,11811,40,582,2,10290,73,939,-35,-1,-1,-1,-1
06-06-2020,11875,64,586,4,10351,61,938,-1,-1,-1,-1,-1
06-07-2020,11924,49,587,1,10424,73,913,-25,-1,-1,-1,-1
06-08-2020,11948,24,589,2,10501,77,858,-55,-1,-1,-1,-1
06-09-2020,11962,14,593,4,10537,36,832,-26,-1,-1,-1,-1
06-10-2020,12016,54,593,0,10904,367,519,-313,10904,-1,519,-1
06-11-2020,12035,19,593,0,10955,51,487,-32,10955,51,487,-32
06-12-2020,12099,64,594,1,10993,38,512,25,10993,38,512,25
06-13-2020,12139,40,597,3,11035,42,507,-5,11035,42,507,-5
06-14-2020,12139,0,597,0,11035,0,507,0,11035,0,507,0
06-15-2020,12217,78,598,1,11090,55,529,22,11090,55,529,22
06-16-2020,12250,33,598,0,11125,35,527,-2,11125,35,527,-2
06-17-2020,12294,44,598,0,11185,60,511,-16,11185,60,511,-16
06-18-2020,12344,50,600,2,11242,57,502,-9,11242,57,502,-9
06-19-2020,12391,47,600,0,11282,40,509,7,11282,40,509,7
06-20-2020,12391,0,600,0,11282,0,509,0,11282,0,509,0
06-21-2020,12391,0,600,0,11282,0,509,0,11282,0,509,0
06-22-2020,12527,136,602,2,11347,65,578,69,11347,65,578,69
06-23-2020,12561,34,603,1,11393,46,565,-13,11393,46,565,-13
06-24-2020,12615,54,603,0,11422,29,590,25,11422,29,590,25
06-25-2020,12636,21,603,0,11460,38,573,-17,11460,38,573,-17
06-26-2020,12675,39,604,1,11508,48,563,-10,11508,48,563,-10
06-27-2020,12675,0,604,0,11508,0,563,0,11508,0,563,0
06-28-2020,12675,0,604,0,11508,0,563,0,11508,0,563,0
06-29-2020,12751,76,605,1,11512,4,634,71,11512,4,634,71
06-30-2020,12768,17,605,0,11649,137,514,-120,11649,137,514,-120
07-01-2020,12794,26,606,1,11693,44,495,-19,11693,44,495,-19
07-02-2020,12794,0,606,0,11693,0,495,0,11693,0,495,0
07-03-2020,12832,38,606,0,11817,124,409,-86,11817,124,409,-86
07-04-2020,12832,0,606,0,11817,0,409,0,11817,0,409,0
07-05-2020,12832,0,606,0,11817,0,409,0,11817,0,409,0
07-06-2020,12878,46,607,1,11935,118,336,-73,11935,118,336,-73
07-07-2020,12878,0,607,0,11935,0,336,0,11935,0,336,0
07-08-2020,12900,22,609,2,12001,66,290,-46,12001,66,290,-46
07-09-2020,12900,0,609,0,12001,0,290,0,12001,0,290,0
07-10-2020,12946,46,609,0,12077,76,260,-30,12077,76,260,-30
07-11-2020,12946,0,609,0,12077,0,260,0,12077,0,260,0
07-12-2020,12946,0,609,0,12077,0,260,0,12077,0,260,0
07-13-2020,13037,91,610,1,12130,53,297,37,12130,53,297,37
07-14-2020,13061,24,610,0,12160,30,291,-6,12160,30,291,-6
07-15-2020,13092,31,610,0,12182,22,300,9,12182,22,300,9
07-16-2020,13124,32,610,0,12195,13,319,19,12195,13,319,19
07-17-2020,13173,49,611,1,12209,14,353,34,12209,14,353,34
07-18-2020,13173,0,611,0,12209,0,353,0,12209,0,353,0
07-19-2020,13173,0,611,0,12209,0,353,0,12209,0,353,0
07-20-2020,13262,89,611,0,12251,42,400,47,12251,42,400,47
07-21-2020,13302,40,611,0,12261,10,430,30,12261,10,430,30
07-22-2020,13350,48,611,0,12274,13,465,35,12274,13,465,35
07-23-2020,13390,40,612,1,12299,25,479,14,12299,25,479,14
07-24-2020,13438,48,613,1,12340,41,485,6,12340,41,485,6
07-25-2020,13438,0,613,0,12340,0,485,0,12340,0,485,0
07-26-2020,13438,0,613,0,12340,0,485,0,12340,0,485,0
07-27-2020,13547,109,613,0,12417,77,517,32,12417,77,517,32
07-28-2020,13577,30,613,0,12451,34,513,-4,12451,34,513,-4
07-29-2020,13634,57,614,1,12485,34,535,22,12485,34,535,22
07-30-2020,13725,91,615,1,12526,41,584,49,12526,41,584,49
07-31-2020,13789,64,615,0,12578,52,596,12,12578,52,596,12
08-01-2020,13789,0,615,0,12578,0,596,0,12578,0,596,0
08-02-2020,13789,0,615,0,12578,0,596,0,12578,0,596,0
08-03-2020,13996,207,616,1,12682,104,698,102,12682,104,698,102
08-04-2020,14073,77,616,0,12715,33,742,44,12715,33,742,44
08-05-2020,14185,112,616,0,12753,38,816,74,12753,38,816,74
08-06-2020,14306,121,617,1,12787,34,902,86,12787,34,902,86
08-07-2020,14442,136,617,0,12840,53,985,83,12840,53,985,83
08-08-2020,14442,0,617,0,12840,0,985,0,12840,0,985,0
08-09-2020,14442,0,617,0,12840,0,985,0,12840,0,985,0
08-10-2020,14815,373,620,3,12925,85,1270,285,12925,85,1270,285
08-11-2020,14959,144,621,1,12988,63,1350,80,12988,63,1350,80
08-12-2020,15070,111,621,0,13066,78,1383,33,13066,78,1383,33
08-13-2020,15214,144,621,0,13131,65,1462,79,13131,65,1462,79
08-14-2020,15214,0,621,0,13131,0,1462,0,13131,0,1462,0
08-15-2020,15379,165,621,0,13216,85,1542,80,13216,85,1542,80
08-16-2020,15379,0,621,0,13216,0,1542,0,13216,0,1542,0
08-17-2020,15617,238,621,0,13216,0,1780,238,13216,0,1780,238
08-18-2020,15855,238,621,0,13529,313,1705,-75,13529,313,1705,-75
08-19-2020,15855,0,621,0,13529,0,1705,0,13529,0,1705,0
08-20-2020,15940,85,621,0,13529,0,1790,85,13529,0,1790,85
08-21-2020,16127,187,621,0,13944,415,1562,-228,13944,415,1562,-228
08-22-2020,16239,112,622,1,13944,0,1673,111,13944,0,1673,111
08-23-2020,16317,78,622,0,14180,236,1515,-158,14180,236,1515,-158
08-24-2020,16397,80,623,1,14310,130,1464,-51,14310,130,1464,-51
08-25-2020,16480,83,623,0,14465,155,1392,-72,14465,155,1392,-72
