date,Confirmed,newConfirmed,Deaths,newDeaths,Est.Recovered,newEst.Recovered,Est.Active,newEst.Active,Recovered,newRecovered,Active,newActive
01-22-2020,1,1,0,0,0,0,1,1,0,0,1,1
01-23-2020,1,0,0,0,0,0,1,0,0,0,1,0
01-24-2020,2,1,0,0,0,0,2,1,0,0,2,1
01-25-2020,2,0,0,0,0,0,2,0,0,0,2,0
01-26-2020,5,3,0,0,0,0,5,3,0,0,5,3
01-27-2020,5,0,0,0,0,0,5,0,0,0,5,0
01-28-2020,5,0,0,0,0,0,5,0,0,0,5,0
01-29-2020,5,0,0,0,0,0,5,0,0,0,5,0
01-30-2020,6,1,0,0,0,0,6,1,0,0,6,1
01-31-2020,7,1,0,0,0,0,7,1,0,0,7,1
02-01-2020,8,1,0,0,0,0,8,1,0,0,8,1
02-02-2020,9,1,0,0,0,0,9,1,0,0,9,1
02-03-2020,11,2,0,0,0,0,11,2,0,0,11,2
02-04-2020,11,0,0,0,0,0,11,0,0,0,11,0
02-05-2020,11,0,0,0,0,0,11,0,0,0,11,0
02-06-2020,12,1,0,0,0,0,12,1,0,0,12,1
02-07-2020,12,0,0,0,0,0,12,0,0,0,12,0
02-08-2020,12,0,0,0,0,0,12,0,0,0,12,0
02-09-2020,12,0,0,0,2,2,10,-2,1,1,11,-1
02-10-2020,12,0,0,0,2,0,10,0,2,1,10,-1
02-11-2020,13,1,0,0,4,2,9,-1,4,2,9,-1
02-12-2020,14,1,0,0,4,0,10,1,4,0,10,1
02-13-2020,14,0,0,0,4,0,10,0,4,0,10,0
02-14-2020,14,0,0,0,5,1,9,-1,4,0,10,0
02-15-2020,14,0,0,0,5,0,9,0,4,0,10,0
02-16-2020,14,0,0,0,6,1,8,-1,4,0,10,0
02-17-2020,14,0,0,0,7,1,7,-1,4,0,10,0
02-18-2020,14,0,0,0,7,0,7,0,4,0,10,0
02-19-2020,14,0,0,0,7,0,7,0,4,0,10,0
02-20-2020,14,0,0,0,7,0,7,0,4,0,10,0
02-21-2020,16,2,0,0,7,0,9,2,5,1,11,1
02-22-2020,16,0,0,0,7,0,9,0,5,0,11,0
02-23-2020,16,0,0,0,8,1,8,-1,5,0,11,0
02-24-2020,16,0,0,0,8,0,8,0,5,0,11,0
02-25-2020,16,0,0,0,9,1,7,-1,6,1,10,-1
02-26-2020,17,1,0,0,10,1,7,0,6,0,11,1
02-27-2020,17,0,0,0,10,0,7,0,6,0,11,0
02-28-2020,21,4,0,0,10,0,11,4,6,0,15,4
02-29-2020,25,4,1,1,10,0,14,3,6,0,18,3
03-01-2020,40,15,2,1,11,1,27,13,6,0,32,14
03-02-2020,56,16,6,4,11,0,39,12,6,0,44,12
03-03-2020,76,20,9,3,11,0,56,17,6,0,61,17
03-04-2020,109,33,11,2,10,-1,88,32,6,0,92,31
03-05-2020,184,75,12,1,10,0,162,74,6,0,166,74
03-06-2020,342,158,17,5,11,1,314,152,6,0,319,153
03-07-2020,451,109,19,2,13,2,419,105,8,2,424,105
03-08-2020,568,117,22,3,14,1,532,113,8,0,538,114
03-09-2020,757,189,26,4,13,-1,718,186,8,0,723,185
03-10-2020,1019,262,30,4,27,14,962,244,22,14,967,244
03-11-2020,1306,287,38,8,26,-1,1242,280,22,0,1246,279
03-12-2020,1766,460,41,3,26,0,1699,457,22,0,1703,457
03-13-2020,2244,478,50,9,25,-1,2169,470,22,0,2172,469
03-14-2020,2966,722,60,10,26,1,2880,711,22,0,2884,712
03-15-2020,3720,754,69,9,28,2,3623,743,22,0,3629,745
03-16-2020,4620,900,87,18,33,5,4500,877,25,3,4508,879
03-17-2020,6378,1758,107,20,36,3,6235,1735,31,6,6240,1732
03-18-2020,9558,3180,141,34,40,4,9377,3142,31,0,9386,3146
03-19-2020,14309,4751,184,43,51,11,14074,4697,31,0,14094,4708
03-20-2020,19213,4904,230,46,129,78,18854,4780,31,0,18952,4858
03-21-2020,26892,7679,287,57,170,41,26435,7581,14,-17,26591,7639
03-22-2020,34086,7194,431,144,168,-2,33487,7052,14,0,33641,7050
03-23-2020,44162,10076,589,158,225,57,43348,9861,14,0,43559,9918
03-24-2020,54421,10259,796,207,344,119,53281,9933,14,0,53611,10052
03-25-2020,69192,14771,1050,254,445,101,67697,14416,14,0,68128,14517
03-26-2020,86008,16816,1304,254,2126,1681,82578,14881,1547,1533,83157,15029
03-27-2020,103718,17710,1707,403,3522,1396,98489,15911,2785,1238,99226,16069
03-28-2020,124663,20945,2194,487,4578,1056,117891,19402,3641,856,118828,19602
03-29-2020,142775,18112,2516,322,4862,284,135397,17506,3649,8,136610,17782
03-30-2020,164638,21863,2998,482,5955,1093,155685,20288,4425,776,157215,20605
03-31-2020,188419,23781,3770,772,7125,1170,177524,21839,5205,780,179444,22229
04-01-2020,214995,26576,4708,938,8980,1855,201307,23783,6423,1218,203864,24420
04-02-2020,243587,28592,5723,1015,11398,2418,226466,25159,7829,1406,230035,26171
04-03-2020,279123,35536,6804,1081,8856,-2542,263463,36997,476,-7353,271843,41808
04-04-2020,312236,33113,8117,1313,13727,4871,290392,26929,699,223,303420,31577
04-05-2020,337929,25693,9467,1350,18211,4484,310251,19859,1055,356,327407,23987
04-06-2020,368435,30506,10776,1309,25090,6879,332569,22318,1121,66,356538,29131
04-07-2020,399916,31481,12768,1992,33643,8553,353505,20936,8072,6951,379076,22538
04-08-2020,435573,35657,14701,1933,43968,10325,376904,23399,9947,1875,410925,31849
04-09-2020,469999,34426,16333,1632,56470,12502,397196,20292,12256,2309,441410,30485
04-10-2020,502363,38566,18614,2507,68103,12572,415646,23487,14925,2669,468824,33390
04-11-2020,533928,31565,20364,1750,83043,14940,430521,14875,17844,2919,495720,26896
04-12-2020,560974,27046,21982,1618,95766,12723,443226,12705,19422,1578,519570,23850
04-13-2020,588418,27444,23224,1242,112095,16329,453099,9873,21749,2327,543445,23875
04-14-2020,615252,26834,27363,4139,128507,16412,459382,6283,36832,15083,551057,7612
04-15-2020,645361,30109,29834,2471,147787,19280,467740,8358,39555,2723,575972,24915
04-16-2020,678011,32650,32176,2342,169485,21698,476350,8610,43067,3512,602768,26796
04-17-2020,709116,31105,34341,2165,196963,27478,477812,1462,46517,3450,628258,25490
04-18-2020,737783,37714,36418,2468,225889,29436,475476,5810,53586,7579,647779,27667
04-19-2020,767915,30132,38723,2305,245559,19670,483633,8157,57747,4161,671445,23666
04-20-2020,796486,28571,40632,1909,269910,24351,485944,2311,60465,2718,695389,23944
04-21-2020,822959,26473,43234,2602,294232,24322,485493,-451,62611,2146,717114,21725
04-22-2020,852240,29281,45760,2526,320995,26763,485485,-8,65634,3023,740846,23732
04-23-2020,886465,34225,48121,2361,349440,28445,488904,3419,69733,4099,768611,27765
04-24-2020,923648,37183,50345,2224,372023,22583,501280,12376,88038,18305,785265,16654
04-25-2020,955313,31665,52388,2043,397812,25789,505113,3833,94945,6907,807980,22715
04-26-2020,982244,26931,53552,1164,420419,22607,508273,3160,96034,1089,832658,24678
04-27-2020,1006648,24404,54910,1358,444061,23642,507677,-596,100577,4543,851161,18503
04-28-2020,1031227,24579,57150,2240,467814,23753,506263,-1414,104952,4375,869125,17964
04-29-2020,1060661,29434,59835,2685,493039,25225,507787,1524,113049,8097,887777,18652
04-30-2020,1092078,31417,62142,2307,519971,26932,509965,2178,119107,6058,910829,23052
05-01-2020,1127029,34951,64174,2032,549109,29138,513746,3781,128269,9162,934586,23757
05-02-2020,1155306,28277,65779,1605,582317,33208,507210,-6536,138296,10027,951231,16645
05-03-2020,1179960,24654,66986,1207,608725,26408,504249,-2961,140366,2070,972608,21377
05-04-2020,1203385,23425,68443,1457,636576,27851,498366,-5883,147089,6723,987853,15245
05-05-2020,1228586,25201,70872,2429,660704,24128,497010,-1356,151468,4379,1006246,18393
05-06-2020,1253962,25376,73449,2577,688225,27521,492288,-4722,158012,6544,1022501,16255
05-07-2020,1282765,28803,75547,2098,719632,31407,487586,-4702,161848,3836,1045370,22869
05-08-2020,1310366,27601,77361,1814,754453,34821,478552,-9034,170061,8213,1062944,17574
05-09-2020,1336214,25848,78970,1609,782231,27778,475013,-3539,188452,18391,1068792,5848
05-10-2020,1356404,20190,79929,959,807142,24911,469333,-5680,197646,9194,1078829,10037
05-11-2020,1375442,19038,81013,1084,831555,24413,462874,-6459,206975,9329,1087454,8625
05-12-2020,1398131,22689,82766,1753,855912,24357,459453,-3421,224418,17443,1090947,3493
05-13-2020,1419217,21086,84659,1893,883697,27785,450861,-8592,230707,6289,1103851,12904
05-14-2020,1446429,27212,86562,1903,912729,29032,447138,-3723,239572,8865,1120295,16444
05-15-2020,1472327,25898,88236,1674,944685,31956,439406,-7732,246458,6886,1137633,17338
05-16-2020,1496780,24453,89509,1273,973594,28909,433677,-5729,260276,13818,1146995,9362
05-17-2020,1515743,18963,90324,815,998592,24998,426827,-6850,268396,8120,1157023,10028
05-18-2020,1538864,23121,91174,850,1023088,24496,424602,-2225,277134,8738,1170556,13533
05-19-2020,1559107,20243,92774,1600,1046918,23830,419415,-5187,285640,8506,1180693,10137
05-20-2020,1584069,24962,94376,1602,1071325,24407,418368,-1047,290042,4402,1199651,18958
05-21-2020,1610279,26210,95718,1342,1099044,27719,415517,-2851,296629,6587,1217932,18281
05-22-2020,1634380,24101,97041,1323,1126350,27306,410989,-4528,305459,8830,1231880,13948
05-23-2020,1655797,21417,98161,1120,1151987,25637,405649,-5340,323429,17970,1234207,2327
05-24-2020,1676690,20893,98804,643,1172764,20777,405122,-527,333506,10077,1244380,10173
05-25-2020,1696060,19370,99304,500,1193812,21048,402944,-2178,341008,7502,1255748,11368
05-26-2020,1715429,19369,100040,736,1217669,23857,397720,-5224,352822,11814,1262567,6819
05-27-2020,1734882,19453,101579,1539,1239282,21613,394021,-3699,359984,7162,1273319,10752
05-28-2020,1756793,21911,102827,1248,1265123,25841,388843,-5178,366658,6674,1287308,13989
05-29-2020,1782311,25518,104064,1237,1291018,25895,387229,-1614,372850,6192,1305397,18089
05-30-2020,1805596,23285,105077,1013,1315918,24900,384601,-2628,378519,5669,1322000,16603
05-31-2020,1825298,19702,105735,658,1335543,19625,384020,-581,388384,9865,1331179,9179
06-01-2020,1846602,21304,106443,708,1361053,25510,379106,-4914,399382,10998,1340777,9598
06-02-2020,1868451,21849,107574,1131,1383449,22396,377428,-1678,408789,9407,1352088,11311
06-03-2020,1889099,20648,108604,1030,1405598,22149,374897,-2531,413771,4982,1366724,14636
06-04-2020,1910811,21712,109591,987,1430113,24515,371107,-3790,419611,5840,1381609,14885
06-05-2020,1936602,25791,110671,1080,1452220,22107,373711,2604,435925,16314,1390006,8397
06-06-2020,1958978,22376,111372,701,1473571,21351,374035,324,439405,3480,1408201,18195
06-07-2020,1981577,22599,112034,662,1493656,20085,375887,1852,512233,72828,1357310,-50891
06-08-2020,2001648,20071,112612,578,1513178,19522,375858,-29,519844,7611,1369192,11882
06-09-2020,2021069,19421,113676,1064,1536038,22860,371355,-4503,590085,70241,1317308,-51884
06-10-2020,2040808,19739,114532,856,1554638,18600,371638,283,594422,4337,1331854,14546
06-11-2020,2064721,23913,115531,999,1576153,21515,373037,1399,609681,15259,1339509,7655
06-12-2020,2091071,26350,116275,744,1600315,24162,374481,1444,631332,21651,1343464,3955
06-13-2020,2116928,25857,117187,912,1622215,21900,377526,3045,638314,6982,1361427,17963
06-14-2020,2136439,19511,117492,305,1641694,19479,377253,-273,642437,4123,1376510,15083
06-15-2020,2157129,20690,117896,404,1668835,27141,370398,-6855,661735,19298,1377498,988
06-16-2020,2178647,21518,118689,793,1688447,19612,371511,1113,666963,5228,1392995,15497
06-17-2020,2202461,23814,119401,712,1707072,18625,375988,4477,675144,8181,1407916,14921
06-18-2020,2235762,33301,120276,875,1727739,20667,387747,11759,699728,24584,1415758,7842
06-19-2020,2267044,31282,120979,703,1751180,23441,394885,7138,705600,5872,1440465,24707
06-20-2020,2301142,34098,121602,623,1772437,21257,407103,12218,717583,11983,1461957,21492
06-21-2020,2325781,24639,121865,263,1795045,22608,408871,1768,722648,5065,1481268,19311
06-22-2020,2359538,33757,122241,376,1815986,20941,421311,12440,734543,11895,1502754,21486
06-23-2020,2394815,35277,123091,850,1834410,18424,437314,16003,741346,6803,1530378,27624
06-24-2020,2429377,34562,123820,729,1853002,18592,452555,15241,748337,6991,1557220,26842
06-25-2020,2471241,41864,126364,2544,1876180,23178,468697,16142,766086,17749,1578791,21571
06-26-2020,2520901,49660,127097,733,1900245,24065,493559,24862,775999,9913,1617805,39014
06-27-2020,2561822,40921,127616,519,1925279,25034,508927,15368,784413,8414,1649793,31988
06-28-2020,2600973,39151,127871,255,1944673,19394,528429,19502,791045,6632,1682057,32264
06-29-2020,2644149,43176,128247,376,1973091,28418,542811,14382,820874,29829,1695028,12971
06-30-2020,2689963,45814,128893,646,1994119,21028,566951,24140,830048,9174,1731022,35994
07-01-2020,2744111,54148,130242,1349,2016912,22793,596957,30006,845005,14957,1768864,37842
07-02-2020,2797623,53512,130916,674,2045256,28344,621451,24494,857884,12879,1808823,39959
07-03-2020,2852254,54631,131628,712,2074240,28984,646386,24935,865750,7866,1854876,46053
07-04-2020,2897967,45713,131873,245,2103441,29201,662653,16267,875119,9369,1890975,36099
07-05-2020,2946768,48801,132139,266,2127658,24217,686971,24318,883590,8471,1931039,40064
07-06-2020,2999904,53136,132545,406,2165508,37850,701851,14880,903852,20262,1963507,32468
07-07-2020,3057650,57746,133518,973,2199832,34324,724300,22449,921041,17189,2003091,39584
07-08-2020,3117190,59540,134463,945,2230258,30426,752469,28169,937853,16812,2044874,41783
07-09-2020,3183139,65949,135402,939,2265175,34917,782562,30093,954113,16260,2093624,48750
07-10-2020,3254220,71081,136226,824,2307251,42076,810743,28181,967467,13354,2150527,56903
07-11-2020,3315061,60841,136929,703,2343226,35975,834906,24163,979923,12456,2198209,47682
07-12-2020,3374198,59137,137361,432,2377841,34615,858996,24090,989776,9853,2247061,48852
07-13-2020,3438089,63891,137747,386,2426228,48387,874114,15118,1016023,26247,2284319,37258
07-14-2020,3505190,67101,138686,939,2468193,41965,898311,24197,1033791,17768,2332713,48394
07-15-2020,3572887,67697,139564,878,2514546,46353,918777,20466,1061580,27789,2371743,39030
07-16-2020,3652496,79609,140577,1013,2560889,46343,951030,32253,1075932,14352,2435987,64244
07-17-2020,3726433,73937,141536,959,2608582,47693,976315,25285,1096756,20824,2488141,52154
07-18-2020,3792103,65670,142397,861,2649586,41004,1000120,23805,1110523,13767,2539183,51042
07-19-2020,3853656,61553,142832,435,2692151,42565,1018673,18553,1119783,9260,2591041,51858
07-20-2020,3918990,65334,143328,496,2742923,50772,1032739,14066,1141040,21257,2634622,43581
07-21-2020,3984200,65210,144467,1139,2795945,53022,1043788,11049,1160906,19866,2678827,44205
07-22-2020,4058125,73925,145655,1188,2858174,62229,1054296,10508,1206201,45295,2706269,27442
07-23-2020,4121791,63666,146640,985,2915957,57783,1059194,4898,1229855,23654,2745296,39027
07-24-2020,4202703,80912,147927,1287,2979661,63704,1075115,15921,1262697,32842,2792079,46783
07-25-2020,4268173,65470,148847,920,3033997,54336,1085329,10214,1281107,18410,2838219,46140
07-26-2020,4325051,56878,149333,486,3085998,52001,1089720,4391,1299538,18431,2876180,37961
07-27-2020,4387223,62172,150432,1099,3144756,58758,1092035,2315,1313880,14342,2922911,46731
07-28-2020,4452380,65157,151749,1317,3205309,60553,1095322,3287,1343960,30080,2956671,33760
07-29-2020,4522052,69672,153197,1448,3269131,63822,1099724,4402,2210723,866763,2158132,-798539
07-30-2020,4590228,68176,154423,1226,3342434,73303,1093371,-6353,2242687,31964,2193118,34986
07-31-2020,4659716,69488,155866,1443,3414747,72313,1089103,-4268,2284746,42059,2219104,25986
08-01-2020,4719457,59741,156949,1083,3473502,58755,1089006,-97,2303071,18325,2259437,40333
08-02-2020,4766941,47484,157451,502,3528443,54941,1081047,-7959,2314259,11188,2295231,35794
08-03-2020,4816634,49693,158084,633,3589589,61146,1068961,-12086,2344893,30634,2313657,18426
08-04-2020,4872555,55921,159475,1391,3662884,73295,1050196,-18765,2383631,38738,2329449,15792
08-05-2020,4923771,51216,160736,1261,3730397,67513,1032638,-17558,2422146,38515,2340889,11440
08-06-2020,4983574,59803,162041,1305,3789595,59198,1031938,-700,2448982,26836,2372551,31662
08-07-2020,5048058,64484,163430,1389,3864049,74454,1020579,-11359,2476396,27414,2408232,35681
08-08-2020,5103098,55040,164463,1033,3924259,60210,1014376,-6203,2491806,15410,2446829,38597
08-09-2020,5149571,46473,165051,588,3976202,51943,1008318,-6058,2503995,12189,2480525,33696
08-10-2020,5201131,51560,165545,494,4035830,59628,999756,-8562,2524441,20446,2511145,30620
08-11-2020,5255022,53891,166966,1421,4110975,75145,977081,-22675,2630713,106272,2457343,-53802
08-12-2020,5306145,51123,168450,1484,4178126,67151,959569,-17512,2671414,40701,2466281,8938
08-13-2020,5364138,57993,169726,1276,4241054,62928,953358,-6211,2696941,25527,2497471,31190
08-14-2020,5423321,59183,170904,1178,4304863,63809,947554,-5804,2734447,37506,2517970,20499
08-15-2020,5466551,43230,171846,942,4359342,54479,935363,-12191,2753262,18815,2541443,23473
08-16-2020,5511867,45316,172460,614,4404800,45458,934607,-756,2760665,7403,2578742,37299
08-17-2020,5558439,46572,173120,660,4456400,51600,928919,-5688,2794112,33447,2591207,12465
08-18-2020,5600068,41629,174414,1294,4519897,63497,905757,-23162,2825234,31122,2600420,9213
08-19-2020,5646863,46795,175775,1361,4575998,56101,895090,-10667,2862716,37482,2608372,7952
08-20-2020,5693156,46293,177045,1270,4633622,57624,882489,-12601,2897783,35067,2618328,9956
08-21-2020,5740931,47775,178238,1193,4695536,61914,867157,-15332,2918282,20499,2644411,26083
08-22-2020,5788085,47154,179203,965,4747084,51548,861798,-5359,2931646,13364,2677236,32825
08-23-2020,5820496,32411,179713,510,4793596,46512,847187,-14611,2944924,13278,2695859,18623
08-24-2020,5861631,41135,180183,470,4845595,51999,835853,-11334,2965499,20575,2715949,20090
08-25-2020,5862116,485,180193,10,4897018,51423,784905,-50948,2965499,0,2716424,475
