date,Confirmed,newConfirmed,Deaths,newDeaths,Est.Recovered,newEst.Recovered,Est.Active,newEst.Active,Recovered,newRecovered,Active,newActive
03-14-2020,3,3,0,0,0,0,3,3,-1,-1,-1,-1
03-15-2020,6,3,0,0,0,0,6,3,-1,-1,-1,-1
03-16-2020,6,0,0,0,0,0,6,0,-1,-1,-1,-1
03-17-2020,18,12,0,0,0,0,18,12,-1,-1,-1,-1
03-18-2020,33,15,0,0,0,0,33,15,-1,-1,-1,-1
03-19-2020,45,12,0,0,0,0,45,12,-1,-1,-1,-1
03-20-2020,51,6,0,0,0,0,51,6,-1,-1,-1,-1
03-21-2020,51,0,0,0,0,0,51,0,-1,-1,-1,-1
03-22-2020,51,0,0,0,0,0,51,0,-1,-1,-1,-1
03-23-2020,56,5,0,0,0,0,56,5,-1,-1,-1,-1
03-24-2020,73,17,0,0,0,0,73,17,-1,-1,-1,-1
03-25-2020,73,0,0,0,0,0,73,0,-1,-1,-1,-1
03-26-2020,76,3,0,0,0,0,76,3,-1,-1,-1,-1
03-27-2020,76,0,0,0,0,0,76,0,-1,-1,-1,-1
03-28-2020,96,20,2,2,0,0,94,18,-1,-1,-1,-1
03-29-2020,96,0,2,0,2,2,92,-2,-1,-1,-1,-1
03-30-2020,96,0,2,0,2,0,92,0,-1,-1,-1,-1
03-31-2020,106,10,4,2,10,8,92,0,-1,-1,-1,-1
04-01-2020,114,8,5,1,21,11,88,-4,-1,-1,-1,-1
04-02-2020,125,11,6,1,30,9,89,1,-1,-1,-1,-1
04-03-2020,128,3,6,0,35,5,87,-2,-1,-1,-1,-1
04-04-2020,130,2,7,1,34,-1,89,2,-1,-1,-1,-1
04-05-2020,130,0,7,0,34,0,89,0,-1,-1,-1,-1
04-06-2020,134,4,7,0,38,4,89,0,-1,-1,-1,-1
04-07-2020,135,1,7,0,52,14,76,-13,-1,-1,-1,-1
04-08-2020,139,4,7,0,52,0,80,4,-1,-1,-1,-1
04-09-2020,139,0,8,1,53,1,78,-2,-1,-1,-1,-1
04-10-2020,141,2,8,0,53,0,80,2,-1,-1,-1,-1
04-11-2020,143,2,8,0,70,17,65,-15,-1,-1,-1,-1
04-12-2020,143,0,8,0,70,0,65,0,-1,-1,-1,-1
04-13-2020,143,0,8,0,70,0,65,0,-1,-1,-1,-1
04-14-2020,143,0,8,0,80,10,55,-10,-1,-1,-1,-1
04-15-2020,145,2,8,0,88,8,49,-6,-1,-1,-1,-1
04-16-2020,145,0,8,0,99,11,38,-11,-1,-1,-1,-1
04-17-2020,145,0,8,0,102,3,35,-3,-1,-1,-1,-1
04-18-2020,145,0,8,0,104,2,33,-2,-1,-1,-1,-1
04-19-2020,145,0,10,2,102,-2,33,0,-1,-1,-1,-1
04-20-2020,148,3,10,0,106,4,32,-1,-1,-1,-1,-1
04-21-2020,148,0,10,0,109,3,29,-3,-1,-1,-1,-1
04-22-2020,148,0,10,0,112,3,26,-3,-1,-1,-1,-1
04-23-2020,148,0,10,0,113,1,25,-1,-1,-1,-1,-1
04-24-2020,148,0,10,0,114,1,24,-1,-1,-1,-1,-1
04-25-2020,149,1,10,0,119,5,20,-4,-1,-1,-1,-1
04-26-2020,149,0,10,0,119,0,20,0,-1,-1,-1,-1
04-27-2020,149,0,10,0,119,0,20,0,-1,-1,-1,-1
04-28-2020,149,0,10,0,121,2,18,-2,-1,-1,-1,-1
04-29-2020,149,0,11,1,124,3,14,-4,-1,-1,-1,-1
04-30-2020,151,2,11,0,126,2,14,0,-1,-1,-1,-1
05-01-2020,152,1,12,1,125,-1,15,1,-1,-1,-1,-1
05-02-2020,152,0,12,0,126,1,14,-1,-1,-1,-1,-1
05-03-2020,152,0,12,0,126,0,14,0,-1,-1,-1,-1
05-04-2020,152,0,12,0,129,3,11,-3,-1,-1,-1,-1
05-05-2020,152,0,12,0,130,1,10,-1,-1,-1,-1,-1
05-06-2020,152,0,13,1,129,-1,10,0,-1,-1,-1,-1
05-07-2020,153,1,13,0,130,1,10,0,-1,-1,-1,-1
05-08-2020,153,0,13,0,130,0,10,0,-1,-1,-1,-1
05-09-2020,154,1,13,0,132,2,9,-1,-1,-1,-1,-1
05-10-2020,154,0,13,0,132,0,9,0,-1,-1,-1,-1
05-11-2020,154,0,13,0,132,0,9,0,-1,-1,-1,-1
05-12-2020,154,0,13,0,133,1,8,-1,-1,-1,-1,-1
05-13-2020,155,1,13,0,133,0,9,1,-1,-1,-1,-1
05-14-2020,155,0,13,0,135,2,7,-2,-1,-1,-1,-1
05-15-2020,155,0,13,0,136,1,6,-1,-1,-1,-1,-1
05-16-2020,155,0,13,0,136,0,6,0,-1,-1,-1,-1
05-17-2020,155,0,13,0,136,0,6,0,-1,-1,-1,-1
05-18-2020,155,0,13,0,137,1,5,-1,-1,-1,-1,-1
05-19-2020,155,0,13,0,137,0,5,0,-1,-1,-1,-1
05-20-2020,155,0,13,0,137,0,5,0,-1,-1,-1,-1
05-21-2020,155,0,13,0,138,1,4,-1,-1,-1,-1,-1
05-22-2020,155,0,13,0,138,0,4,0,-1,-1,-1,-1
05-23-2020,155,0,13,0,139,1,3,-1,-1,-1,-1,-1
05-24-2020,156,1,13,0,139,0,4,1,-1,-1,-1,-1
05-25-2020,156,0,13,0,139,0,4,0,-1,-1,-1,-1
05-26-2020,161,5,14,1,138,-1,9,5,-1,-1,-1,-1
05-27-2020,161,0,14,0,139,1,8,-1,-1,-1,-1,-1
05-28-2020,161,0,14,0,139,0,8,0,-1,-1,-1,-1
05-29-2020,161,0,14,0,140,1,7,-1,-1,-1,-1,-1
05-30-2020,162,1,14,0,140,0,8,1,-1,-1,-1,-1
05-31-2020,162,0,14,0,140,0,8,0,-1,-1,-1,-1
06-01-2020,162,0,14,0,140,0,8,0,-1,-1,-1,-1
06-02-2020,162,0,14,0,140,0,8,0,-1,-1,-1,-1
06-03-2020,162,0,14,0,140,0,8,0,-1,-1,-1,-1
06-04-2020,162,0,14,0,140,0,8,0,-1,-1,-1,-1
06-05-2020,162,0,14,0,140,0,8,0,-1,-1,-1,-1
06-06-2020,164,2,14,0,140,0,10,2,-1,-1,-1,-1
06-07-2020,164,0,14,0,141,1,9,-1,-1,-1,-1,-1
06-08-2020,164,0,14,0,141,0,9,0,-1,-1,-1,-1
06-09-2020,164,0,14,0,145,4,5,-4,-1,-1,-1,-1
06-10-2020,164,0,14,0,145,0,5,0,144,-1,6,-1
06-11-2020,164,0,14,0,145,0,5,0,144,0,6,0
06-12-2020,164,0,14,0,145,0,5,0,144,0,6,0
06-13-2020,171,7,14,0,146,1,11,6,144,0,13,7
06-14-2020,171,0,14,0,146,0,11,0,144,0,13,0
06-15-2020,171,0,14,0,146,0,11,0,144,0,13,0
06-16-2020,171,0,14,0,146,0,11,0,-1,-1,-1,-1
06-17-2020,171,0,14,0,146,0,11,0,-1,-1,-1,-1
06-18-2020,171,0,14,0,146,0,11,0,-1,-1,-1,-1
06-19-2020,171,0,14,0,146,0,11,0,-1,-1,-1,-1
06-20-2020,174,3,14,0,148,2,12,1,-1,-1,-1,-1
06-21-2020,174,0,14,0,148,0,12,0,-1,-1,-1,-1
06-22-2020,174,0,14,0,148,0,12,0,-1,-1,-1,-1
06-23-2020,174,0,14,0,149,1,11,-1,-1,-1,-1,-1
06-24-2020,174,0,14,0,149,0,11,0,-1,-1,-1,-1
06-25-2020,174,0,14,0,149,0,11,0,-1,-1,-1,-1
06-26-2020,174,0,14,0,149,0,11,0,-1,-1,-1,-1
06-27-2020,182,8,14,0,154,5,14,3,-1,-1,-1,-1
06-28-2020,182,0,14,0,154,0,14,0,-1,-1,-1,-1
06-29-2020,182,0,14,0,154,0,14,0,-1,-1,-1,-1
06-30-2020,182,0,14,0,154,0,14,0,-1,-1,-1,-1
07-01-2020,182,0,14,0,154,0,14,0,-1,-1,-1,-1
07-02-2020,182,0,14,0,154,0,14,0,-1,-1,-1,-1
07-03-2020,182,0,14,0,154,0,14,0,-1,-1,-1,-1
07-04-2020,182,0,14,0,157,3,11,-3,-1,-1,-1,-1
07-05-2020,184,2,16,2,155,-2,13,2,-1,-1,-1,-1
07-06-2020,184,0,14,-2,157,2,13,0,-1,-1,-1,-1
07-07-2020,184,0,14,0,157,0,13,0,-1,-1,-1,-1
07-08-2020,184,0,14,0,157,0,13,0,-1,-1,-1,-1
07-09-2020,184,0,14,0,157,0,13,0,-1,-1,-1,-1
07-10-2020,184,0,14,0,157,0,13,0,-1,-1,-1,-1
07-11-2020,190,6,14,0,165,8,11,-2,-1,-1,-1,-1
07-12-2020,190,0,14,0,165,0,11,0,-1,-1,-1,-1
07-13-2020,190,0,14,0,165,0,11,0,-1,-1,-1,-1
07-14-2020,190,0,14,0,165,0,11,0,-1,-1,-1,-1
07-15-2020,190,0,14,0,165,0,11,0,-1,-1,-1,-1
07-16-2020,190,0,14,0,165,0,11,0,-1,-1,-1,-1
07-17-2020,190,0,14,0,165,0,11,0,-1,-1,-1,-1
07-18-2020,195,5,14,0,165,0,16,5,-1,-1,-1,-1
07-19-2020,195,0,14,0,167,2,14,-2,-1,-1,-1,-1
07-20-2020,195,0,14,0,167,0,14,0,-1,-1,-1,-1
07-21-2020,195,0,14,0,167,0,14,0,-1,-1,-1,-1
07-22-2020,195,0,14,0,167,0,14,0,-1,-1,-1,-1
07-23-2020,195,0,14,0,167,0,14,0,-1,-1,-1,-1
07-24-2020,195,0,14,0,167,0,14,0,-1,-1,-1,-1
07-25-2020,203,8,14,0,173,6,16,2,-1,-1,-1,-1
07-26-2020,203,0,14,0,173,0,16,0,-1,-1,-1,-1
07-27-2020,203,0,14,0,173,0,16,0,-1,-1,-1,-1
07-28-2020,203,0,14,0,173,0,16,0,-1,-1,-1,-1
07-29-2020,203,0,14,0,173,0,16,0,-1,-1,-1,-1
07-30-2020,203,0,14,0,173,0,16,0,-1,-1,-1,-1
07-31-2020,244,41,14,0,173,0,57,41,-1,-1,-1,-1
08-01-2020,244,0,14,0,178,5,52,-5,-1,-1,-1,-1
08-02-2020,265,21,14,0,178,0,73,21,-1,-1,-1,-1
08-03-2020,265,0,14,0,178,0,73,0,-1,-1,-1,-1
08-04-2020,265,0,14,0,178,0,73,0,-1,-1,-1,-1
08-05-2020,272,7,14,0,178,0,80,7,-1,-1,-1,-1
08-06-2020,272,0,14,0,178,0,80,0,-1,-1,-1,-1
08-07-2020,279,7,14,0,178,0,87,7,-1,-1,-1,-1
08-08-2020,279,0,14,0,186,8,79,-8,-1,-1,-1,-1
08-09-2020,290,11,14,0,186,0,90,11,-1,-1,-1,-1
08-10-2020,290,0,14,0,186,0,90,0,-1,-1,-1,-1
08-11-2020,290,0,14,0,186,0,90,0,-1,-1,-1,-1
08-12-2020,317,27,14,0,186,0,117,27,-1,-1,-1,-1
08-13-2020,367,50,14,0,289,103,64,-53,289,-1,64,-1
08-14-2020,367,0,14,0,289,0,64,0,289,0,64,0
08-15-2020,446,79,14,0,220,-69,212,148,-1,-1,-1,-1
08-16-2020,446,0,14,0,237,17,195,-17,-1,-1,-1,-1
08-17-2020,446,0,14,0,237,0,195,0,-1,-1,-1,-1
08-18-2020,510,64,15,1,236,-1,259,64,-1,-1,-1,-1
08-19-2020,510,0,15,0,241,5,254,-5,-1,-1,-1,-1
08-20-2020,510,0,15,0,241,0,254,0,-1,-1,-1,-1
08-21-2020,510,0,15,0,247,6,248,-6,-1,-1,-1,-1
08-22-2020,510,0,15,0,248,1,247,-1,-1,-1,-1,-1
08-23-2020,771,261,15,0,257,9,499,252,-1,-1,-1,-1
08-24-2020,771,0,15,0,257,0,499,0,-1,-1,-1,-1
08-25-2020,771,0,15,0,257,0,499,0,-1,-1,-1,-1
