date,Confirmed,newConfirmed,Deaths,newDeaths,Est.Recovered,newEst.Recovered,Est.Active,newEst.Active,Recovered,newRecovered,Active,newActive
04-08-2020,3146,3146,8,8,224,224,2914,2914,224,224,2914,2914
04-09-2020,3160,14,8,0,224,0,2928,14,224,0,2928,14
04-10-2020,3366,206,13,5,299,75,3054,126,299,75,3054,126
04-11-2020,3366,0,13,0,299,0,3054,0,299,0,3054,0
04-12-2020,3509,143,13,0,351,52,3145,91,351,52,3145,91
04-13-2020,4528,1019,15,2,588,237,3925,780,588,237,3925,780
04-14-2020,4769,241,16,1,626,38,4127,202,626,38,4127,202
04-15-2020,4769,0,17,1,648,22,4104,-23,648,22,4104,-23
04-16-2020,4769,0,19,2,957,309,3793,-311,957,309,3793,-311
04-17-2020,4849,80,19,0,1059,102,3771,-22,1059,102,3771,-22
04-18-2020,4849,0,19,0,1110,51,3720,-51,1110,51,3720,-51
04-19-2020,4849,0,19,0,1110,0,3720,0,1110,0,3720,0
04-20-2020,5335,486,22,3,1332,222,3981,261,1332,222,3981,261
04-21-2020,5335,0,22,0,1483,151,3830,-151,1483,151,3830,-151
04-22-2020,5734,399,25,3,2523,1040,3186,-644,1595,112,4114,284
04-23-2020,5901,167,25,0,2534,11,3342,156,1710,115,4166,52
04-24-2020,6213,312,26,1,2700,166,3487,145,1947,237,4240,74
04-25-2020,6213,0,26,0,2700,0,3487,0,1947,0,4240,0
04-26-2020,6213,0,26,0,2816,116,3371,-116,1947,0,4240,0
04-27-2020,6213,0,26,0,3641,825,2546,-825,1947,0,4240,0
04-28-2020,6213,0,26,0,3836,195,2351,-195,1947,0,4240,0
04-29-2020,6213,0,26,0,3836,0,2351,0,1947,0,4240,0
04-30-2020,6962,749,27,1,3835,-1,3100,749,2263,316,4672,432
05-01-2020,6962,0,27,0,3900,65,3035,-65,2263,0,4672,0
05-02-2020,6962,0,27,0,3900,0,3035,0,2263,0,4672,0
05-03-2020,6962,0,27,0,3900,0,3035,0,2263,0,4672,0
05-04-2020,6962,0,27,0,4294,394,2641,-394,2263,0,4672,0
05-05-2020,7526,564,27,0,4294,0,3205,564,2937,674,4562,-110
05-06-2020,7604,78,27,0,5057,763,2520,-685,2995,58,4582,20
05-07-2020,7702,98,27,0,5195,138,2480,-40,3061,66,4614,32
05-08-2020,7826,124,27,0,5476,281,2323,-157,3156,95,4643,29
05-09-2020,7826,0,27,0,5476,0,2323,0,3156,0,4643,0
05-10-2020,7826,0,27,0,5496,20,2303,-20,3156,0,4643,0
05-11-2020,8046,220,27,0,5639,143,2380,77,3464,308,4555,-88
05-12-2020,8130,84,27,0,5673,34,2430,50,3525,61,4578,23
05-13-2020,8210,80,27,0,5673,0,2510,80,3682,157,4501,-77
05-14-2020,8297,87,27,0,6279,606,1991,-519,3832,150,4438,-63
05-15-2020,8374,77,27,0,6291,12,2056,65,3950,118,4397,-41
05-16-2020,8374,0,27,0,6291,0,2056,0,3950,0,4397,0
05-17-2020,8374,0,27,0,6291,0,2056,0,3950,0,4397,0
05-18-2020,8636,262,28,1,6358,67,2250,194,4342,392,4266,-131
05-19-2020,8697,61,28,0,6814,456,1855,-395,4398,56,4271,5
05-20-2020,8764,67,29,1,7090,276,1645,-210,4507,109,4228,-43
05-21-2020,8859,95,30,1,7192,102,1637,-8,4611,104,4218,-10
05-22-2020,8950,91,32,2,7345,153,1573,-64,4613,2,4305,87
05-23-2020,8950,0,32,0,7345,0,1573,0,4613,0,4305,0
05-24-2020,8950,0,32,0,7352,7,1566,-7,4613,0,4305,0
05-25-2020,8950,0,32,0,7581,229,1337,-229,4613,0,4305,0
05-26-2020,9173,223,35,3,7658,77,1480,143,5114,501,4024,-281
05-27-2020,9276,103,35,0,7723,65,1518,38,5161,47,4080,56
05-28-2020,9352,76,36,1,7897,174,1419,-99,5216,55,4100,20
05-29-2020,9449,97,36,0,7964,67,1449,30,5316,100,4097,-3
05-30-2020,9449,0,36,0,7964,0,1449,0,5316,0,4097,0
05-31-2020,9449,0,36,0,7964,0,1449,0,5316,0,4097,0
06-01-2020,9885,436,36,0,8200,236,1649,200,5508,192,4341,244
06-02-2020,9885,0,36,0,8328,128,1521,-128,5508,0,4341,0
06-03-2020,10203,318,36,0,8414,86,1753,232,5704,196,4463,122
06-04-2020,10285,82,36,0,8513,99,1736,-17,5803,99,4446,-17
06-05-2020,10285,0,36,0,8619,106,1630,-106,5803,0,4446,0
06-06-2020,10285,0,36,0,8619,0,1630,0,5803,0,4446,0
06-07-2020,10285,0,36,0,8619,0,1630,0,5803,0,4446,0
06-08-2020,10822,537,36,0,8650,31,2136,506,6328,525,4458,12
06-09-2020,10822,0,36,0,8842,192,1944,-192,6328,0,4458,0
06-10-2020,11083,261,36,0,8937,95,2110,166,6622,294,4425,-33
06-11-2020,11083,0,36,0,9048,111,1999,-111,6622,0,4425,0
06-12-2020,11439,356,36,0,9138,90,2265,266,6809,187,4594,169
06-13-2020,11439,0,36,0,9138,0,2265,0,6809,0,4594,0
06-14-2020,11439,0,36,0,9138,0,2265,0,6809,0,4594,0
06-15-2020,12152,713,36,0,9527,389,2589,324,7028,219,5088,494
06-16-2020,12152,0,36,0,9564,37,2552,-37,7028,0,5088,0
06-17-2020,12606,454,36,0,9835,271,2735,183,7292,264,5278,190
06-18-2020,12606,0,36,0,9920,85,2650,-85,7292,0,5278,0
06-19-2020,13232,626,36,0,9939,19,3257,607,7605,313,5591,313
06-20-2020,13232,0,36,0,9939,0,3257,0,7605,0,5591,0
06-21-2020,13232,0,36,0,9939,0,3257,0,7605,0,5591,0
06-22-2020,14073,841,36,0,10385,446,3652,395,7882,277,6155,564
06-23-2020,14073,0,36,0,10420,35,3617,-35,7882,0,6155,0
06-24-2020,14073,0,36,0,10650,230,3387,-230,7882,0,6155,0
06-25-2020,14612,539,37,1,10664,14,3911,524,7955,73,6620,465
06-26-2020,15577,965,37,0,10970,306,4570,659,8244,289,7296,676
06-27-2020,15577,0,37,0,10970,0,4570,0,8244,0,7296,0
06-28-2020,15577,0,37,0,10970,0,4570,0,8244,0,7296,0
06-29-2020,17116,1539,38,1,11620,650,5458,888,8536,292,8542,1246
06-30-2020,17116,0,38,0,11623,3,5455,-3,8536,0,8542,0
07-01-2020,18071,955,38,0,12039,416,5994,539,8683,147,9350,808
07-02-2020,18071,0,38,0,12055,16,5978,-16,8683,0,9350,0
07-03-2020,18071,0,38,0,12567,512,5466,-512,8683,0,9350,0
07-04-2020,18071,0,38,0,12567,0,5466,0,8683,0,9350,0
07-05-2020,18071,0,38,0,12567,0,5466,0,8683,0,9350,0
07-06-2020,21493,3422,40,2,13321,754,8132,2666,9316,633,12137,2787
07-07-2020,21493,0,40,0,13332,11,8121,-11,9316,0,12137,0
07-08-2020,22168,675,40,0,13374,42,8754,633,9472,156,12656,519
07-09-2020,22168,0,40,0,13814,440,8314,-440,9472,0,12656,0
07-10-2020,23842,1674,41,1,14650,836,9151,837,10028,556,13773,1117
07-11-2020,23842,0,41,0,14650,0,9151,0,10028,0,13773,0
07-12-2020,23842,0,41,0,14650,0,9151,0,10028,0,13773,0
07-13-2020,25822,1980,42,1,16017,1367,9763,612,10673,645,15107,1334
07-14-2020,25822,0,42,0,16017,0,9763,0,10673,0,15107,0
07-15-2020,27088,1266,44,2,16868,851,10176,413,11066,393,15978,871
07-16-2020,27088,0,44,0,16872,4,10172,-4,11066,0,15978,0
07-17-2020,27088,0,44,0,16960,88,10084,-88,11066,0,15978,0
07-18-2020,29047,1959,46,2,16958,-2,12043,1959,11915,849,17086,1108
07-19-2020,29047,0,46,0,16958,0,12043,0,11915,0,17086,0
07-20-2020,31418,2371,48,2,19872,2914,11498,-545,12728,813,18642,1556
07-21-2020,31418,0,48,0,19872,0,11498,0,12728,0,18642,0
07-22-2020,32728,1310,51,3,20429,557,12248,750,13088,360,19589,947
07-23-2020,32728,0,51,0,20504,75,12173,-75,13088,0,19589,0
07-24-2020,34491,1763,54,3,22010,1506,12427,254,14044,956,20393,804
07-25-2020,34491,0,54,0,22010,0,12427,0,14044,0,20393,0
07-26-2020,34491,0,54,0,22010,0,12427,0,14044,0,20393,0
07-27-2020,36659,2168,56,2,23863,1853,12740,313,15122,1078,21481,1088
07-28-2020,36659,0,56,0,23863,0,12740,0,15122,0,21481,0
07-29-2020,37824,1165,58,2,25043,1180,12723,-17,16767,1645,20999,-482
07-30-2020,37824,0,58,0,25043,0,12723,0,16767,0,20999,0
07-31-2020,39591,1767,66,8,25066,23,14459,1736,18888,2121,20637,-362
08-01-2020,39591,0,66,0,26653,1587,12872,-1587,18888,0,20637,0
08-02-2020,39591,0,66,0,26653,0,12872,0,18888,0,20637,0
08-03-2020,39591,0,66,0,29095,2442,10430,-2442,18888,0,20637,0
08-04-2020,41361,1770,68,2,29093,-2,12200,1770,20338,1450,20955,318
08-05-2020,42249,888,70,2,30246,1153,11933,-267,20984,646,21195,240
08-06-2020,42249,0,70,0,30273,27,11906,-27,20984,0,21195,0
08-07-2020,43634,1385,72,2,31982,1709,11580,-326,22235,1251,21327,132
08-08-2020,43634,0,72,0,31982,0,11580,0,22235,0,21327,0
08-09-2020,43634,0,72,0,31982,0,11580,0,22235,0,21327,0
08-10-2020,45315,1681,73,1,34091,2109,11151,-429,23503,1268,21739,412
08-11-2020,45315,0,73,0,34091,0,11151,0,23503,0,21739,0
08-12-2020,46332,1017,73,0,35260,1169,10999,-152,24240,737,22019,280
08-13-2020,46332,0,73,0,35260,0,10999,0,24240,0,22019,0
08-14-2020,47513,1181,74,1,36690,1430,10749,-250,25487,1247,21952,-67
08-15-2020,47513,0,74,0,36964,274,10475,-274,25487,0,21952,0
08-16-2020,47513,0,74,0,36964,0,10475,0,25487,0,21952,0
08-17-2020,49068,1555,74,0,37467,503,11527,1052,26674,1187,22320,368
08-18-2020,49068,0,74,0,38901,1434,10093,-1434,26674,0,22320,0
08-19-2020,49778,710,75,1,39837,936,9866,-227,27111,437,22592,272
08-20-2020,49778,0,75,0,39837,0,9866,0,27111,0,22592,0
08-21-2020,51238,1460,77,2,41287,1450,9874,8,28302,1191,22859,267
08-22-2020,51238,0,77,0,41287,0,9874,0,28302,0,22859,0
08-23-2020,51238,0,77,0,41287,0,9874,0,28302,0,22859,0
08-24-2020,52455,1217,79,2,43049,1762,9327,-547,29775,1473,22601,-258
08-25-2020,52455,0,79,0,43049,0,9327,0,29775,0,22601,0
