date,Confirmed,newConfirmed,Deaths,newDeaths,Est.Recovered,newEst.Recovered,Est.Active,newEst.Active,Recovered,newRecovered,Active,newActive
03-08-2020,1,1,0,0,0,0,1,1,0,0,1,1
03-09-2020,1,0,0,0,0,0,1,0,0,0,1,0
03-10-2020,1,0,0,0,0,0,1,0,0,0,1,0
03-11-2020,2,1,0,0,0,0,2,1,0,0,2,1
03-12-2020,2,0,0,0,0,0,2,0,0,0,2,0
03-13-2020,2,0,0,0,0,0,2,0,0,0,2,0
03-14-2020,5,3,0,0,0,0,5,3,0,0,5,3
03-15-2020,8,3,0,0,0,0,8,3,0,0,8,3
03-16-2020,12,4,0,0,0,0,12,4,0,0,12,4
03-17-2020,17,5,0,0,0,0,17,5,0,0,17,5
03-18-2020,19,2,0,0,0,0,19,2,0,0,19,2
03-19-2020,22,3,2,2,0,0,20,1,0,0,20,1
03-20-2020,29,7,2,0,0,0,27,7,0,0,27,7
03-21-2020,49,20,2,0,0,0,47,20,0,0,47,20
03-22-2020,52,3,2,0,0,0,50,3,0,0,50,3
03-23-2020,75,23,5,3,0,0,70,20,0,0,70,20
03-24-2020,95,20,7,2,0,0,88,18,0,0,88,18
03-25-2020,125,30,8,1,0,0,117,29,0,0,117,29
03-26-2020,158,33,9,1,0,0,149,32,0,0,149,32
03-27-2020,184,26,10,1,0,0,174,25,0,0,174,25
03-28-2020,211,27,12,2,0,0,199,25,0,0,199,25
03-29-2020,235,24,12,0,0,0,223,24,0,0,223,24
03-30-2020,256,21,12,0,0,0,244,21,0,0,244,21
03-31-2020,293,37,13,1,0,0,280,36,0,0,280,36
04-01-2020,321,28,16,3,0,0,305,25,0,0,305,25
04-02-2020,338,17,17,1,0,0,321,16,0,0,321,16
04-03-2020,389,51,17,0,6,6,366,45,0,0,372,51
04-04-2020,461,72,20,3,19,13,422,56,0,0,441,69
04-05-2020,512,51,22,2,20,1,470,48,0,0,490,49
04-06-2020,543,31,23,1,37,17,483,13,0,0,520,30
04-07-2020,575,32,23,0,54,17,498,15,0,0,552,32
04-08-2020,605,30,23,0,78,24,504,6,0,0,582,30
04-09-2020,628,23,23,0,105,27,500,-4,0,0,605,23
04-10-2020,679,51,24,1,125,20,530,30,0,0,655,50
04-11-2020,711,32,25,1,146,21,540,10,0,0,686,31
04-12-2020,727,16,27,2,164,18,536,-4,0,0,700,14
04-13-2020,748,21,28,1,181,17,539,3,0,0,720,20
04-14-2020,748,0,29,1,210,29,509,-30,0,0,719,-1
04-15-2020,759,11,30,1,232,22,497,-12,0,0,729,10
04-16-2020,768,9,35,5,241,9,492,-5,0,0,733,4
04-17-2020,779,11,35,0,284,43,460,-32,0,0,744,11
04-18-2020,803,24,38,3,342,58,423,-37,0,0,765,21
04-19-2020,813,10,38,0,384,42,391,-32,0,0,775,10
04-20-2020,816,3,38,0,412,28,366,-25,0,0,778,3
04-21-2020,818,2,40,2,439,27,339,-27,0,0,778,0
04-22-2020,823,5,40,0,467,28,316,-23,0,0,783,5
04-23-2020,825,2,43,3,487,20,295,-21,0,0,782,-1
04-24-2020,827,2,44,1,531,44,252,-43,0,0,783,1
04-25-2020,843,16,46,2,559,28,238,-14,0,0,797,14
04-26-2020,851,8,46,0,576,17,229,-9,0,0,805,8
04-27-2020,855,4,47,1,595,19,213,-16,0,0,808,3
04-28-2020,862,7,47,0,600,5,215,2,0,0,815,7
04-29-2020,862,0,47,0,613,13,202,-13,0,0,815,0
04-30-2020,866,4,49,2,621,8,196,-6,0,0,817,2
05-01-2020,879,13,50,1,636,15,193,-3,0,0,829,12
05-02-2020,886,7,51,1,666,30,169,-24,0,0,835,6
05-03-2020,897,11,53,2,679,13,165,-4,0,0,844,9
05-04-2020,902,5,52,-1,688,9,162,-3,0,0,850,6
05-05-2020,907,5,52,0,695,7,160,-2,0,0,855,5
05-06-2020,908,1,52,0,705,10,151,-9,0,0,856,1
05-07-2020,916,8,53,1,711,6,152,1,0,0,863,7
05-08-2020,919,3,53,0,737,26,129,-23,737,737,129,-734
05-09-2020,921,2,53,0,739,2,129,0,737,0,131,2
05-10-2020,927,6,53,0,777,38,97,-32,777,40,97,-34
05-11-2020,927,0,53,0,777,0,97,0,777,0,97,0
05-12-2020,927,0,53,0,787,10,87,-10,787,10,87,-10
05-13-2020,929,2,53,0,789,2,87,0,789,2,87,0
05-14-2020,932,3,53,0,789,0,90,3,789,0,90,3
05-15-2020,933,1,53,0,796,7,84,-6,796,7,84,-6
05-16-2020,934,1,53,0,800,4,81,-3,796,0,85,1
05-17-2020,940,6,54,1,811,11,75,-6,796,0,90,5
05-18-2020,940,0,54,0,818,7,68,-7,796,0,90,0
05-19-2020,944,4,54,0,823,5,67,-1,796,0,94,4
05-20-2020,944,0,54,0,826,3,64,-3,796,0,94,0
05-21-2020,950,6,54,0,834,8,62,-2,796,0,100,6
05-22-2020,952,2,54,0,840,6,58,-4,796,0,102,2
05-23-2020,954,2,54,0,845,5,55,-3,796,0,104,2
05-24-2020,956,2,54,0,852,7,50,-5,796,0,106,2
05-25-2020,962,6,54,0,853,1,55,5,843,47,65,-41
05-26-2020,967,5,54,0,854,1,59,4,843,0,70,5
05-27-2020,971,4,54,0,857,3,60,1,843,0,74,4
05-28-2020,974,3,55,1,859,2,60,0,855,12,64,-10
05-29-2020,975,1,55,0,862,3,58,-2,855,0,65,1
05-30-2020,977,2,55,0,865,3,57,-1,865,10,57,-8
05-31-2020,981,4,55,0,873,8,53,-4,873,8,53,-4
06-01-2020,983,2,55,0,880,7,48,-5,880,7,48,-5
06-02-2020,988,5,55,0,879,-1,54,6,879,-1,54,6
06-03-2020,990,2,55,0,879,0,56,2,879,0,56,2
06-04-2020,1026,36,55,0,883,4,88,32,881,2,90,34
06-05-2020,1027,1,55,0,886,3,86,-2,882,1,90,0
06-06-2020,1046,19,55,0,888,2,103,17,888,6,103,13
06-07-2020,1063,17,55,0,891,3,117,14,890,2,118,15
06-08-2020,1075,12,55,0,896,5,124,7,895,5,125,7
06-09-2020,1084,9,55,0,901,5,128,4,901,6,128,3
06-10-2020,1095,11,55,0,904,3,136,8,903,2,137,9
06-11-2020,1110,15,55,0,907,3,148,12,905,2,150,13
06-12-2020,1119,9,55,0,909,2,155,7,907,2,157,7
06-13-2020,1125,6,55,0,911,2,159,4,908,1,162,5
06-14-2020,1127,2,55,0,916,5,156,-3,909,1,163,1
06-15-2020,1128,1,55,0,917,1,156,0,912,3,161,-2
06-16-2020,1131,3,55,0,922,5,154,-2,914,2,162,1
06-17-2020,1130,-1,55,0,924,2,151,-3,915,1,160,-2
06-18-2020,1135,5,56,1,953,29,126,-25,917,2,162,2
06-19-2020,1144,9,56,0,955,2,133,7,918,1,170,8
06-20-2020,1147,3,56,0,970,15,121,-12,920,2,171,1
06-21-2020,1159,12,56,0,985,15,118,-3,922,2,181,10
06-22-2020,1163,4,56,0,995,10,112,-6,922,0,185,4
06-23-2020,1164,1,56,0,1003,8,105,-7,922,0,186,1
06-24-2020,1184,20,56,0,1013,10,115,10,922,0,206,20
06-25-2020,1191,7,56,0,1026,13,109,-6,922,0,213,7
06-26-2020,1198,7,56,0,1033,7,109,0,922,0,220,7
06-27-2020,1200,2,56,0,1038,5,106,-3,922,0,222,2
06-28-2020,1202,2,56,0,1041,3,105,-1,922,0,224,2
06-29-2020,1208,6,56,0,1042,1,110,5,922,0,230,6
06-30-2020,1208,0,56,0,1045,3,107,-3,922,0,230,0
07-01-2020,1210,2,56,0,1045,0,109,2,922,0,232,2
07-02-2020,1227,17,56,0,1054,9,117,8,922,0,249,17
07-03-2020,1236,9,56,0,1062,8,118,1,922,0,258,9
07-04-2020,1238,2,56,0,1067,5,115,-3,922,0,260,2
07-05-2020,1249,11,56,0,1079,12,114,-1,922,0,271,11
07-06-2020,1251,2,56,0,1084,5,111,-3,922,0,273,2
07-07-2020,1254,3,56,0,1086,2,112,1,922,0,276,3
07-08-2020,1256,2,56,0,1104,18,96,-16,1049,127,151,-125
07-09-2020,1272,16,56,0,1112,8,104,8,1049,0,167,16
07-10-2020,1277,5,56,0,1119,7,102,-2,1049,0,172,5
07-11-2020,1283,6,56,0,1122,3,105,3,1049,0,178,6
07-12-2020,1296,13,56,0,1124,2,116,11,1049,0,191,13
07-13-2020,1301,5,56,0,1129,5,116,0,1049,0,196,5
07-14-2020,1305,4,56,0,1130,1,119,3,1049,0,200,4
07-15-2020,1318,13,56,0,1131,1,131,12,1049,0,213,13
07-16-2020,1325,7,56,0,1148,17,121,-10,1049,0,220,7
07-17-2020,1334,9,56,0,1156,8,122,1,1049,0,229,9
07-18-2020,1338,4,56,0,1159,3,123,1,1049,0,233,4
07-19-2020,1350,12,56,0,1171,12,123,0,1049,0,245,12
07-20-2020,1360,10,56,0,1173,2,131,8,1049,0,255,10
07-21-2020,1366,6,56,0,1176,3,134,3,1148,99,162,-93
07-22-2020,1366,0,56,0,1181,5,129,-5,1152,4,158,-4
07-23-2020,1377,11,56,0,1196,15,125,-4,1152,0,169,11
07-24-2020,1385,8,56,0,1202,6,127,2,1152,0,177,8
07-25-2020,1396,11,56,0,1207,5,133,6,1182,30,158,-19
07-26-2020,1400,4,56,0,1218,11,126,-7,1182,0,162,4
07-27-2020,1402,2,56,0,1223,5,123,-3,1182,0,164,2
07-28-2020,1405,3,56,0,1226,3,123,0,1182,0,167,3
07-29-2020,1406,1,56,0,1237,11,113,-10,1182,0,168,1
07-30-2020,1407,1,57,1,1244,7,106,-7,1182,0,168,0
07-31-2020,1414,7,57,0,1253,9,104,-2,1182,0,175,7
08-01-2020,1421,7,57,0,1257,4,107,3,1182,0,182,7
08-02-2020,1426,5,57,0,1269,12,100,-7,1182,0,187,5
08-03-2020,1427,1,57,0,1277,8,93,-7,1182,0,188,1
08-04-2020,1431,4,57,0,1283,6,91,-2,1182,0,192,4
08-05-2020,1436,5,57,0,1284,1,95,4,1254,72,125,-67
08-06-2020,1445,9,58,1,1295,11,92,-3,1254,0,133,8
08-07-2020,1448,3,58,0,1302,7,88,-4,1254,0,136,3
08-08-2020,1454,6,58,0,1312,10,84,-4,1254,0,142,6
08-09-2020,1459,5,58,0,1317,5,84,0,1254,0,147,5
08-10-2020,1462,3,58,0,1320,3,84,0,1254,0,150,3
08-11-2020,1472,10,58,0,1323,3,91,7,1295,41,119,-31
08-12-2020,1478,6,58,0,1325,2,95,4,1295,0,125,6
08-13-2020,1484,6,58,0,1328,3,98,3,1295,0,131,6
08-14-2020,1501,17,58,0,1335,7,108,10,1295,0,148,17
08-15-2020,1509,8,58,0,1342,7,109,1,1295,0,156,8
08-16-2020,1515,6,58,0,1348,6,109,0,1295,0,162,6
08-17-2020,1527,12,58,0,1350,2,119,10,1343,48,126,-36
08-18-2020,1530,3,58,0,1355,5,117,-2,1343,0,129,3
08-19-2020,1533,3,58,0,1359,4,116,-1,1343,0,132,3
08-20-2020,1537,4,58,0,1368,9,111,-5,1343,0,136,4
08-21-2020,1541,4,58,0,1372,4,111,0,1343,0,140,4
08-22-2020,1553,12,58,0,1379,7,116,5,1343,0,152,12
08-23-2020,1557,4,58,0,1384,5,115,-1,1343,0,156,4
08-24-2020,1566,9,58,0,1387,3,121,6,1343,0,165,9
08-25-2020,1566,0,58,0,1396,9,112,-9,1343,0,165,0
