date,Confirmed,newConfirmed,Deaths,newDeaths,Est.Recovered,newEst.Recovered,Est.Active,newEst.Active,Recovered,newRecovered,Active,newActive
01-30-2020,1,1,0,0,0,0,1,1,-1,-1,-1,-1
01-31-2020,1,0,0,0,0,0,1,0,-1,-1,-1,-1
02-01-2020,2,1,0,0,0,0,2,1,-1,-1,-1,-1
02-02-2020,2,0,1,1,-1,-1,2,0,-1,-1,-1,-1
02-03-2020,2,0,1,0,-1,0,2,0,-1,-1,-1,-1
02-04-2020,3,1,1,0,-1,0,3,1,-1,-1,-1,-1
02-05-2020,3,0,1,0,-1,0,3,0,-1,-1,-1,-1
02-06-2020,3,0,1,0,-1,0,3,0,-1,-1,-1,-1
02-07-2020,3,0,1,0,-1,0,3,0,-1,-1,-1,-1
02-08-2020,3,0,1,0,-1,0,3,0,-1,-1,-1,-1
02-09-2020,3,0,1,0,-1,0,3,0,-1,-1,-1,-1
02-10-2020,3,0,1,0,-1,0,3,0,-1,-1,-1,-1
02-11-2020,3,0,1,0,-1,0,3,0,-1,-1,-1,-1
02-12-2020,3,0,1,0,-1,0,3,0,-1,-1,-1,-1
02-13-2020,3,0,1,0,0,1,2,-1,-1,-1,-1,-1
02-14-2020,3,0,1,0,0,0,2,0,-1,-1,-1,-1
02-15-2020,3,0,1,0,0,0,2,0,-1,-1,-1,-1
02-16-2020,3,0,1,0,0,0,2,0,-1,-1,-1,-1
02-17-2020,3,0,1,0,0,0,2,0,-1,-1,-1,-1
02-18-2020,3,0,1,0,1,1,1,-1,-1,-1,-1,-1
02-19-2020,3,0,1,0,1,0,1,0,-1,-1,-1,-1
02-20-2020,3,0,1,0,1,0,1,0,-1,-1,-1,-1
02-21-2020,3,0,1,0,1,0,1,0,-1,-1,-1,-1
02-22-2020,3,0,1,0,1,0,1,0,-1,-1,-1,-1
02-23-2020,3,0,1,0,1,0,1,0,-1,-1,-1,-1
02-24-2020,3,0,1,0,1,0,1,0,-1,-1,-1,-1
02-25-2020,3,0,1,0,1,0,1,0,-1,-1,-1,-1
02-26-2020,3,0,1,0,1,0,1,0,-1,-1,-1,-1
02-27-2020,3,0,1,0,1,0,1,0,-1,-1,-1,-1
02-28-2020,3,0,1,0,1,0,1,0,-1,-1,-1,-1
02-29-2020,3,0,1,0,1,0,1,0,-1,-1,-1,-1
03-01-2020,3,0,1,0,1,0,1,0,-1,-1,-1,-1
03-02-2020,3,0,1,0,1,0,1,0,-1,-1,-1,-1
03-03-2020,3,0,1,0,1,0,1,0,-1,-1,-1,-1
03-04-2020,3,0,1,0,1,0,1,0,-1,-1,-1,-1
03-05-2020,3,0,1,0,1,0,1,0,-1,-1,-1,-1
03-06-2020,5,2,1,0,1,0,3,2,-1,-1,-1,-1
03-07-2020,6,1,1,0,1,0,4,1,-1,-1,-1,-1
03-08-2020,10,4,1,0,1,0,8,4,-1,-1,-1,-1
03-09-2020,24,14,1,0,1,0,22,14,-1,-1,-1,-1
03-10-2020,33,9,1,0,1,0,31,9,-1,-1,-1,-1
03-11-2020,49,16,1,0,1,0,47,16,-1,-1,-1,-1
03-12-2020,52,3,2,1,0,-1,50,3,-1,-1,-1,-1
03-13-2020,52,0,2,0,0,0,50,0,-1,-1,-1,-1
03-14-2020,64,12,2,0,0,0,62,12,-1,-1,-1,-1
03-15-2020,140,76,12,10,-9,-9,137,75,-1,-1,-1,-1
03-16-2020,142,2,12,0,-9,0,139,2,-1,-1,-1,-1
03-17-2020,187,45,12,0,-9,0,184,45,-1,-1,-1,-1
03-18-2020,187,0,14,2,-11,-2,184,0,-1,-1,-1,-1
03-19-2020,217,30,17,3,-14,-3,214,30,-1,-1,-1,-1
03-20-2020,230,13,18,1,-13,1,225,11,-1,-1,-1,-1
03-21-2020,307,77,19,1,-13,0,301,76,-1,-1,-1,-1
03-22-2020,380,73,25,6,-16,-3,371,70,-1,-1,-1,-1
03-23-2020,396,16,33,8,-12,4,375,4,-1,-1,-1,-1
03-24-2020,462,66,33,0,-5,7,434,59,-1,-1,-1,-1
03-25-2020,636,174,38,5,2,7,596,162,-1,-1,-1,-1
03-26-2020,707,71,45,7,-2,-4,664,68,-1,-1,-1,-1
03-27-2020,707,0,45,0,-2,0,664,0,-1,-1,-1,-1
03-28-2020,1075,368,68,23,-15,-13,1022,358,-1,-1,-1,-1
03-29-2020,1075,0,68,0,45,60,962,-60,-1,-1,-1,-1
03-30-2020,1546,471,78,10,37,-8,1431,469,-1,-1,-1,-1
03-31-2020,1546,0,78,0,74,37,1394,-37,-1,-1,-1,-1
04-01-2020,2311,765,96,18,56,-18,2159,765,-1,-1,-1,-1
04-02-2020,2311,0,96,0,80,24,2135,-24,-1,-1,-1,-1
04-03-2020,2633,322,107,11,80,0,2446,311,-1,-1,-1,-1
04-04-2020,3018,385,136,29,113,33,2769,323,-1,-1,-1,-1
04-05-2020,3094,76,144,8,165,52,2785,16,-1,-1,-1,-1
04-06-2020,3246,152,152,8,172,7,2922,137,-1,-1,-1,-1
04-07-2020,3660,414,163,11,215,43,3282,360,-1,-1,-1,-1
04-08-2020,3870,210,182,19,340,125,3348,66,-1,-1,-1,-1
04-09-2020,4076,206,203,21,377,37,3496,148,-1,-1,-1,-1
04-10-2020,4076,0,203,0,377,0,3496,0,-1,-1,-1,-1
04-11-2020,4428,352,247,44,632,255,3549,53,-1,-1,-1,-1
04-12-2020,4648,220,297,50,593,-39,3758,209,-1,-1,-1,-1
04-13-2020,4932,284,315,18,957,364,3660,-98,-1,-1,-1,-1
04-14-2020,5223,291,335,20,943,-14,3945,285,-1,-1,-1,-1
04-15-2020,5223,0,335,0,1563,620,3325,-620,-1,-1,-1,-1
04-16-2020,5660,437,362,27,1540,-23,3758,433,-1,-1,-1,-1
04-17-2020,5660,0,362,0,1803,263,3495,-263,-1,-1,-1,-1
04-18-2020,5878,218,387,25,2100,297,3391,-104,-1,-1,-1,-1
04-19-2020,6087,209,397,10,2162,62,3528,137,-1,-1,-1,-1
04-20-2020,6259,172,409,12,2276,114,3574,46,-1,-1,-1,-1
04-21-2020,6459,200,428,19,2602,326,3429,-145,-1,-1,-1,-1
04-22-2020,6599,140,437,9,2789,187,3373,-56,-1,-1,-1,-1
04-23-2020,6710,111,446,9,2957,168,3307,-66,-1,-1,-1,-1
04-24-2020,6981,271,462,16,2941,-16,3578,271,-1,-1,-1,-1
04-25-2020,7192,211,477,15,3263,322,3452,-126,-1,-1,-1,-1
04-26-2020,7294,102,494,17,3428,165,3372,-80,-1,-1,-1,-1
04-27-2020,7579,285,501,7,3717,289,3361,-11,-1,-1,-1,-1
04-28-2020,7777,198,511,10,3945,228,3321,-40,-1,-1,-1,-1
04-29-2020,7958,181,530,19,4033,88,3395,74,-1,-1,-1,-1
04-30-2020,8212,254,558,28,4360,327,3294,-101,-1,-1,-1,-1
05-01-2020,8488,276,568,10,4396,36,3524,230,-1,-1,-1,-1
05-02-2020,8772,284,579,11,4620,224,3573,49,-1,-1,-1,-1
05-03-2020,8928,156,603,24,4779,159,3546,-27,-1,-1,-1,-1
05-04-2020,9223,295,607,4,4937,158,3679,133,-1,-1,-1,-1
05-05-2020,9485,262,623,16,5144,207,3718,39,-1,-1,-1,-1
05-06-2020,9684,199,637,14,5281,137,3766,48,-1,-1,-1,-1
05-07-2020,10004,320,658,21,5383,102,3963,197,-1,-1,-1,-1
05-08-2020,10343,339,685,27,5575,192,4083,120,-1,-1,-1,-1
05-09-2020,10463,120,696,11,5803,228,3964,-119,-1,-1,-1,-1
05-10-2020,10610,147,704,8,5908,105,3998,34,-1,-1,-1,-1
05-11-2020,10794,184,719,15,6187,279,3888,-110,-1,-1,-1,-1
05-12-2020,11086,292,726,7,6381,194,3979,91,-1,-1,-1,-1
05-13-2020,11350,264,751,25,6541,160,4058,79,-1,-1,-1,-1
05-14-2020,11618,268,772,21,6787,246,4059,1,-1,-1,-1,-1
05-15-2020,11876,258,790,18,7009,222,4077,18,-1,-1,-1,-1
05-16-2020,12305,429,817,27,7262,253,4226,149,-1,-1,-1,-1
05-17-2020,12513,208,824,7,7414,152,4275,49,-1,-1,-1,-1
05-18-2020,12718,205,831,7,7678,264,4209,-66,-1,-1,-1,-1
05-19-2020,12718,0,831,0,7939,261,3948,-261,-1,-1,-1,-1
05-20-2020,12942,224,837,6,8124,185,3981,33,-1,-1,-1,-1
05-21-2020,13434,492,846,9,8400,276,4188,207,-1,-1,-1,-1
05-22-2020,13597,163,857,11,8701,301,4039,-149,-1,-1,-1,-1
05-23-2020,13597,0,857,0,8846,145,3894,-145,-1,-1,-1,-1
05-24-2020,13777,180,863,6,8984,138,3930,36,-1,-1,-1,-1
05-25-2020,14035,258,868,5,9182,198,3985,55,-1,-1,-1,-1
05-26-2020,14319,284,873,5,9456,274,3990,5,-1,-1,-1,-1
05-27-2020,14669,350,886,13,9682,226,4101,111,-1,-1,-1,-1
05-28-2020,15049,380,904,18,9939,257,4206,105,-1,-1,-1,-1
05-29-2020,15588,539,921,17,10169,230,4498,292,-1,-1,-1,-1
05-30-2020,16634,1046,942,21,10547,378,5145,647,-1,-1,-1,-1
05-31-2020,18086,1452,957,15,10732,185,6397,1252,-1,-1,-1,-1
06-01-2020,18086,0,957,0,10948,216,6181,-216,-1,-1,-1,-1
06-02-2020,18638,552,960,3,10992,44,6686,505,-1,-1,-1,-1
06-03-2020,18997,359,966,6,11202,210,6829,143,-1,-1,-1,-1
06-04-2020,19748,751,974,8,11643,441,7131,302,-1,-1,-1,-1
06-05-2020,20382,634,984,10,11826,183,7572,441,-1,-1,-1,-1
06-06-2020,20626,244,987,3,11850,24,7789,217,-1,-1,-1,-1
06-07-2020,21340,714,994,7,12015,165,8331,542,-1,-1,-1,-1
06-08-2020,21895,555,1003,9,12255,240,8637,306,-1,-1,-1,-1
06-09-2020,22474,579,1011,8,12528,273,8935,298,-1,-1,-1,-1
06-10-2020,23732,1258,1027,16,12841,313,9864,929,4895,-1,17810,-1
06-11-2020,24175,443,1036,9,13190,349,9949,85,5165,270,17974,164
06-12-2020,24787,612,1052,16,13661,471,10074,125,5454,289,18281,307
06-13-2020,25392,605,1074,22,14560,899,9758,-316,5706,252,18612,331
06-14-2020,25930,538,1088,14,15759,1199,9083,-675,5954,248,18888,276
06-15-2020,26420,490,1098,10,15793,34,9529,446,6252,298,19070,182
06-16-2020,26781,361,1103,5,16248,455,9430,-99,6552,300,19126,56
06-17-2020,27238,457,1108,5,16575,327,9555,125,6820,268,19310,184
06-18-2020,27799,561,1116,8,17260,685,9423,-132,7090,270,19593,283
06-19-2020,28459,660,1130,14,17800,540,9529,106,7378,288,19951,358
06-20-2020,29400,941,1150,20,17983,183,10267,738,7650,272,20600,649
06-21-2020,30052,652,1169,19,18575,592,10308,41,7893,243,20990,390
06-22-2020,30682,630,1177,8,19062,487,10443,135,8143,250,21362,372
06-23-2020,31825,1143,1186,9,19576,514,11063,620,8442,299,22197,835
06-24-2020,32295,470,1204,18,20640,1064,10451,-612,8656,214,22435,238
06-25-2020,33069,774,1212,8,21057,417,10800,349,8910,254,22947,512
06-26-2020,34073,1004,1212,0,21641,584,11220,420,9182,272,23679,732
06-27-2020,34803,730,1236,24,22275,634,11292,72,9430,248,24137,458
06-28-2020,35455,652,1244,8,22916,641,11295,3,9686,256,24525,388
06-29-2020,36438,983,1255,11,23313,397,11870,575,9956,270,25227,702
06-30-2020,37514,1076,1266,11,23671,358,12577,707,10233,277,26015,788
07-01-2020,38511,997,1270,4,24099,428,13142,565,10438,205,26803,788
07-02-2020,38805,294,1274,4,24679,580,12852,-290,10673,235,26858,55
07-03-2020,40336,1531,1280,6,25305,626,13751,899,11073,400,27983,1125
07-04-2020,41830,1494,1290,10,26091,786,14449,698,11453,380,29087,1104
07-05-2020,44254,2424,1297,7,26721,630,16236,1787,11942,489,31015,1928
07-06-2020,46333,2079,1303,6,27316,595,17714,1478,12185,243,32845,1830
07-07-2020,47873,1540,1309,6,28331,1015,18233,519,12386,201,34178,1333
07-08-2020,50359,2486,1314,5,28900,569,20145,1912,12588,202,36457,2279
07-09-2020,50359,0,1314,0,29608,708,19437,-708,12588,0,36457,0
07-10-2020,52914,2555,1360,46,30488,880,21066,1629,13230,642,38324,1867
07-11-2020,54222,1308,1372,12,31205,717,21645,579,14037,807,38813,489
07-12-2020,54222,0,1372,0,31881,676,20969,-676,14037,0,38813,0
07-13-2020,57006,2784,1599,227,32518,637,22889,1920,20371,6334,35036,-3777
07-14-2020,57545,539,1599,0,33468,950,22478,-411,20459,88,35487,451
07-15-2020,58850,1305,1614,15,34343,875,22893,415,20976,517,36260,773
07-16-2020,61266,2416,1643,29,34668,325,24955,2062,21440,464,38183,1923
07-17-2020,63001,1735,1660,17,36015,1347,25326,371,21748,308,39593,1410
07-18-2020,65304,2303,1773,113,37256,1241,26275,949,22067,319,41464,1871
07-19-2020,67456,2152,1831,58,39289,2033,26336,61,22465,398,43160,1696
07-20-2020,68898,1442,1835,4,41084,1795,25979,-357,23072,607,43991,831
07-21-2020,70764,1866,1837,2,42519,1435,26408,429,23281,209,45646,1655
07-22-2020,72269,1505,1843,6,44655,2136,25771,-637,23623,342,46803,1157
07-23-2020,74390,2121,1871,28,44758,103,27761,1990,24383,760,48136,1333
07-24-2020,76444,2054,1879,8,46990,2232,27575,-186,24502,119,50063,1927
07-25-2020,78412,1968,1897,18,48164,1174,28351,776,25752,1250,50763,700
07-26-2020,80448,2036,1932,35,48248,84,30268,1917,26110,358,52406,1643
07-27-2020,82040,1592,1945,13,50652,2404,29443,-825,26446,336,53649,1243
07-28-2020,83673,1633,1947,2,51255,603,30471,1028,26617,171,55109,1460
07-29-2020,85486,1813,1962,15,52459,1204,31065,594,26996,379,56528,1419
07-30-2020,89374,3888,1983,21,65064,12605,22327,-8738,65064,38068,22327,-34201
07-31-2020,93354,3980,2023,40,65178,114,26153,3826,65178,114,26153,3826
08-01-2020,98232,4878,2039,16,65265,87,30928,4775,65265,87,30928,4775
08-02-2020,103185,4953,2059,20,65557,292,35569,4641,65557,292,35569,4641
08-03-2020,106330,3145,2104,45,65821,264,38405,2836,65821,264,38405,2836
08-04-2020,112593,6263,2115,11,66049,228,44429,6024,66049,228,44429,6024
08-05-2020,115980,3387,2123,8,66270,221,47587,3158,66270,221,47587,3158
08-06-2020,119460,3480,2150,27,66837,567,50473,2886,66837,567,50473,2886
08-07-2020,122754,3294,2168,18,68863,2026,51723,1250,66852,15,53734,3261
08-08-2020,126885,4131,2209,41,70635,1772,54041,2318,67117,265,57559,3825
08-09-2020,129913,3028,2270,61,72256,1621,55387,1346,67673,556,59970,2411
08-10-2020,136638,6725,2293,23,73962,1706,60383,4996,68159,486,66186,6216
08-11-2020,139538,2900,2312,19,75395,1433,61831,1448,68432,273,68794,2608
08-12-2020,143749,4211,2404,92,77004,1609,64341,2510,68997,565,72348,3554
08-13-2020,147526,3777,2426,22,80484,3480,64616,275,70387,1390,74713,2365
08-14-2020,153660,6134,2442,16,84011,3527,67207,2591,71405,1018,79813,5100
08-15-2020,157918,4258,2600,158,88201,4190,67117,-90,72209,804,83109,3296
08-16-2020,161253,3335,2665,65,112586,24385,46002,-21115,112586,40377,46002,-37107
08-17-2020,164474,3221,2681,16,112759,173,49034,3032,112759,173,49034,3032
08-18-2020,169213,4739,2687,6,112861,102,53665,4631,112861,102,53665,4631
08-19-2020,173774,4561,2795,108,113481,620,57498,3833,113481,620,57498,3833
08-20-2020,178022,4248,2883,88,114114,633,61025,3527,114114,633,61025,3527
08-21-2020,182365,4343,2940,57,114519,405,64906,3881,114519,405,64906,3881
08-22-2020,187249,4884,2966,26,114921,402,69362,4456,114921,402,69362,4456
08-23-2020,189601,2352,2998,32,131367,16446,55236,-14126,131367,16446,55236,-14126
08-24-2020,194252,4651,3010,12,132042,675,59200,3964,132042,675,59200,3964
08-25-2020,197164,2912,3038,28,132396,354,61730,2530,132396,354,61730,2530
