date,Confirmed,newConfirmed,Deaths,newDeaths,Est.Recovered,newEst.Recovered,Est.Active,newEst.Active,Recovered,newRecovered,Active,newActive
03-02-2020,1,1,0,0,0,0,1,1,-1,-1,-1,-1
03-03-2020,1,0,0,0,0,0,1,0,-1,-1,-1,-1
03-04-2020,1,0,0,0,0,0,1,0,-1,-1,-1,-1
03-05-2020,2,1,0,0,0,0,2,1,-1,-1,-1,-1
03-06-2020,2,0,0,0,0,0,2,0,-1,-1,-1,-1
03-07-2020,2,0,0,0,0,0,2,0,-1,-1,-1,-1
03-08-2020,2,0,0,0,0,0,2,0,-1,-1,-1,-1
03-09-2020,2,0,0,0,0,0,2,0,-1,-1,-1,-1
03-10-2020,3,1,1,1,-1,-1,3,1,-1,-1,-1,-1
03-11-2020,5,2,1,0,-1,0,5,2,-1,-1,-1,-1
03-12-2020,6,1,1,0,-1,0,6,1,-1,-1,-1,-1
03-13-2020,6,0,1,0,-1,0,6,0,-1,-1,-1,-1
03-14-2020,18,12,1,0,-1,0,18,12,-1,-1,-1,-1
03-15-2020,28,10,1,0,-1,0,28,10,-1,-1,-1,-1
03-16-2020,29,1,1,0,0,1,28,0,-1,-1,-1,-1
03-17-2020,38,9,2,1,-1,-1,37,9,-1,-1,-1,-1
03-18-2020,49,11,2,0,-1,0,48,11,-1,-1,-1,-1
03-19-2020,61,12,2,0,0,1,59,11,-1,-1,-1,-1
03-20-2020,74,13,3,1,-1,-1,72,13,-1,-1,-1,-1
03-21-2020,86,12,3,0,-1,0,84,12,-1,-1,-1,-1
03-22-2020,109,23,3,0,-1,0,107,23,-1,-1,-1,-1
03-23-2020,134,25,4,1,-2,-1,132,25,-1,-1,-1,-1
03-24-2020,143,9,4,0,-1,1,140,8,-1,-1,-1,-1
03-25-2020,170,27,5,1,0,1,165,25,-1,-1,-1,-1
03-26-2020,225,55,6,1,-1,-1,220,55,-1,-1,-1,-1
03-27-2020,275,50,10,4,-5,-4,270,50,-1,-1,-1,-1
03-28-2020,358,83,23,13,-8,-3,343,73,-1,-1,-1,-1
03-29-2020,450,92,26,3,-3,5,427,84,-1,-1,-1,-1
03-30-2020,516,66,29,3,-5,-2,492,65,-1,-1,-1,-1
03-31-2020,574,58,33,4,-2,3,543,51,-1,-1,-1,-1
04-01-2020,638,64,37,4,2,4,599,56,-1,-1,-1,-1
04-02-2020,676,38,40,3,9,7,627,28,-1,-1,-1,-1
04-03-2020,735,59,47,7,13,4,675,48,-1,-1,-1,-1
04-04-2020,858,123,50,3,19,6,789,114,-1,-1,-1,-1
04-05-2020,960,102,66,16,22,3,872,83,-1,-1,-1,-1
04-06-2020,1113,153,71,5,37,15,1005,133,-1,-1,-1,-1
04-07-2020,1141,28,83,12,33,-4,1025,20,-1,-1,-1,-1
04-08-2020,1242,101,91,8,47,14,1104,79,-1,-1,-1,-1
04-09-2020,1346,104,96,5,87,40,1163,59,-1,-1,-1,-1
04-10-2020,1431,85,105,9,118,31,1208,45,-1,-1,-1,-1
04-11-2020,1527,96,110,5,182,64,1235,27,-1,-1,-1,-1
04-12-2020,1617,90,113,3,255,73,1249,14,-1,-1,-1,-1
04-13-2020,1746,129,120,7,302,47,1324,75,-1,-1,-1,-1
04-14-2020,1838,92,126,6,344,42,1368,44,-1,-1,-1,-1
04-15-2020,1988,150,127,1,396,52,1465,97,-1,-1,-1,-1
04-16-2020,2251,263,128,1,428,32,1695,230,-1,-1,-1,-1
04-17-2020,2528,277,133,5,472,44,1923,228,-1,-1,-1,-1
04-18-2020,2670,142,137,4,570,98,1963,40,-1,-1,-1,-1
04-19-2020,2820,150,138,1,654,84,2028,65,-1,-1,-1,-1
04-20-2020,2990,170,143,5,777,123,2070,42,-1,-1,-1,-1
04-21-2020,3186,196,144,1,800,23,2242,172,-1,-1,-1,-1
04-22-2020,3377,191,149,5,881,81,2347,105,-1,-1,-1,-1
04-23-2020,3537,160,151,2,971,90,2415,68,-1,-1,-1,-1
04-24-2020,3692,155,155,4,1042,71,2495,80,-1,-1,-1,-1
04-25-2020,3889,197,159,4,1128,86,2602,107,-1,-1,-1,-1
04-26-2020,4047,158,160,1,1214,86,2673,71,-1,-1,-1,-1
04-27-2020,4115,68,161,1,1326,112,2628,-45,-1,-1,-1,-1
04-28-2020,4246,131,163,2,1408,82,2675,47,-1,-1,-1,-1
04-29-2020,4289,43,167,4,1535,127,2587,-88,-1,-1,-1,-1
04-30-2020,4359,70,168,1,1753,218,2438,-149,-1,-1,-1,-1
05-01-2020,4529,170,171,3,1983,230,2375,-63,-1,-1,-1,-1
05-02-2020,4687,158,172,1,2115,132,2400,25,-1,-1,-1,-1
05-03-2020,4880,193,174,2,2250,135,2456,56,-1,-1,-1,-1
05-04-2020,5000,120,177,3,2407,157,2416,-40,-1,-1,-1,-1
05-05-2020,5153,153,180,3,2567,160,2406,-10,-1,-1,-1,-1
05-06-2020,5382,229,182,2,2735,168,2465,59,-1,-1,-1,-1
05-07-2020,5505,123,183,1,2881,146,2441,-24,-1,-1,-1,-1
05-08-2020,5661,156,185,2,3019,138,2457,16,-1,-1,-1,-1
05-09-2020,5873,212,186,1,3195,176,2492,35,-1,-1,-1,-1
05-10-2020,6038,165,188,2,3338,143,2512,20,-1,-1,-1,-1
05-11-2020,6226,188,188,0,3415,77,2623,111,-1,-1,-1,-1
05-12-2020,6380,154,188,0,3537,122,2655,32,-1,-1,-1,-1
05-13-2020,6466,86,188,0,3596,59,2682,27,-1,-1,-1,-1
05-14-2020,6593,127,189,1,3690,94,2714,32,-1,-1,-1,-1
05-15-2020,6623,30,190,1,3869,179,2564,-150,-1,-1,-1,-1
05-16-2020,6681,58,192,2,4021,152,2468,-96,-1,-1,-1,-1
05-17-2020,6798,117,192,0,4203,182,2403,-65,-1,-1,-1,-1
05-18-2020,6930,132,192,0,4332,129,2406,3,-1,-1,-1,-1
05-19-2020,6972,42,193,1,4484,152,2295,-111,-1,-1,-1,-1
05-20-2020,7048,76,194,1,4700,216,2154,-141,-1,-1,-1,-1
05-21-2020,7185,137,196,2,4825,125,2164,10,-1,-1,-1,-1
05-22-2020,7211,26,196,0,4977,152,2038,-126,-1,-1,-1,-1
05-23-2020,7332,121,197,1,5180,203,1955,-83,-1,-1,-1,-1
05-24-2020,7406,74,198,1,5340,160,1868,-87,-1,-1,-1,-1
05-25-2020,7433,27,199,1,5507,167,1727,-141,-1,-1,-1,-1
05-26-2020,7532,99,200,1,5654,147,1678,-49,-1,-1,-1,-1
05-27-2020,7577,45,202,2,5735,81,1640,-38,-1,-1,-1,-1
05-28-2020,7601,24,202,0,5861,126,1538,-102,-1,-1,-1,-1
05-29-2020,7643,42,202,0,5923,62,1518,-20,-1,-1,-1,-1
05-30-2020,7714,71,202,0,5999,76,1513,-5,-1,-1,-1,-1
05-31-2020,7780,66,204,2,6126,127,1450,-63,-1,-1,-1,-1
06-01-2020,7807,27,205,1,6257,131,1345,-105,-1,-1,-1,-1
06-02-2020,7833,26,205,0,6323,66,1305,-40,-1,-1,-1,-1
06-03-2020,7866,33,206,1,6425,102,1235,-70,-1,-1,-1,-1
06-04-2020,7922,56,206,0,6561,136,1155,-80,-1,-1,-1,-1
06-05-2020,8003,81,208,2,6610,49,1185,30,-1,-1,-1,-1
06-06-2020,8071,68,208,0,6747,137,1116,-69,-1,-1,-1,-1
06-07-2020,8151,80,208,0,6838,91,1105,-11,-1,-1,-1,-1
06-08-2020,8224,73,208,0,6890,52,1126,21,-1,-1,-1,-1
06-09-2020,8302,78,208,0,6998,108,1096,-30,-1,-1,-1,-1
06-10-2020,8508,206,211,3,7565,567,732,-364,7565,-1,732,-1
06-11-2020,8537,29,211,0,7583,18,743,11,7583,18,743,11
06-12-2020,8610,73,212,1,7618,35,780,37,7618,35,780,37
06-13-2020,8692,82,212,0,7696,78,784,4,7696,78,784,4
06-14-2020,8734,42,212,0,7725,29,797,13,7725,29,797,13
06-15-2020,8885,151,212,0,7828,103,845,48,7828,103,845,48
06-16-2020,8931,46,212,0,7937,109,782,-63,7937,109,782,-63
06-17-2020,8997,66,212,0,7993,56,792,10,7993,56,792,10
06-18-2020,9042,45,213,1,7999,6,830,38,7999,6,830,38
06-19-2020,9613,571,213,0,8117,118,1283,453,8117,118,1283,453
06-20-2020,9839,226,213,0,8223,106,1403,120,8223,106,1403,120
06-21-2020,9977,138,214,1,8284,61,1479,76,8284,61,1479,76
06-22-2020,10172,195,214,0,8366,82,1592,113,8366,82,1592,113
06-23-2020,10344,172,214,0,8407,41,1723,131,8407,41,1723,131
06-24-2020,10907,563,216,2,8468,61,2223,500,8468,61,2223,500
06-25-2020,11338,431,217,1,8500,32,2621,398,8500,32,2621,398
06-26-2020,11633,295,218,1,8656,156,2759,138,8656,156,2759,138
06-27-2020,11854,221,218,0,8700,44,2936,177,8700,44,2936,177
06-28-2020,12052,198,221,3,8740,40,3091,155,8740,40,3091,155
06-29-2020,12290,238,225,4,8833,93,3232,141,8833,93,3232,141
06-30-2020,12533,243,228,3,8920,87,3385,153,8920,87,3385,153
07-01-2020,12636,103,228,0,9026,106,3382,-3,9026,106,3382,-3
07-02-2020,12636,0,228,0,9026,0,3382,0,9026,0,3382,0
07-03-2020,13288,652,230,2,9160,134,3898,516,9160,134,3898,516
07-04-2020,13822,534,232,2,9329,169,4261,363,9329,169,4261,363
07-05-2020,14215,393,235,3,9725,396,4255,-6,9725,396,4255,-6
07-06-2020,14379,164,237,2,10173,448,3969,-286,10173,448,3969,-286
07-07-2020,14379,0,237,0,10173,0,3969,0,10173,0,3969,0
07-08-2020,14771,392,242,5,11316,1143,3213,-756,11316,1143,3213,-756
07-09-2020,14771,0,242,0,11316,0,3213,0,11316,0,3213,0
07-10-2020,15328,557,243,1,11827,511,3258,45,11827,511,3258,45
07-11-2020,15443,115,244,1,11827,0,3372,114,11827,0,3372,114
07-12-2020,15542,99,245,1,11827,0,3470,98,11827,0,3470,98
07-13-2020,15936,394,255,10,12934,1107,2747,-723,12934,1107,2747,-723
07-14-2020,15936,0,255,0,12934,0,2747,0,12934,0,2747,0
07-15-2020,16097,161,257,2,12934,0,2906,159,12934,0,2906,159
07-16-2020,16262,165,259,2,12934,0,3069,163,12934,0,3069,163
07-17-2020,16545,283,263,4,13965,1031,2317,-752,13965,1031,2317,-752
07-18-2020,17015,470,269,6,14620,655,2126,-191,14620,655,2126,-191
07-19-2020,17015,0,269,0,14620,0,2126,0,14620,0,2126,0
07-20-2020,17562,547,276,7,15132,512,2154,28,15132,512,2154,28
07-21-2020,17742,180,280,4,15389,257,2073,-81,15389,257,2073,-81
07-22-2020,17962,220,285,5,15636,247,2041,-32,15636,247,2041,-32
07-23-2020,18264,302,292,7,15872,236,2100,59,15872,236,2100,59
07-24-2020,18834,570,299,7,16100,228,2435,335,16100,228,2435,335
07-25-2020,19645,811,305,6,16282,182,3058,623,16282,182,3058,623
07-26-2020,20278,633,313,8,16438,156,3527,469,16438,156,3527,469
07-27-2020,20887,609,316,3,16553,115,4018,491,16553,115,4018,491
07-28-2020,21387,500,327,11,17066,513,3994,-24,17066,513,3994,-24
07-29-2020,22213,826,334,7,17125,59,4754,760,17125,59,4754,760
07-30-2020,23529,1316,346,12,17311,186,5872,1118,17311,186,5872,1118
07-31-2020,24322,793,353,7,17658,347,6311,439,17658,347,6311,439
08-01-2020,25015,693,367,14,17960,302,6688,377,17960,302,6688,377
08-02-2020,25537,522,382,15,18435,475,6720,32,18435,475,6720,32
08-03-2020,26196,659,401,19,18968,533,6827,107,18968,533,6827,107
08-04-2020,27217,1021,417,16,19629,661,7171,344,19629,661,7171,344
08-05-2020,28500,1283,435,18,19994,365,8071,900,19994,365,8071,900
08-06-2020,29644,1144,449,14,20553,559,8642,571,20553,559,8642,571
08-07-2020,30662,1018,461,12,21548,995,8653,11,21548,995,8653,11
08-08-2020,32007,1345,480,19,22190,642,9337,684,22190,642,9337,684
08-09-2020,33237,1230,498,18,23347,1157,9392,55,23347,1157,9392,55
08-10-2020,34063,826,516,18,24524,1177,9023,-369,24524,1177,9023,-369
08-11-2020,35195,1132,533,17,25385,861,9277,254,25385,861,9277,254
08-12-2020,35195,0,533,0,25385,0,9277,0,25385,0,9277,0
08-13-2020,36694,1499,556,23,25385,0,10753,1476,25385,0,10753,1476
08-14-2020,37935,1241,584,28,26687,1302,10664,-89,26687,1302,10664,-89
08-15-2020,39241,1306,611,27,26687,0,11943,1279,26687,0,11943,1279
08-16-2020,42489,3248,658,47,29344,2657,12487,544,29344,2657,12487,544
08-17-2020,43588,1099,681,23,29941,597,12966,479,29941,597,12966,479
08-18-2020,44803,1215,714,33,31002,1061,13087,121,31002,1061,13087,121
08-19-2020,46313,1510,743,29,31576,574,13994,907,31576,574,13994,907
08-20-2020,46313,0,743,0,31576,0,13994,0,31576,0,13994,0
08-21-2020,49247,2934,817,74,34199,2623,14231,237,34199,2623,14231,237
08-22-2020,49247,0,817,0,34199,0,14231,0,34199,0,14231,0
08-23-2020,52349,3102,888,71,36343,2144,15118,887,36343,2144,15118,887
08-24-2020,52349,0,888,0,36343,0,15118,0,36343,0,15118,0
08-25-2020,53252,903,920,32,36343,0,15989,871,36343,0,15989,871
