date,Confirmed,newConfirmed,Deaths,newDeaths,Est.Recovered,newEst.Recovered,Est.Active,newEst.Active,Recovered,newRecovered,Active,newActive
03-05-2020,1,1,0,0,0,0,1,1,0,0,1,1
03-06-2020,2,1,0,0,0,0,2,1,0,0,2,1
03-07-2020,2,0,0,0,0,0,2,0,0,0,2,0
03-08-2020,4,2,0,0,0,0,4,2,0,0,4,2
03-09-2020,4,0,0,0,0,0,4,0,0,0,4,0
03-10-2020,4,0,0,0,0,0,4,0,0,0,4,0
03-11-2020,7,3,0,0,0,0,7,3,0,0,7,3
03-12-2020,11,4,0,0,0,0,11,4,0,0,11,4
03-13-2020,20,9,0,0,0,0,20,9,0,0,20,9
03-14-2020,21,1,0,0,0,0,21,1,0,0,21,1
03-15-2020,26,5,0,0,0,0,26,5,0,0,26,5
03-16-2020,45,19,1,1,0,0,44,18,0,0,44,18
03-17-2020,56,11,1,0,0,0,55,11,0,0,55,11
03-18-2020,84,28,1,0,0,0,83,28,0,0,83,28
03-19-2020,95,11,1,0,0,0,94,11,0,0,94,11
03-20-2020,161,66,2,1,0,0,159,65,0,0,159,65
03-21-2020,161,0,2,0,0,0,159,0,0,0,159,0
03-22-2020,191,30,2,0,1,1,188,29,0,0,189,30
03-23-2020,263,72,4,2,0,-1,259,71,0,0,259,70
03-24-2020,285,22,6,2,0,0,279,20,0,0,279,20
03-25-2020,405,120,10,4,0,0,395,116,0,0,395,116
03-26-2020,536,131,10,0,0,0,526,131,0,0,526,131
03-27-2020,621,85,10,0,6,6,605,79,0,0,611,85
03-28-2020,738,117,14,4,3,-3,721,116,0,0,724,113
03-29-2020,920,182,15,1,6,3,899,178,0,0,905,181
03-30-2020,1044,124,18,3,18,12,1008,109,0,0,1026,121
03-31-2020,1138,94,26,8,19,1,1093,85,0,0,1112,86
04-01-2020,1299,161,32,6,36,17,1231,138,0,0,1267,155
04-02-2020,1484,185,38,6,39,3,1407,176,0,0,1446,179
04-03-2020,1559,75,43,5,87,48,1429,22,0,0,1516,70
04-04-2020,1742,183,46,3,84,-3,1612,183,0,0,1696,180
04-05-2020,1836,94,46,0,109,25,1681,69,0,0,1790,94
04-06-2020,1970,134,46,0,167,58,1757,76,0,0,1924,134
04-07-2020,2131,161,72,26,159,-8,1900,143,38,38,2021,97
04-08-2020,2318,187,74,2,255,96,1989,89,48,10,2196,175
04-09-2020,2456,138,81,7,354,99,2021,32,48,0,2327,131
04-10-2020,2603,147,102,21,868,514,1633,-388,868,820,1633,-694
04-11-2020,2747,144,111,9,994,126,1642,9,994,126,1642,9
04-12-2020,2836,89,114,3,994,0,1728,86,994,0,1728,86
04-13-2020,3029,193,121,7,1169,175,1739,11,1169,175,1739,11
04-14-2020,3144,115,130,9,1249,80,1765,26,1249,80,1765,26
04-15-2020,3214,70,137,7,1400,151,1677,-88,1400,151,1677,-88
04-16-2020,3321,107,142,5,1531,131,1648,-29,1531,131,1648,-29
04-17-2020,3524,203,142,0,1664,133,1718,70,1664,133,1718,70
04-18-2020,3644,120,151,9,1770,106,1723,5,1770,106,1723,5
04-19-2020,3728,84,158,7,1880,110,1690,-33,1880,110,1690,-33
04-20-2020,3830,102,163,5,1958,78,1709,19,1958,78,1709,19
04-21-2020,3937,107,163,0,2044,86,1730,21,2044,86,1730,21
04-22-2020,4081,144,187,24,2209,165,1685,-45,2209,165,1685,-45
04-23-2020,4208,127,195,8,2325,116,1688,3,2325,116,1688,3
04-24-2020,4398,190,197,2,2420,95,1781,93,2420,95,1781,93
04-25-2020,4539,141,205,8,2550,130,1784,3,2550,130,1784,3
04-26-2020,4734,195,206,1,2647,97,1881,97,2647,97,1881,97
04-27-2020,4734,0,206,0,2686,39,1842,-39,2686,39,1842,-39
04-28-2020,4821,87,219,13,2788,102,1814,-28,2788,102,1814,-28
04-29-2020,4935,114,230,11,2916,128,1789,-25,2916,128,1789,-25
04-30-2020,5054,119,243,13,3037,121,1774,-15,3037,121,1774,-15
05-01-2020,5248,194,246,3,3199,162,1803,29,3199,162,1803,29
05-02-2020,5389,141,255,9,3320,121,1814,11,3320,121,1814,11
05-03-2020,5472,83,259,4,3440,120,1773,-41,3440,120,1773,-41
05-04-2020,5630,158,265,6,3535,95,1830,57,3535,95,1830,57
05-05-2020,5660,30,276,11,3594,59,1790,-40,3594,59,1790,-40
05-06-2020,5744,84,289,13,4199,605,1256,-534,4199,605,1256,-534
05-07-2020,5855,111,297,8,4324,125,1234,-22,4324,125,1234,-22
05-08-2020,5920,65,294,-3,4362,38,1264,30,4362,38,1264,30
05-09-2020,6049,129,306,12,4559,197,1184,-80,4559,197,1184,-80
05-10-2020,6120,71,310,4,4604,45,1206,22,4604,45,1206,22
05-11-2020,6154,34,312,2,4674,70,1168,-38,4674,70,1168,-38
05-12-2020,6311,157,321,9,4822,148,1168,0,4822,148,1168,0
05-13-2020,6476,165,331,10,4935,113,1210,42,4935,113,1210,42
05-14-2020,6610,134,339,8,4948,13,1323,113,4948,13,1323,113
05-15-2020,6742,132,345,6,5056,108,1341,18,5056,108,1341,18
05-16-2020,6813,71,347,2,5057,1,1409,68,5057,1,1409,68
05-17-2020,6952,139,350,3,5132,75,1470,61,5132,75,1470,61
05-18-2020,7061,109,358,8,4854,-278,1849,379,4854,-278,1849,379
05-19-2020,7096,35,359,1,4883,29,1854,5,4876,22,1861,12
05-20-2020,7388,292,377,18,4962,79,2049,195,4889,13,2122,261
05-21-2020,7400,12,383,6,5071,109,1946,-103,4946,57,2071,-51
05-22-2020,7526,126,387,4,5429,358,1710,-236,5429,483,1710,-361
05-23-2020,7526,0,387,0,5429,0,1710,0,5429,0,1710,0
05-24-2020,7881,355,380,-7,5654,225,1847,137,5654,225,1847,137
05-25-2020,7956,75,394,14,5767,113,1795,-52,5767,113,1795,-52
05-26-2020,8059,103,396,2,5861,94,1802,7,5861,94,1802,7
05-27-2020,8150,91,402,6,5952,91,1796,-6,5952,91,1796,-6
05-28-2020,8248,98,406,4,5978,26,1864,68,5978,26,1864,68
05-29-2020,8376,128,406,0,6190,212,1780,-84,6190,212,1780,-84
05-30-2020,8517,141,417,11,6304,114,1796,16,6304,114,1796,16
05-31-2020,8628,111,417,0,6316,12,1895,99,6316,12,1895,99
06-01-2020,8702,74,417,0,6497,181,1788,-107,6497,181,1788,-107
06-02-2020,8858,156,417,0,6607,110,1834,46,6607,110,1834,46
06-03-2020,8951,93,431,14,6705,98,1815,-19,6705,98,1815,-19
06-04-2020,9129,178,430,-1,6819,114,1880,65,6819,114,1880,65
06-05-2020,9309,180,436,6,6959,140,1914,34,6959,140,1914,34
06-06-2020,9491,182,437,1,7069,110,1985,71,7069,110,1985,71
06-07-2020,9669,178,438,1,7172,103,2059,74,7172,103,2059,74
06-08-2020,9816,147,442,4,7270,98,2104,45,7270,98,2104,45
06-09-2020,10045,229,446,4,7381,111,2218,114,7381,111,2218,114
06-10-2020,10216,171,449,3,7545,164,2222,4,7545,164,2222,4
06-11-2020,10473,257,459,10,7585,40,2429,207,7585,40,2429,207
06-12-2020,10704,231,461,2,7852,267,2391,-38,7852,267,2391,-38
06-13-2020,10997,293,462,1,8038,186,2497,106,8038,186,2497,106
06-14-2020,11201,204,463,1,8064,26,2674,177,8064,26,2674,177
06-15-2020,11315,114,465,2,8218,154,2632,-42,8218,154,2632,-42
06-16-2020,11671,356,467,2,8421,203,2783,151,8421,203,2783,151
06-17-2020,11852,181,473,6,8591,170,2788,5,8591,170,2788,5
06-18-2020,12169,317,475,2,8765,174,2929,141,8765,174,2929,141
06-19-2020,12524,355,479,4,9031,266,3014,85,9031,266,3014,85
06-20-2020,12974,450,486,7,9245,214,3243,229,9245,214,3243,229
06-21-2020,13240,266,487,1,9444,199,3309,66,9444,199,3309,66
06-22-2020,13528,288,489,2,9545,101,3494,185,9545,101,3494,185
06-23-2020,13528,0,489,0,9545,0,3494,0,9545,0,3494,0
06-24-2020,13528,0,489,0,9545,0,3494,0,9545,0,3494,0
06-25-2020,14861,1333,495,6,10055,510,4311,817,10055,510,4311,817
06-26-2020,15361,500,498,3,10561,506,4302,-9,10561,506,4302,-9
06-27-2020,16400,1039,500,2,10795,234,5105,803,10795,234,5105,803
06-28-2020,17191,791,500,0,10963,168,5728,623,10963,168,5728,623
06-29-2020,17957,766,505,5,11124,161,6328,600,11124,161,6328,600
06-30-2020,18591,634,507,2,11476,352,6608,280,11476,352,6608,280
07-01-2020,19155,564,512,5,11907,431,6736,128,11907,431,6736,128
07-02-2020,19866,711,525,13,12321,414,7020,284,12321,414,7020,284
07-03-2020,20893,1027,530,5,12748,427,7615,595,12748,427,7615,595
07-04-2020,21676,783,530,0,13249,501,7897,282,13249,501,7897,282
07-05-2020,22517,841,537,7,13592,343,8388,491,13592,343,8388,491
07-06-2020,22925,408,537,0,13871,279,8517,129,13871,279,8517,129
07-07-2020,23863,938,549,12,14509,638,8805,288,14509,638,8805,288
07-08-2020,24391,528,556,7,15351,842,8484,-321,15351,842,8484,-321
07-09-2020,25061,670,574,18,16160,809,8327,-157,16160,809,8327,-157
07-10-2020,25996,935,581,7,16999,839,8416,89,16999,839,8416,89
07-11-2020,26917,921,592,11,17831,832,8494,78,17831,832,8494,78
07-12-2020,27754,837,593,1,18498,667,8663,169,18498,667,8663,169
07-13-2020,28576,822,596,3,18910,412,9070,407,18910,412,9070,407
07-14-2020,29672,1096,613,17,19808,898,9251,181,19808,898,9251,181
07-15-2020,30581,909,619,6,20711,903,9251,0,20711,903,9251,0
07-16-2020,32033,1452,627,8,21740,1029,9666,415,21740,1029,9666,415
07-17-2020,33373,1340,638,11,22922,1182,9813,147,22922,1182,9813,147
07-18-2020,34594,1221,647,9,23510,588,10437,624,23510,588,10437,624
07-19-2020,35821,1227,648,1,23866,356,11307,870,23866,356,11307,870
07-20-2020,36799,978,650,2,24505,639,11644,337,24505,639,11644,337
07-21-2020,37607,808,681,31,25948,1443,10978,-666,25948,1443,10978,-666
07-22-2020,38765,1158,705,24,27356,1408,10704,-274,27356,1408,10704,-274
07-23-2020,39919,1154,709,4,28715,1359,10495,-209,28715,1359,10495,-209
07-24-2020,41018,1099,722,13,30187,1472,10109,-386,30187,1472,10109,-386
07-25-2020,41977,959,733,11,31633,1446,9611,-498,31633,1446,9611,-498
07-26-2020,42907,930,734,1,32686,1053,9487,-124,32686,1053,9487,-124
07-27-2020,43889,982,739,5,33187,501,9963,476,33187,501,9963,476
07-28-2020,44997,1108,760,21,34144,957,10093,130,34144,957,10093,130
07-29-2020,45935,938,782,22,35481,1337,9672,-421,35481,1337,9672,-421
07-30-2020,47005,1070,805,23,36874,1393,9326,-346,36874,1393,9326,-346
07-31-2020,48152,1147,831,26,37989,1115,9332,6,37989,1115,9332,6
08-01-2020,49196,1044,832,1,39318,1329,9046,-286,39318,1329,9046,-286
08-02-2020,50257,1061,833,1,40164,846,9260,214,40164,846,9260,214
08-03-2020,51237,980,847,14,40769,605,9621,361,40769,605,9621,361
08-04-2020,52261,1024,862,15,42040,1271,9359,-262,42040,1271,9359,-262
08-05-2020,52920,659,891,29,43152,1112,8877,-482,43152,1112,8877,-482
08-06-2020,53705,785,902,11,44296,1144,8507,-370,44296,1144,8507,-370
08-07-2020,54653,948,920,18,45259,963,8474,-33,45259,963,8474,-33
08-08-2020,55460,807,949,29,46177,918,8334,-140,46177,918,8334,-140
08-09-2020,56266,806,959,10,46242,65,9065,731,46242,65,9065,731
08-10-2020,57025,759,963,4,47306,1064,8756,-309,47306,1064,8756,-309
08-11-2020,57617,592,982,19,48202,896,8433,-323,48202,896,8433,-323
08-12-2020,58062,445,996,14,49017,815,8049,-384,49017,815,8049,-384
08-13-2020,58823,761,1030,34,49880,863,7913,-136,49880,863,7913,-136
08-14-2020,59816,993,1045,15,50606,726,8165,252,50606,726,8165,252
08-15-2020,60638,822,1070,25,51364,758,8204,39,51364,758,8204,39
08-16-2020,61305,667,1072,2,51364,0,8869,665,51364,0,8869,665
08-17-2020,62015,710,1074,2,52188,824,8753,-116,52188,824,8753,-116
08-18-2020,62769,754,1102,28,52881,693,8786,33,52881,693,8786,33
08-19-2020,63134,365,1135,33,53668,787,8331,-455,53668,787,8331,-455
08-20-2020,63698,564,1175,40,54469,801,8054,-277,54469,801,8054,-277
08-21-2020,64561,863,1185,10,55294,825,8082,28,55294,825,8082,28
08-22-2020,65138,577,1197,12,56043,749,7898,-184,56043,749,7898,-184
08-23-2020,65665,527,1199,2,56114,71,8352,454,56114,71,8352,454
08-24-2020,66075,410,1200,1,56890,776,7985,-367,56890,776,7985,-367
08-25-2020,66075,0,1200,0,56890,0,7985,0,56890,0,7985,0
