date,Confirmed,newConfirmed,Deaths,newDeaths,Est.Recovered,newEst.Recovered,Est.Active,newEst.Active,Recovered,newRecovered,Active,newActive
02-26-2020,1,1,0,0,0,0,1,1,-1,-1,-1,-1
02-27-2020,4,3,0,0,0,0,4,3,-1,-1,-1,-1
02-28-2020,6,2,0,0,0,0,6,2,-1,-1,-1,-1
02-29-2020,7,1,0,0,0,0,7,1,-1,-1,-1,-1
03-01-2020,19,12,0,0,0,0,19,12,-1,-1,-1,-1
03-02-2020,25,6,0,0,0,0,25,6,-1,-1,-1,-1
03-03-2020,33,8,0,0,0,0,33,8,-1,-1,-1,-1
03-04-2020,33,0,0,0,0,0,33,0,-1,-1,-1,-1
03-05-2020,56,23,0,0,0,0,56,23,-1,-1,-1,-1
03-06-2020,113,57,0,0,0,0,113,57,-1,-1,-1,-1
03-07-2020,147,34,0,0,0,0,147,34,-1,-1,-1,-1
03-08-2020,169,22,0,0,0,0,169,22,-1,-1,-1,-1
03-09-2020,192,23,0,0,0,0,192,23,-1,-1,-1,-1
03-10-2020,277,85,0,0,0,0,277,85,-1,-1,-1,-1
03-11-2020,277,0,0,0,0,0,277,0,-1,-1,-1,-1
03-12-2020,277,0,0,0,3,3,274,-3,-1,-1,-1,-1
03-13-2020,750,473,1,1,3,0,746,472,-1,-1,-1,-1
03-14-2020,907,157,1,0,4,1,902,156,-1,-1,-1,-1
03-15-2020,1077,170,1,0,14,10,1062,160,-1,-1,-1,-1
03-16-2020,1169,92,3,2,17,3,1149,87,-1,-1,-1,-1
03-17-2020,1308,139,3,0,23,6,1282,133,-1,-1,-1,-1
03-18-2020,1423,115,3,0,23,0,1397,115,-1,-1,-1,-1
03-19-2020,1552,129,6,3,39,16,1507,110,-1,-1,-1,-1
03-20-2020,1742,190,7,1,84,45,1651,144,-1,-1,-1,-1
03-21-2020,1926,184,7,0,112,28,1807,156,-1,-1,-1,-1
03-22-2020,1926,0,7,0,129,17,1790,-17,-1,-1,-1,-1
03-23-2020,2132,206,7,0,148,19,1977,187,-1,-1,-1,-1
03-24-2020,2371,239,8,1,216,68,2147,170,-1,-1,-1,-1
03-25-2020,2566,195,10,2,214,-2,2342,195,-1,-1,-1,-1
03-26-2020,2916,350,12,2,212,-2,2692,350,-1,-1,-1,-1
03-27-2020,3156,240,14,2,594,382,2548,-144,-1,-1,-1,-1
03-28-2020,3581,425,16,2,719,125,2846,298,-1,-1,-1,-1
03-29-2020,3845,264,20,4,855,136,2970,124,-1,-1,-1,-1
03-30-2020,4102,257,22,2,928,73,3152,182,-1,-1,-1,-1
03-31-2020,4226,124,26,4,1038,110,3162,10,-1,-1,-1,-1
04-01-2020,4447,221,28,2,1129,91,3290,128,-1,-1,-1,-1
04-02-2020,4665,218,32,4,1232,103,3401,111,-1,-1,-1,-1
04-03-2020,4935,270,42,10,1384,152,3509,108,-1,-1,-1,-1
04-04-2020,5208,273,44,2,1536,152,3628,119,-1,-1,-1,-1
04-05-2020,5510,302,50,6,1533,-3,3927,299,-1,-1,-1,-1
04-06-2020,5640,130,58,8,1695,162,3887,-40,-1,-1,-1,-1
04-07-2020,5755,115,59,1,1900,205,3796,-91,-1,-1,-1,-1
04-08-2020,5863,108,69,10,2048,148,3746,-50,-1,-1,-1,-1
04-09-2020,6010,147,80,11,2320,272,3610,-136,-1,-1,-1,-1
04-10-2020,6160,150,88,8,2573,253,3499,-111,-1,-1,-1,-1
04-11-2020,6244,84,92,4,2935,362,3217,-282,-1,-1,-1,-1
04-12-2020,6320,76,98,6,3168,233,3054,-163,-1,-1,-1,-1
04-13-2020,6415,95,103,5,3384,216,2928,-126,-1,-1,-1,-1
04-14-2020,6488,73,114,11,3493,109,2881,-47,-1,-1,-1,-1
04-15-2020,6566,78,127,13,3675,182,2764,-117,-1,-1,-1,-1
04-16-2020,6677,111,130,3,3868,193,2679,-85,-1,-1,-1,-1
04-17-2020,6791,114,136,6,4110,242,2545,-134,-1,-1,-1,-1
04-18-2020,6791,0,136,0,4359,249,2296,-249,-1,-1,-1,-1
04-19-2020,6984,193,148,12,4593,234,2243,-53,-1,-1,-1,-1
04-20-2020,7068,84,154,6,4722,129,2192,-51,-1,-1,-1,-1
04-21-2020,7113,45,154,0,4853,131,2106,-86,-1,-1,-1,-1
04-22-2020,7166,53,163,9,4959,106,2044,-62,-1,-1,-1,-1
04-23-2020,7250,84,169,6,5121,162,1960,-84,-1,-1,-1,-1
04-24-2020,7345,95,180,11,5288,167,1877,-83,-1,-1,-1,-1
04-25-2020,7408,63,191,11,5413,125,1804,-73,-1,-1,-1,-1
04-26-2020,7467,59,193,2,5518,105,1756,-48,-1,-1,-1,-1
04-27-2020,7505,38,193,0,5635,117,1677,-79,-1,-1,-1,-1
04-28-2020,7533,28,193,0,5719,84,1621,-56,-1,-1,-1,-1
04-29-2020,7605,72,195,2,5817,98,1593,-28,-1,-1,-1,-1
04-30-2020,7667,62,202,7,5937,120,1528,-65,-1,-1,-1,-1
05-01-2020,7710,43,204,2,6074,137,1432,-96,-1,-1,-1,-1
05-02-2020,7759,49,204,0,6122,48,1433,1,-1,-1,-1,-1
05-03-2020,7759,0,204,0,6320,198,1235,-198,-1,-1,-1,-1
05-04-2020,7809,50,208,4,6413,93,1188,-47,-1,-1,-1,-1
05-05-2020,7847,38,208,0,6477,64,1162,-26,-1,-1,-1,-1
05-06-2020,7903,56,209,1,6544,67,1150,-12,-1,-1,-1,-1
05-07-2020,7953,50,209,0,6650,106,1094,-56,-1,-1,-1,-1
05-08-2020,7995,42,209,0,6760,110,1026,-68,-1,-1,-1,-1
05-09-2020,8034,39,213,4,6840,80,981,-45,-1,-1,-1,-1
05-10-2020,8069,35,213,0,6912,72,944,-37,-1,-1,-1,-1
05-11-2020,8099,30,217,4,6965,53,917,-27,-1,-1,-1,-1
05-12-2020,8106,7,224,7,6997,32,885,-32,-1,-1,-1,-1
05-13-2020,8135,29,228,4,7073,76,834,-51,-1,-1,-1,-1
05-14-2020,8158,23,229,1,7149,76,780,-54,-1,-1,-1,-1
05-15-2020,8175,17,232,3,7210,61,733,-47,-1,-1,-1,-1
05-16-2020,8197,22,232,0,7263,53,702,-31,-1,-1,-1,-1
05-17-2020,8197,0,232,0,7306,43,659,-43,-1,-1,-1,-1
05-18-2020,8197,0,232,0,7364,58,601,-58,-1,-1,-1,-1
05-19-2020,8249,52,233,1,7406,42,610,9,-1,-1,-1,-1
05-20-2020,8257,8,233,0,7464,58,560,-50,-1,-1,-1,-1
05-21-2020,8268,11,234,1,7523,59,511,-49,-1,-1,-1,-1
05-22-2020,8268,0,234,0,7578,55,456,-55,-1,-1,-1,-1
05-23-2020,8309,41,235,1,7621,43,453,-3,-1,-1,-1,-1
05-24-2020,8309,0,235,0,7662,41,412,-41,-1,-1,-1,-1
05-25-2020,8309,0,235,0,7696,34,378,-34,-1,-1,-1,-1
05-26-2020,8352,43,235,0,7709,13,408,30,-1,-1,-1,-1
05-27-2020,8364,12,235,0,7747,38,382,-26,-1,-1,-1,-1
05-28-2020,8383,19,235,0,7780,33,368,-14,-1,-1,-1,-1
05-29-2020,8401,18,236,1,7804,24,361,-7,-1,-1,-1,-1
05-30-2020,8411,10,236,0,7829,25,346,-15,-1,-1,-1,-1
05-31-2020,8411,0,236,0,7839,10,336,-10,-1,-1,-1,-1
06-01-2020,8411,0,236,0,7850,11,325,-11,-1,-1,-1,-1
06-02-2020,8411,0,236,0,7899,49,276,-49,-1,-1,-1,-1
06-03-2020,8446,35,237,1,7915,16,294,18,-1,-1,-1,-1
06-04-2020,8446,0,237,0,7936,21,273,-21,-1,-1,-1,-1
06-05-2020,8477,31,238,1,7945,9,294,21,-1,-1,-1,-1
06-06-2020,8504,27,238,0,7987,42,279,-15,-1,-1,-1,-1
06-07-2020,8504,0,238,0,7995,8,271,-8,-1,-1,-1,-1
06-08-2020,8504,0,238,0,8001,6,265,-6,-1,-1,-1,-1
06-09-2020,8547,43,239,1,8037,36,271,6,-1,-1,-1,-1
06-10-2020,8594,47,239,0,8138,101,217,-54,8138,-1,217,-1
06-11-2020,8608,14,242,3,8138,0,228,11,8138,0,228,11
06-12-2020,8620,12,242,0,8138,0,240,12,8138,0,240,12
06-13-2020,8628,8,242,0,8138,0,248,8,8138,0,248,8
06-14-2020,8628,0,242,0,8138,0,248,0,8138,0,248,0
06-15-2020,8647,19,242,0,8138,0,267,19,8138,0,267,19
06-16-2020,8660,13,242,0,8138,0,280,13,8138,0,280,13
06-17-2020,8692,32,243,1,8149,11,300,20,8138,0,311,31
06-18-2020,8708,16,244,1,8152,3,312,12,8138,0,326,15
06-19-2020,8726,18,244,0,8179,27,303,-9,8138,0,344,18
06-20-2020,8742,16,244,0,8209,30,289,-14,8138,0,360,16
06-21-2020,8745,3,244,0,8210,1,291,2,8138,0,363,3
06-22-2020,8751,6,248,4,8208,-2,295,4,8138,0,365,2
06-23-2020,8777,26,248,0,8249,41,280,-15,8138,0,391,26
06-24-2020,8788,11,249,1,8289,40,250,-30,8138,0,401,10
06-25-2020,8788,0,249,0,8305,16,234,-16,8138,0,401,0
06-26-2020,8832,44,249,0,8318,13,265,31,8138,0,445,44
06-27-2020,8832,0,249,0,8327,9,256,-9,8138,0,445,0
06-28-2020,8853,21,249,0,8327,0,277,21,8138,0,466,21
06-29-2020,8866,13,249,0,8342,15,275,-2,8138,0,479,13
06-30-2020,8887,21,250,1,8354,12,283,8,8138,0,499,20
07-01-2020,8896,9,250,0,8385,31,261,-22,8138,0,508,9
07-02-2020,8896,0,251,1,8398,13,247,-14,8138,0,507,-1
07-03-2020,8921,25,251,0,8417,19,253,6,8138,0,532,25
07-04-2020,8927,6,251,0,8436,19,240,-13,8138,0,538,6
07-05-2020,8930,3,251,0,8438,2,241,1,8138,0,541,3
07-06-2020,8936,6,251,0,8443,5,242,1,8138,0,547,6
07-07-2020,8936,0,251,0,8472,29,213,-29,8138,0,547,0
07-08-2020,8954,18,251,0,8488,16,215,2,8138,0,565,18
07-09-2020,8954,0,251,0,8491,3,212,-3,8138,0,565,0
07-10-2020,8974,20,252,1,8528,37,194,-18,8138,0,584,19
07-11-2020,8974,0,252,0,8530,2,192,-2,8138,0,584,0
07-12-2020,8974,0,252,0,8547,17,175,-17,8138,0,584,0
07-13-2020,8984,10,253,1,8559,12,172,-3,8138,0,593,9
07-14-2020,8984,0,253,0,8578,19,153,-19,8138,0,593,0
07-15-2020,8984,0,253,0,8591,13,140,-13,8138,0,593,0
07-16-2020,9001,17,253,0,8594,3,154,14,8138,0,610,17
07-17-2020,9015,14,254,1,8617,23,144,-10,8138,0,623,13
07-18-2020,9028,13,255,1,8624,7,149,5,8138,0,635,12
07-19-2020,9028,0,255,0,8627,3,146,-3,8138,0,635,0
07-20-2020,9034,6,255,0,8633,6,146,0,8138,0,641,6
07-21-2020,9053,19,255,0,8674,41,124,-22,8674,536,124,-517
07-22-2020,9062,9,255,0,8674,0,133,9,8674,0,133,9
07-23-2020,9085,23,255,0,8674,0,156,23,8674,0,156,23
07-24-2020,9092,7,255,0,8681,7,156,0,8674,0,163,7
07-25-2020,9111,19,255,0,8681,0,175,19,8674,0,182,19
07-26-2020,9117,6,255,0,8684,3,178,3,8674,0,188,6
07-27-2020,9132,15,255,0,8695,11,182,4,8674,0,203,15
07-28-2020,9150,18,255,0,8699,4,196,14,8674,0,221,18
07-29-2020,9172,22,255,0,8752,53,165,-31,8752,78,165,-56
07-30-2020,9208,36,255,0,8752,0,201,36,8752,0,201,36
07-31-2020,9240,32,255,0,8752,0,233,32,8752,0,233,32
08-01-2020,9253,13,255,0,8752,0,246,13,8752,0,246,13
08-02-2020,9268,15,255,0,8752,0,261,15,8752,0,261,15
08-03-2020,9312,44,256,1,8752,0,304,43,8752,0,304,43
08-04-2020,9348,36,256,0,8766,14,326,22,8752,0,340,36
08-05-2020,9409,61,256,0,8777,11,376,50,8752,0,401,61
08-06-2020,9468,59,256,0,8857,80,355,-21,8857,105,355,-46
08-07-2020,9551,83,256,0,8857,0,438,83,8857,0,438,83
08-08-2020,9599,48,256,0,8857,0,486,48,8857,0,486,48
08-09-2020,9638,39,256,0,8857,0,525,39,8857,0,525,39
08-10-2020,9684,46,256,0,8857,0,571,46,8857,0,571,46
08-11-2020,9751,67,256,0,8857,0,638,67,8857,0,638,67
08-12-2020,9751,0,256,0,8875,18,620,-18,8857,0,638,0
08-13-2020,9851,100,257,1,8906,31,688,68,8857,0,737,99
08-14-2020,9887,36,261,4,8931,25,695,7,8857,0,769,32
08-15-2020,9965,78,261,0,8944,13,760,65,8857,0,847,78
08-16-2020,10005,40,261,0,8956,12,788,28,8857,0,887,40
08-17-2020,10005,0,261,0,8993,37,751,-37,8857,0,887,0
08-18-2020,10089,84,262,1,9024,31,803,52,8857,0,970,83
08-19-2020,10089,0,262,0,9075,51,752,-51,8857,0,970,0
08-20-2020,10111,22,262,0,9126,51,723,-29,8857,0,992,22
08-21-2020,10253,142,264,2,9193,67,796,73,9150,293,839,-153
08-22-2020,10291,38,264,0,9235,42,792,-4,9150,0,877,38
08-23-2020,10323,32,264,0,9267,32,792,0,9150,0,909,32
08-24-2020,10374,51,264,0,9307,40,803,11,9150,0,960,51
08-25-2020,10395,21,264,0,9364,57,767,-36,9150,0,981,21
