date,Confirmed,newConfirmed,Deaths,newDeaths,Est.Recovered,newEst.Recovered,Est.Active,newEst.Active,Recovered,newRecovered,Active,newActive
03-02-2020,2,2,0,0,0,0,2,2,0,0,2,2
03-03-2020,2,0,0,0,0,0,2,0,0,0,2,0
03-04-2020,2,0,0,0,0,0,2,0,0,0,2,0
03-05-2020,2,0,0,0,0,0,2,0,0,0,2,0
03-06-2020,3,1,0,0,0,0,3,1,0,0,3,1
03-07-2020,5,2,0,0,0,0,5,2,0,0,5,2
03-08-2020,7,2,0,0,0,0,7,2,0,0,7,2
03-09-2020,17,10,0,0,0,0,17,10,0,0,17,10
03-10-2020,17,0,0,0,0,0,17,0,0,0,17,0
03-11-2020,31,14,0,0,0,0,31,14,0,0,31,14
03-12-2020,38,7,1,1,0,0,37,6,0,0,37,6
03-13-2020,42,4,1,0,0,0,41,4,0,0,41,4
03-14-2020,75,33,1,0,0,0,74,33,0,0,74,33
03-15-2020,111,36,1,0,0,0,110,36,0,0,110,36
03-16-2020,123,12,1,0,0,0,122,12,0,0,122,12
03-17-2020,146,23,1,0,0,0,145,23,0,0,145,23
03-18-2020,197,51,4,3,0,0,193,48,0,0,193,48
03-19-2020,288,91,10,6,0,0,278,85,0,0,278,85
03-20-2020,485,197,14,4,0,0,471,193,0,0,471,193
03-21-2020,555,70,20,6,0,0,535,64,0,0,535,64
03-22-2020,621,66,25,5,0,0,596,61,0,0,596,61
03-23-2020,803,182,26,1,0,0,777,181,0,0,777,181
03-24-2020,1097,294,38,12,0,0,1059,282,0,0,1059,282
03-25-2020,1387,290,47,9,0,0,1340,281,0,0,1340,281
03-26-2020,1643,256,56,9,0,0,1587,247,0,0,1587,247
03-27-2020,2198,555,65,9,0,0,2133,546,0,0,2133,546
03-28-2020,2446,248,79,14,0,0,2367,234,0,0,2367,234
03-29-2020,2683,237,84,5,5,5,2594,227,0,0,2599,232
03-30-2020,3032,349,102,18,0,-5,2930,336,0,0,2930,331
03-31-2020,4117,1085,125,23,0,0,3992,1062,0,0,3992,1062
04-01-2020,4748,631,154,29,5,5,4589,597,0,0,4594,602
04-02-2020,5444,696,176,22,57,52,5211,622,0,0,5268,674
04-03-2020,5967,523,198,22,195,138,5574,363,0,0,5769,501
04-04-2020,6383,416,208,10,242,47,5933,359,0,0,6175,406
04-05-2020,6742,359,219,11,284,42,6239,306,0,0,6523,348
04-06-2020,7558,816,294,75,358,74,6906,667,0,0,7264,741
04-07-2020,9156,1598,348,54,542,184,8266,1360,0,0,8808,1544
04-08-2020,10206,1050,370,22,757,215,9079,813,0,0,9836,1028
04-09-2020,10885,679,412,42,924,167,9549,470,0,0,10473,637
04-10-2020,11859,974,425,13,1361,437,10073,524,0,0,11434,961
04-11-2020,12261,402,433,8,1558,197,10270,197,340,340,11488,54
04-12-2020,12550,289,442,9,1746,188,10362,92,340,0,11768,280
04-13-2020,13621,1071,480,38,1993,247,11148,786,340,0,12801,1033
04-14-2020,14578,957,525,45,2830,837,11223,75,340,0,13713,912
04-15-2020,15267,689,576,51,3297,467,11394,171,340,0,14351,638
04-16-2020,16368,1101,617,41,3833,536,11918,524,340,0,15411,1060
04-17-2020,17432,1064,668,51,4233,400,12531,613,340,0,16424,1013
04-18-2020,17841,409,677,9,4571,338,12593,62,340,0,16824,400
04-19-2020,18301,460,687,10,4861,290,12753,160,340,0,17274,450
04-20-2020,19398,1097,774,87,5461,600,13163,410,340,0,18284,1010
04-21-2020,20166,768,818,44,6752,1291,12596,-567,340,0,19008,724
04-22-2020,21102,936,846,28,7616,864,12640,44,340,0,19916,908
04-23-2020,21883,781,881,35,8167,551,12835,195,340,0,20662,746
04-24-2020,22491,608,899,18,9016,849,12576,-259,340,0,21252,590
04-25-2020,23222,731,907,8,9370,354,12945,369,340,0,21975,723
04-26-2020,23481,259,916,9,9630,260,12935,-10,340,0,22225,250
04-27-2020,24212,731,995,79,10468,838,12749,-186,340,0,22877,652
04-28-2020,24923,711,1036,41,11355,887,12532,-217,340,0,23547,670
04-29-2020,25955,1032,1103,67,11937,582,12915,383,340,0,24512,965
04-30-2020,26388,433,1136,33,12898,961,12354,-561,340,0,24912,400
05-01-2020,27731,1343,1169,33,13810,912,12752,398,340,0,26222,1310
05-02-2020,28330,599,1177,8,14195,385,12958,206,340,0,26813,591
05-03-2020,28686,356,1186,9,14612,417,12888,-70,340,0,27160,347
05-04-2020,29452,766,1246,60,15564,952,12642,-246,340,0,27866,706
05-05-2020,29899,447,1298,52,16373,809,12228,-414,340,0,28261,395
05-06-2020,30746,847,1327,29,17263,890,12156,-72,340,0,29079,818
05-07-2020,31603,857,1352,25,17979,716,12272,116,340,0,29911,832
05-08-2020,32181,578,1400,48,18587,608,12194,-78,340,0,30441,530
05-09-2020,32588,407,1403,3,19245,658,11940,-254,340,0,30845,404
05-10-2020,33836,1248,1406,3,19504,259,12926,986,340,0,32090,1245
05-11-2020,34002,166,1444,38,20226,722,12332,-594,340,0,32218,128
05-12-2020,34848,846,1494,50,20940,714,12414,82,340,0,33014,796
05-13-2020,35427,579,1517,23,21881,941,12029,-385,340,0,33570,556
05-14-2020,35977,550,1545,28,22393,512,12039,10,340,0,34092,522
05-15-2020,36772,795,1588,43,23612,1219,11572,-467,340,0,34844,752
05-16-2020,37212,440,1598,10,24166,554,11448,-124,340,0,35274,430
05-17-2020,37579,367,1610,12,24524,358,11445,-3,340,0,35629,355
05-18-2020,38283,704,1649,39,25300,776,11334,-111,340,0,36294,665
05-19-2020,38855,572,1675,26,25824,524,11356,22,340,0,36840,546
05-20-2020,39801,946,1697,22,26671,847,11433,77,340,0,37764,924
05-21-2020,40663,862,1775,78,27431,760,11457,24,340,0,38548,784
05-22-2020,41482,819,1808,33,28000,569,11674,217,340,0,39334,786
05-23-2020,42242,760,1822,14,28438,438,11982,308,340,0,40080,746
05-24-2020,42902,660,1827,5,29495,1057,11580,-402,340,0,40735,655
05-25-2020,43400,498,1848,21,29764,269,11788,208,340,0,41212,477
05-26-2020,43983,583,1895,47,30550,786,11538,-250,340,0,41748,536
05-27-2020,44638,655,1933,38,31159,609,11546,8,340,0,42365,617
05-28-2020,45266,628,1973,40,31681,522,11612,66,340,0,42953,588
05-29-2020,45881,615,1987,14,32552,871,11342,-270,340,0,43554,601
05-30-2020,46331,450,2004,17,32995,443,11332,-10,340,0,43987,433
05-31-2020,47063,732,2053,49,33317,322,11693,361,340,0,44670,683
06-01-2020,47899,836,2089,36,34013,696,11797,104,340,0,45470,800
06-02-2020,48207,308,2102,13,34564,551,11541,-256,340,0,45765,295
06-03-2020,48894,687,2123,21,35475,911,11296,-245,340,0,46431,666
06-04-2020,49859,965,2149,26,36306,831,11404,108,340,0,47370,939
06-05-2020,50621,762,2174,25,37056,750,11391,-13,340,0,48107,737
06-06-2020,51359,738,2178,4,37761,705,11420,29,340,0,48841,734
06-07-2020,51898,539,2180,2,38481,720,11237,-183,340,0,49378,537
06-08-2020,52497,599,2208,28,38916,435,11373,136,340,0,49949,571
06-09-2020,53249,752,2285,77,39466,550,11498,125,340,0,50624,675
06-10-2020,53984,735,2331,46,40083,617,11570,72,340,0,51313,689
06-11-2020,54973,989,2375,44,40646,563,11952,382,340,0,52258,945
06-12-2020,55783,810,2418,43,41280,634,12085,133,340,0,53025,767
06-13-2020,56804,1021,2447,29,41707,427,12650,565,340,0,54017,992
06-14-2020,57681,877,2451,4,42365,658,12865,215,340,0,54890,873
06-15-2020,58414,733,2494,43,43136,771,12784,-81,340,0,55580,690
06-16-2020,59237,823,2529,35,43453,317,13255,471,340,0,56368,788
06-17-2020,60042,805,2578,49,44135,682,13329,74,340,0,57124,756
06-18-2020,60912,870,2605,27,45053,918,13254,-75,340,0,57967,843
06-19-2020,62009,1097,2636,31,45783,730,13590,336,340,0,59033,1066
06-20-2020,63809,1800,2642,6,46502,719,14665,1075,340,0,60827,1794
06-21-2020,64701,892,2643,1,47092,590,14966,301,340,0,61718,891
06-22-2020,65928,1227,2648,5,47650,558,15630,664,340,0,62940,1222
06-23-2020,67675,1747,2689,41,48342,692,16644,1014,340,0,64646,1706
06-24-2020,69381,1706,2698,9,49049,707,17634,990,340,0,66343,1697
06-25-2020,71095,1714,2745,47,49919,870,18431,797,340,0,68010,1667
06-26-2020,72995,1900,2770,25,50676,757,19549,1118,340,0,69885,1875
06-27-2020,74985,1990,2776,6,51582,906,20627,1078,340,0,71869,1984
06-28-2020,77210,2225,2778,2,52411,829,22021,1394,340,0,74092,2223
06-29-2020,79417,2207,2784,6,53151,740,23482,1461,340,0,76293,2201
06-30-2020,81291,1874,2805,21,53868,717,24618,1136,340,0,78146,1853
07-01-2020,84242,2951,2827,22,54642,774,26773,2155,340,0,81075,2929
07-02-2020,87721,3479,2850,23,55502,860,29369,2596,340,0,84531,3456
07-03-2020,90493,2772,2857,7,56531,1029,31105,1736,340,0,87296,2765
07-04-2020,93319,2826,2857,0,58130,1599,32332,1227,340,0,90122,2826
07-05-2020,95516,2197,2860,3,58958,828,33698,1366,340,0,92316,2194
07-06-2020,97064,1548,2878,18,60043,1085,34143,445,340,0,93846,1530
07-07-2020,100470,3406,2899,21,61571,1528,36000,1857,340,0,97231,3385
07-08-2020,103890,3420,2922,23,63066,1495,37902,1902,340,0,100628,3397
07-09-2020,106727,2837,2930,8,64616,1550,39181,1279,340,0,103457,2829
07-10-2020,111217,4490,2965,35,66264,1648,41988,2807,340,0,107912,4455
07-11-2020,114401,3184,2996,31,68010,1746,43395,1407,340,0,111065,3153
07-12-2020,116935,2534,3003,7,69965,1955,43967,572,340,0,113592,2527
07-13-2020,120569,3634,3026,23,71874,1909,45669,1702,340,0,117203,3611
07-14-2020,123963,3394,3054,28,73495,1621,47414,1745,340,0,120569,3366
07-15-2020,127834,3871,3091,37,75995,2500,48748,1334,340,0,124403,3834
07-16-2020,131287,3453,3105,14,78969,2974,49213,465,340,0,127842,3439
07-17-2020,135192,3905,3132,27,81379,2410,50681,1468,340,0,131720,3878
07-18-2020,139872,4680,3168,36,83921,2542,52783,2102,340,0,136364,4644
07-19-2020,143129,3257,3174,6,85847,1926,54108,1325,340,0,139615,3251
07-20-2020,145582,2453,3177,3,87299,1452,55106,998,340,0,142065,2450
07-21-2020,148988,3406,3254,77,90263,2964,55471,365,340,0,145394,3329
07-22-2020,152302,3314,3335,81,93228,2965,55739,268,340,0,148627,3233
07-23-2020,156607,4305,3361,26,95789,2561,57457,1718,340,0,152906,4279
07-24-2020,161420,4813,3443,82,99651,3862,58326,869,340,0,157637,4731
07-25-2020,165188,3768,3494,51,102508,2857,59186,860,340,0,161354,3717
07-26-2020,167953,2765,3498,4,104912,2404,59543,357,340,0,164115,2761
07-27-2020,170843,2890,3509,11,108190,3278,59144,-399,340,0,166994,2879
07-28-2020,175052,4209,3563,54,111189,2999,60300,1156,927,587,170562,3568
07-29-2020,178323,3271,3642,79,114699,3510,59982,-318,927,0,173754,3192
07-30-2020,182249,3926,3671,29,117998,3299,60580,598,927,0,177651,3897
07-31-2020,186356,4107,3752,81,121522,3524,61082,502,927,0,181677,4026
08-01-2020,190014,3658,3825,73,125726,4204,60463,-619,927,0,185262,3585
08-02-2020,193179,3165,3840,15,128701,2975,60638,175,927,0,188412,3150
08-03-2020,195439,2260,3841,1,130965,2264,60633,-5,927,0,190671,2259
08-04-2020,197948,2509,3921,80,134208,3243,59819,-814,927,0,193100,2429
08-05-2020,201896,3948,3986,65,137392,3184,60518,699,927,0,196983,3883
08-06-2020,204916,3020,4030,44,141318,3926,59568,-950,927,0,199959,2976
08-07-2020,209004,4088,4117,87,145853,4535,59034,-534,927,0,203960,4001
08-08-2020,213427,4423,4188,71,149379,3526,59860,826,927,0,208312,4352
08-09-2020,216596,3169,4201,13,152072,2693,60323,463,927,0,211468,3156
08-10-2020,219025,2429,4229,28,155004,2932,59792,-531,927,0,213869,2401
08-11-2020,222673,3648,4352,123,158859,3855,59462,-330,927,0,217394,3525
08-12-2020,226436,3763,4459,107,162091,3232,59886,424,927,0,221050,3656
08-13-2020,228668,2232,4538,79,165849,3758,58281,-1605,927,0,223203,2153
08-14-2020,232007,3339,4573,35,169826,3977,57608,-673,927,0,226507,3304
08-15-2020,232007,0,4573,0,173586,3760,53848,-3760,927,0,226507,0
08-16-2020,232007,0,4573,0,176715,3129,50719,-3129,927,0,226507,0
08-17-2020,238861,6854,4727,154,178813,2098,55321,4602,927,0,233207,6700
08-18-2020,241702,2841,4795,68,181424,2611,55483,162,927,0,235980,2773
08-19-2020,244262,2560,4850,55,185202,3778,54210,-1273,927,0,238485,2505
08-20-2020,247286,3024,4908,58,188335,3133,54043,-167,927,0,241451,2966
08-21-2020,250170,2884,5000,92,192452,4117,52718,-1325,927,0,244243,2792
08-22-2020,252784,2614,5093,93,196629,4177,51062,-1656,927,0,246764,2521
08-23-2020,254405,1621,5133,40,199669,3040,49603,-1459,927,0,248345,1581
08-24-2020,256253,1848,5156,23,202200,2531,48897,-706,927,0,250170,1825
08-25-2020,256253,0,5156,0,205914,3714,45183,-3714,927,0,250170,0
