date,Confirmed,newConfirmed,Deaths,newDeaths,Est.Recovered,newEst.Recovered,Est.Active,newEst.Active,Recovered,newRecovered,Active,newActive
03-06-2020,2,2,0,0,0,0,2,2,0,0,2,2
03-07-2020,4,2,0,0,0,0,4,2,0,0,4,2
03-08-2020,6,2,0,0,0,0,6,2,0,0,6,2
03-09-2020,10,4,0,0,0,0,10,4,0,0,10,4
03-10-2020,12,2,0,0,0,0,12,2,0,0,12,2
03-11-2020,16,4,0,0,0,0,16,4,0,0,16,4
03-12-2020,22,6,0,0,0,0,22,6,0,0,22,6
03-13-2020,41,19,0,0,0,0,41,19,0,0,41,19
03-14-2020,47,6,0,0,0,0,47,6,0,0,47,6
03-15-2020,66,19,0,0,0,0,66,19,0,0,66,19
03-16-2020,82,16,0,0,0,0,82,16,0,0,82,16
03-17-2020,115,33,0,0,0,0,115,33,0,0,115,33
03-18-2020,157,42,1,1,0,0,156,41,0,0,156,41
03-19-2020,206,49,1,0,0,0,205,49,0,0,205,49
03-20-2020,311,105,1,0,0,0,310,105,0,0,310,105
03-21-2020,405,94,2,1,1,1,402,92,0,0,403,93
03-22-2020,516,111,5,3,0,-1,511,109,0,0,511,108
03-23-2020,698,182,7,2,1,1,690,179,0,0,691,180
03-24-2020,946,248,8,1,1,0,937,247,0,0,938,247
03-25-2020,1284,338,15,7,0,-1,1269,332,0,0,1269,331
03-26-2020,1813,529,18,3,0,0,1795,526,0,0,1795,526
03-27-2020,2345,532,23,5,10,10,2312,517,0,0,2322,527
03-28-2020,2909,564,35,12,3,-7,2871,559,0,0,2874,552
03-29-2020,3465,556,43,8,10,7,3412,541,0,0,3422,548
03-30-2020,4155,690,51,8,15,5,4089,677,0,0,4104,682
03-31-2020,4994,839,67,16,26,11,4901,812,0,0,4927,823
04-01-2020,6063,1069,74,7,53,27,5936,1035,0,0,5989,1062
04-02-2020,7345,1282,92,18,74,21,7179,1243,0,0,7253,1264
04-03-2020,8570,1225,102,10,150,76,8318,1139,0,0,8468,1215
04-04-2020,10507,1937,139,37,189,39,10179,1861,0,0,10368,1900
04-05-2020,11589,1082,151,12,267,78,11171,992,0,0,11438,1070
04-06-2020,13206,1617,179,28,387,120,12640,1469,0,0,13027,1589
04-07-2020,14956,1750,250,71,517,130,14189,1549,134,134,14572,1545
04-08-2020,16746,1790,319,69,723,206,15704,1515,134,0,16293,1721
04-09-2020,18633,1887,365,46,1106,383,17162,1458,170,36,18098,1805
04-10-2020,20408,1775,449,84,1456,350,18503,1341,170,0,19789,1691
04-11-2020,21942,1534,530,81,1832,376,19580,1077,179,9,21233,1444
04-12-2020,22997,1055,557,27,2258,426,20182,602,179,0,22261,1028
04-13-2020,24336,1339,592,35,2785,527,20959,777,264,85,23480,1219
04-14-2020,25591,1255,702,110,3359,574,21530,571,264,0,24625,1145
04-15-2020,26804,1213,787,85,4146,787,21871,341,264,0,25753,1128
04-16-2020,28314,1510,848,61,5130,984,22336,465,317,53,27149,1396
04-17-2020,30031,1717,921,73,6064,934,23046,710,340,23,28770,1621
04-18-2020,31795,1764,1105,184,7462,1398,23228,182,373,33,30317,1547
04-19-2020,32902,1107,1276,171,8183,721,23443,215,466,93,31160,843
04-20-2020,34005,1103,1357,81,9438,1255,23210,-233,466,0,32182,1022
04-21-2020,35339,1334,1614,257,10633,1195,23092,-118,466,0,33259,1077
04-22-2020,36212,873,1673,59,12071,1438,22468,-624,586,120,33953,694
04-23-2020,38379,2167,1724,51,13623,1552,23032,564,603,17,36052,2099
04-24-2020,40208,1829,1747,23,15113,1490,23348,316,671,68,37790,1738
04-25-2020,41605,1397,1810,63,16372,1259,23423,75,681,10,39114,1324
04-26-2020,42616,1011,1816,6,17299,927,23501,78,692,11,40108,994
04-27-2020,43648,1032,1906,90,18391,1092,23351,-150,765,73,40977,869
04-28-2020,45137,1489,2046,140,19387,996,23704,353,765,0,42326,1349
04-29-2020,46458,1321,2386,340,20181,794,23891,187,837,72,43235,909
04-30-2020,48134,1676,2475,89,21497,1316,24162,271,837,0,44822,1587
05-01-2020,49579,1445,2635,160,22905,1408,24039,-123,837,0,46107,1285
05-02-2020,50494,915,2695,60,24550,1645,23249,-790,916,79,46883,776
05-03-2020,51225,731,2720,25,25578,1028,22927,-322,916,0,47589,706
05-04-2020,52816,1591,2838,118,26589,1011,23389,462,916,0,49062,1473
05-05-2020,53864,1048,3179,341,27586,997,23099,-290,1044,128,49641,579
05-06-2020,54800,936,3345,166,28395,809,23060,-39,1044,0,50411,770
05-07-2020,55956,1156,3589,244,30197,1802,22170,-890,1080,36,51287,876
05-08-2020,57371,1415,3715,126,31827,1630,21829,-341,1110,30,52546,1259
05-09-2020,58560,1189,3779,64,33138,1311,21643,-186,1120,10,53661,1115
05-10-2020,59939,1379,3806,27,34105,967,22028,385,1120,0,55013,1352
05-11-2020,60459,520,3832,26,35137,1032,21490,-538,1120,0,55507,494
05-12-2020,61310,851,3914,82,36479,1342,20917,-573,1120,0,56276,769
05-13-2020,62101,791,4094,180,37592,1113,20415,-502,1120,0,56887,611
05-14-2020,63105,1004,4288,194,39031,1439,19786,-629,1120,0,57697,810
05-15-2020,64136,1031,4422,134,40369,1338,19345,-441,1120,0,58594,897
05-16-2020,65185,1049,4480,58,41396,1027,19309,-36,1120,0,59585,991
05-17-2020,65700,515,4495,15,42182,786,19023,-286,1340,220,59865,280
05-18-2020,66669,969,4515,20,43686,1504,18468,-555,1369,29,60785,920
05-19-2020,67311,642,4628,113,44697,1011,17986,-482,1369,0,61314,529
05-20-2020,68126,815,4770,142,45524,827,17832,-154,1369,0,61987,673
05-21-2020,69252,1126,4869,99,46760,1236,17623,-209,1369,0,63014,1027
05-22-2020,70211,959,5010,141,48110,1350,17091,-532,1369,0,63832,818
05-23-2020,71009,798,5112,102,49243,1133,16654,-437,1369,0,64528,696
05-24-2020,71563,554,5136,24,50530,1287,15897,-757,1369,0,65058,530
05-25-2020,72332,769,5148,12,51151,621,16033,136,1369,0,65815,757
05-26-2020,72778,446,5163,15,52096,945,15519,-514,1369,0,66246,431
05-27-2020,73557,779,5265,102,52881,785,15411,-108,1369,0,66923,677
05-28-2020,74220,663,5373,108,53896,1015,14951,-460,1369,0,67478,555
05-29-2020,74984,764,5464,91,54928,1032,14592,-359,1369,0,68151,673
05-30-2020,75697,713,5537,73,55921,993,14239,-353,1369,0,68791,640
05-31-2020,76129,432,5555,18,56478,557,14096,-143,1369,0,69205,414
06-01-2020,76646,517,5567,12,57529,1051,13550,-546,1369,0,69710,505
06-02-2020,77225,579,5667,100,58162,633,13396,-154,1369,0,70189,479
06-03-2020,77780,555,5742,75,58922,760,13116,-280,1369,0,70669,480
06-04-2020,78335,555,5832,90,60014,1092,12489,-627,1369,0,71134,465
06-05-2020,78815,480,5898,66,61015,1001,11902,-587,1369,0,71548,414
06-06-2020,79505,690,5931,33,61864,849,11710,-192,1369,0,72205,657
06-07-2020,79908,403,5943,12,62545,681,11420,-290,1369,0,72596,391
06-08-2020,80339,431,5953,10,63282,737,11104,-316,1369,0,73017,421
06-09-2020,80870,531,6014,61,63776,494,11080,-24,1369,0,73487,470
06-10-2020,81316,446,6062,48,64536,760,10718,-362,1369,0,73885,398
06-11-2020,81848,532,6113,51,65246,710,10489,-229,1369,0,74366,481
06-12-2020,82481,633,6162,49,66033,787,10286,-203,1369,0,74950,584
06-13-2020,82944,463,6211,49,66754,721,9979,-307,1369,0,75364,414
06-14-2020,83203,259,6215,4,67208,454,9780,-199,1369,0,75619,255
06-15-2020,83589,386,6243,28,67814,606,9532,-248,1369,0,75977,358
06-16-2020,83978,389,6276,33,68392,578,9310,-222,1369,0,76333,356
06-17-2020,84289,311,6319,43,68960,568,9010,-300,1369,0,76601,268
06-18-2020,84683,394,6361,42,69583,623,8739,-271,1369,0,76953,352
06-19-2020,85199,516,6399,38,70139,556,8661,-78,1369,0,77431,478
06-20-2020,85590,391,6419,20,70849,710,8322,-339,1369,0,77802,371
06-21-2020,85935,345,6423,4,71318,469,8194,-128,1369,0,78143,341
06-22-2020,86576,641,6426,3,71798,480,8352,158,1369,0,78781,638
06-23-2020,87208,632,6464,38,72295,497,8449,97,1369,0,79375,594
06-24-2020,87685,477,6518,54,72750,455,8417,-32,1369,0,79798,423
06-25-2020,88141,456,6557,39,73285,535,8299,-118,1369,0,80215,417
06-26-2020,88860,719,6579,22,73935,650,8346,47,1369,0,80912,697
06-27-2020,89446,586,6603,24,74438,503,8405,59,1369,0,81474,562
06-28-2020,89863,417,6606,3,74731,293,8526,121,1369,0,81888,414
06-29-2020,90467,604,6614,8,75156,425,8697,171,1369,0,82484,596
06-30-2020,91139,672,6649,35,75550,394,8940,243,1369,0,83121,637
07-01-2020,91775,636,6684,35,75885,335,9206,266,1369,0,83722,601
07-02-2020,92612,837,6712,28,76310,425,9590,384,1369,0,84531,809
07-03-2020,93392,780,6746,34,76809,499,9837,247,1369,0,85277,746
07-04-2020,93922,530,6749,3,77260,451,9913,76,1369,0,85804,527
07-05-2020,94403,481,6753,4,77619,359,10031,118,1369,0,86281,477
07-06-2020,95100,697,6754,1,78236,617,10110,79,1369,0,86977,696
07-07-2020,95898,798,6787,33,78812,576,10299,189,1369,0,87742,765
07-08-2020,96725,827,6812,25,79274,462,10639,340,1369,0,88544,802
07-09-2020,97542,817,6848,36,79715,441,10979,340,1369,0,89325,781
07-10-2020,98482,940,6880,32,80393,678,11209,230,1369,0,90233,908
07-11-2020,99216,734,6897,17,80951,558,11368,159,1369,0,90950,717
07-12-2020,99794,578,6904,7,81339,388,11551,183,1369,0,91521,571
07-13-2020,100330,536,6911,7,81902,563,11517,-34,1369,0,92050,529
07-14-2020,101266,936,6931,20,82509,607,11826,309,1369,0,92966,916
07-15-2020,102269,1003,6957,26,83070,561,12242,416,1369,0,93943,977
07-16-2020,103075,806,6984,27,83804,734,12287,45,1369,0,94722,779
07-17-2020,104079,1004,7004,20,84512,708,12563,276,1369,0,95706,984
07-18-2020,104780,701,7015,11,85019,507,12746,183,1369,0,96396,690
07-19-2020,105384,604,7022,7,85470,451,12892,146,1369,0,96993,597
07-20-2020,106405,1021,7025,3,86143,673,13237,345,1369,0,98011,1018
07-21-2020,107414,1009,7046,21,86884,741,13484,247,1369,0,98999,988
07-22-2020,108178,764,7072,26,87616,732,13490,6,1369,0,99737,738
07-23-2020,109057,879,7089,17,88352,736,13616,126,1369,0,100599,862
07-24-2020,110244,1187,7112,23,89222,870,13910,294,1369,0,101763,1164
07-25-2020,111121,877,7120,8,89914,692,14087,177,1369,0,102632,869
07-26-2020,111773,652,7123,3,90451,537,14199,112,1369,0,103281,649
07-27-2020,112946,1173,7128,5,90984,533,14834,635,1369,0,104449,1168
07-28-2020,114033,1087,7152,24,91831,847,15050,216,1369,0,105512,1063
07-29-2020,114888,855,7167,15,92733,902,14988,-62,1369,0,106352,840
07-30-2020,115757,869,7191,24,93499,766,15067,79,1369,0,107197,845
07-31-2020,116738,981,7202,11,94436,937,15100,33,1369,0,108167,970
08-01-2020,117459,721,7214,12,95086,650,15159,59,1369,0,108876,709
08-02-2020,118038,579,7218,4,95656,570,15164,5,1369,0,109451,575
08-03-2020,118843,805,7220,2,96610,954,15013,-151,1369,0,110254,803
08-04-2020,119672,829,7246,26,97545,935,14881,-132,1369,0,111057,803
08-05-2020,120395,723,7251,5,98298,753,14846,-35,1369,0,111775,718
08-06-2020,121199,804,7282,31,99117,819,14800,-46,1369,0,112548,773
08-07-2020,121980,781,7297,15,100231,1114,14452,-348,1369,0,113314,766
08-08-2020,122647,667,7313,16,101057,826,14277,-175,1369,0,113965,651
08-09-2020,123309,662,7314,1,101686,629,14309,32,1369,0,114626,661
08-10-2020,124174,865,7317,3,102738,1052,14119,-190,1369,0,115488,862
08-11-2020,124970,796,7352,35,103748,1010,13870,-249,1369,0,116249,761
08-12-2020,125870,900,7385,33,104580,832,13905,35,1369,0,117116,867
08-13-2020,126854,984,7409,24,105415,835,14030,125,1369,0,118076,960
08-14-2020,127683,829,7445,36,106353,938,13885,-145,1369,0,118869,793
08-15-2020,128511,828,7465,20,107042,689,14004,119,1369,0,119677,808
08-16-2020,129075,564,7468,3,107616,574,13991,-13,1369,0,120238,561
08-17-2020,129620,545,7468,0,108446,830,13706,-285,1369,0,120783,545
08-18-2020,130231,611,7499,31,109268,822,13464,-242,1369,0,121363,580
08-19-2020,130857,626,7523,24,109978,710,13356,-108,1369,0,121965,602
08-20-2020,131644,787,7538,15,110778,800,13328,-28,1369,0,122737,772
08-21-2020,132372,728,7558,20,111604,826,13210,-118,1369,0,123445,708
08-22-2020,133140,768,7576,18,112285,681,13279,69,1369,0,124195,750
08-23-2020,133679,539,7578,2,112940,655,13161,-118,1369,0,124732,537
08-24-2020,134156,477,7579,1,113830,890,12747,-414,1369,0,125208,476
08-25-2020,134156,0,7579,0,114674,844,11903,-844,1369,0,125208,0
