date,Confirmed,newConfirmed,Deaths,newDeaths,Est.Recovered,newEst.Recovered,Est.Active,newEst.Active,Recovered,newRecovered,Active,newActive
01-22-2020,1,1,0,0,0,0,1,1,0,0,1,1
01-23-2020,1,0,0,0,0,0,1,0,0,0,1,0
01-24-2020,1,0,0,0,0,0,1,0,0,0,1,0
01-25-2020,1,0,0,0,0,0,1,0,0,0,1,0
01-26-2020,1,0,0,0,0,0,1,0,0,0,1,0
01-27-2020,1,0,0,0,0,0,1,0,0,0,1,0
01-28-2020,1,0,0,0,0,0,1,0,0,0,1,0
01-29-2020,1,0,0,0,0,0,1,0,0,0,1,0
01-30-2020,1,0,0,0,0,0,1,0,0,0,1,0
01-31-2020,1,0,0,0,0,0,1,0,0,0,1,0
02-01-2020,1,0,0,0,0,0,1,0,0,0,1,0
02-02-2020,1,0,0,0,0,0,1,0,0,0,1,0
02-03-2020,1,0,0,0,0,0,1,0,0,0,1,0
02-04-2020,1,0,0,0,0,0,1,0,0,0,1,0
02-05-2020,1,0,0,0,0,0,1,0,0,0,1,0
02-06-2020,1,0,0,0,0,0,1,0,0,0,1,0
02-07-2020,1,0,0,0,0,0,1,0,0,0,1,0
02-08-2020,1,0,0,0,0,0,1,0,0,0,1,0
02-09-2020,1,0,0,0,1,1,0,-1,1,1,0,-1
02-10-2020,1,0,0,0,1,0,0,0,1,0,0,0
02-11-2020,1,0,0,0,1,0,0,0,1,0,0,0
02-12-2020,1,0,0,0,1,0,0,0,1,0,0,0
02-13-2020,1,0,0,0,1,0,0,0,1,0,0,0
02-14-2020,1,0,0,0,1,0,0,0,1,0,0,0
02-15-2020,1,0,0,0,1,0,0,0,1,0,0,0
02-16-2020,1,0,0,0,1,0,0,0,1,0,0,0
02-17-2020,1,0,0,0,1,0,0,0,1,0,0,0
02-18-2020,1,0,0,0,1,0,0,0,1,0,0,0
02-19-2020,1,0,0,0,1,0,0,0,1,0,0,0
02-20-2020,1,0,0,0,1,0,0,0,1,0,0,0
02-21-2020,1,0,0,0,1,0,0,0,1,0,0,0
02-22-2020,1,0,0,0,1,0,0,0,1,0,0,0
02-23-2020,1,0,0,0,1,0,0,0,1,0,0,0
02-24-2020,1,0,0,0,1,0,0,0,1,0,0,0
02-25-2020,1,0,0,0,1,0,0,0,1,0,0,0
02-26-2020,1,0,0,0,1,0,0,0,1,0,0,0
02-27-2020,1,0,0,0,1,0,0,0,1,0,0,0
02-28-2020,3,2,0,0,1,0,2,2,1,0,2,2
02-29-2020,5,2,1,1,1,0,3,1,1,0,3,1
03-01-2020,12,7,2,1,1,0,9,6,1,0,9,6
03-02-2020,18,6,6,4,1,0,11,2,1,0,11,2
03-03-2020,27,9,9,3,1,0,17,6,1,0,17,6
03-04-2020,39,12,10,1,1,0,28,11,1,0,28,11
03-05-2020,75,36,11,1,1,0,63,35,1,0,63,35
03-06-2020,86,11,14,3,1,0,71,8,1,0,71,8
03-07-2020,108,22,16,2,1,0,91,20,1,0,91,20
03-08-2020,136,28,19,3,1,0,116,25,1,0,116,25
03-09-2020,167,31,22,3,1,0,144,28,1,0,144,28
03-10-2020,272,105,24,2,1,0,247,103,1,0,247,103
03-11-2020,373,101,30,6,1,0,342,95,1,0,342,95
03-12-2020,457,84,31,1,1,0,425,83,1,0,425,83
03-13-2020,568,111,37,6,1,0,530,105,1,0,530,105
03-14-2020,642,74,40,3,1,0,601,71,1,0,601,71
03-15-2020,769,127,42,2,1,0,726,125,1,0,726,125
03-16-2020,904,135,48,6,1,0,855,129,1,0,855,129
03-17-2020,1014,110,55,7,1,0,958,103,1,0,958,103
03-18-2020,1187,173,68,13,1,0,1118,160,1,0,1118,160
03-19-2020,1377,190,74,6,1,0,1302,184,1,0,1302,184
03-20-2020,1524,147,83,9,1,0,1440,138,1,0,1440,138
03-21-2020,1793,269,94,11,0,-1,1699,259,0,-1,1699,259
03-22-2020,1996,203,95,1,15,15,1886,187,0,0,1901,202
03-23-2020,2221,225,111,16,24,9,2086,200,0,0,2110,209
03-24-2020,2472,251,125,14,95,71,2252,166,0,0,2347,237
03-25-2020,2600,128,133,8,169,74,2298,46,0,0,2467,120
03-26-2020,3207,607,150,17,220,51,2837,539,0,0,3057,590
03-27-2020,3726,519,175,25,285,65,3266,429,0,0,3551,494
03-28-2020,4311,585,189,14,331,46,3791,525,0,0,4122,571
03-29-2020,4896,585,204,15,420,89,4272,481,0,0,4692,570
03-30-2020,5187,291,219,15,515,95,4453,181,0,0,4968,276
03-31-2020,5453,266,225,6,600,85,4628,175,0,0,5228,260
04-01-2020,5984,531,254,29,712,112,5018,390,0,0,5730,502
04-02-2020,6595,611,272,18,853,141,5470,452,0,0,6323,593
04-03-2020,6967,372,295,23,951,98,5721,251,0,0,6672,349
04-04-2020,7632,665,318,23,1149,198,6165,444,0,0,7314,642
04-05-2020,7984,352,343,25,1292,143,6349,184,0,0,7641,327
04-06-2020,8384,400,383,40,1439,147,6562,213,0,0,8001,360
04-07-2020,8982,598,408,25,1632,193,6942,380,891,891,7683,-318
04-08-2020,9277,295,432,24,1726,94,7119,177,925,34,7920,237
04-09-2020,9753,476,457,25,2204,478,7092,-27,1076,151,8220,300
04-10-2020,10221,468,484,27,2613,409,7124,32,1146,70,8591,371
04-11-2020,10416,195,496,12,3086,473,6834,-290,1287,141,8633,42
04-12-2020,10530,114,510,14,3564,478,6456,-378,1325,38,8695,62
04-13-2020,10725,195,522,12,3806,242,6397,-59,1410,85,8793,98
04-14-2020,10976,251,546,24,4014,208,6416,19,1424,14,9006,213
04-15-2020,10976,0,565,19,4450,436,5961,-455,1507,83,8904,-102
04-16-2020,11285,309,587,22,4951,501,5747,-214,1719,212,8979,75
04-17-2020,11707,422,610,23,5250,299,5847,100,1757,38,9340,361
04-18-2020,12064,357,630,20,5808,558,5626,-221,1765,8,9669,329
04-19-2020,12064,0,634,4,6119,311,5311,-315,1778,13,9652,-17
04-20-2020,12486,422,658,24,6452,333,5376,65,1782,4,10046,394
04-21-2020,12724,238,682,24,6953,501,5089,-287,1790,8,10252,206
04-22-2020,12865,141,695,13,7202,249,4968,-121,1798,8,10372,120
04-23-2020,13014,149,714,19,7657,455,4643,-325,1803,5,10497,125
04-24-2020,13307,293,733,19,8096,439,4478,-165,1807,4,10767,270
04-25-2020,13567,260,741,8,8331,235,4495,17,1807,0,11019,252
04-26-2020,13782,215,754,13,8499,168,4529,34,1813,6,11215,196
04-27-2020,14200,418,772,18,8686,187,4742,213,1837,24,11591,376
04-28-2020,14388,188,792,20,8912,226,4684,-58,1851,14,11745,154
04-29-2020,14711,323,804,12,8983,71,4924,240,1870,19,12037,292
04-30-2020,14986,275,819,15,9314,331,4853,-71,1966,96,12201,164
05-01-2020,15264,278,826,7,9708,394,4730,-123,1982,16,12456,255
05-02-2020,15521,257,832,6,10097,389,4592,-138,1982,0,12707,251
05-03-2020,15761,240,834,2,10155,58,4772,180,1982,0,12945,238
05-04-2020,16096,335,841,7,10557,402,4698,-74,2052,70,13203,258
05-05-2020,16319,223,864,23,10823,266,4632,-66,2082,30,13373,170
05-06-2020,16640,321,879,15,10970,147,4791,159,2095,13,13666,293
05-07-2020,16847,207,899,20,11168,198,4780,-11,2100,5,13848,182
05-08-2020,17065,218,909,10,11486,318,4670,-110,2106,6,14050,202
05-09-2020,17203,138,920,11,11743,257,4540,-130,2106,0,14177,127
05-10-2020,17387,184,932,12,11950,207,4505,-35,2106,0,14349,172
05-11-2020,17783,396,951,19,12311,361,4521,16,2319,213,14513,164
05-12-2020,17986,203,966,15,12497,186,4523,2,3390,1071,13630,-883
05-13-2020,18147,161,977,11,12774,277,4396,-127,3535,145,13635,5
05-14-2020,18406,259,985,8,13063,289,4358,-38,3554,19,13867,232
05-15-2020,18561,155,997,12,13354,291,4210,-148,3695,141,13869,2
05-16-2020,18876,315,1005,8,13637,283,4234,24,4410,715,13461,-408
05-17-2020,19024,148,1007,2,13847,210,4170,-64,4410,0,13607,146
05-18-2020,19292,268,1011,4,14194,347,4087,-83,4427,17,13854,247
05-19-2020,19489,197,1035,24,14413,219,4041,-46,4553,126,13901,47
05-20-2020,19690,201,1043,8,14700,287,3947,-94,4557,4,14090,189
05-21-2020,19834,144,1050,7,14905,205,3879,-68,4562,5,14222,132
05-22-2020,19996,162,1055,5,15141,236,3800,-79,4580,18,14361,139
05-23-2020,20000,4,1055,0,15299,158,3646,-154,4584,4,14361,0
05-24-2020,20431,431,1065,10,15474,175,3892,246,4584,0,14782,421
05-25-2020,20674,243,1074,9,15854,380,3746,-146,4584,0,15016,234
05-26-2020,21030,356,1084,10,16047,193,3899,153,4788,204,15158,142
05-27-2020,21227,197,1100,16,16207,160,3920,21,4801,13,15326,168
05-28-2020,21538,311,1112,12,16459,252,3967,47,4806,5,15620,294
05-29-2020,21836,298,1116,4,16640,181,4080,113,4810,4,15910,290
05-30-2020,22036,200,1122,6,16943,303,3971,-109,4810,0,16104,194
05-31-2020,22322,286,1122,0,17097,154,4103,132,4810,0,16390,286
06-01-2020,22721,399,1129,7,17375,278,4217,114,4968,158,16624,234
06-02-2020,22957,236,1134,5,17572,197,4251,34,4988,20,16835,211
06-03-2020,23289,332,1140,6,17781,209,4368,117,5043,55,17106,271
06-04-2020,23558,269,1143,3,17931,150,4484,116,5068,25,17347,241
06-05-2020,23868,310,1153,10,18098,167,4617,133,5090,22,17625,278
06-06-2020,24228,360,1155,2,18131,33,4942,325,5090,0,17983,358
06-07-2020,24454,226,1157,2,18515,384,4782,-160,5090,0,18207,224
06-08-2020,24777,323,1162,5,18783,268,4832,50,5149,59,18466,259
06-09-2020,25048,271,1175,13,19096,313,4777,-55,5156,7,18717,251
06-10-2020,25072,24,1178,3,19292,196,4602,-175,5158,2,18736,19
06-11-2020,25357,285,1190,12,19581,289,4586,-16,5192,34,18975,239
06-12-2020,25741,384,1201,11,19847,266,4693,107,5199,7,19341,366
06-13-2020,26009,268,1216,15,20051,204,4742,49,5199,0,19594,253
06-14-2020,26221,212,1220,4,20312,261,4689,-53,5199,0,19802,208
06-15-2020,26221,0,1223,3,20686,374,4312,-377,5204,5,19794,-8
06-16-2020,26587,366,1233,10,20906,220,4448,136,5204,0,20150,356
06-17-2020,26652,65,1226,-7,21226,320,4200,-248,5204,0,20222,72
06-18-2020,27233,581,1237,11,21464,238,4532,332,5242,38,20754,532
06-19-2020,27716,483,1248,11,21737,273,4731,199,5248,6,21220,466
06-20-2020,28160,444,1259,11,22025,288,4876,145,5248,0,21653,433
06-21-2020,28470,310,1263,4,22274,249,4933,57,5248,0,21959,306
06-22-2020,28994,524,1269,6,22583,309,5142,209,5286,38,22439,480
06-23-2020,29487,493,1276,7,22856,273,5355,213,5290,4,22921,482
06-24-2020,29984,497,1283,7,22904,48,5797,442,5305,15,23396,475
06-25-2020,30474,490,1290,7,23184,280,6000,203,5314,9,23870,474
06-26-2020,30987,513,1296,6,23539,355,6152,152,5317,3,24374,504
06-27-2020,31371,384,1302,6,23794,255,6275,123,5323,6,24746,372
06-28-2020,31647,276,1302,0,24013,219,6332,57,5323,0,25022,276
06-29-2020,32365,718,1309,7,24075,62,6981,649,5333,10,25723,701
06-30-2020,32918,553,1319,10,24404,329,7195,214,5337,4,26262,539
07-01-2020,33576,658,1328,9,24505,101,7743,548,5338,1,26910,648
07-02-2020,33612,36,1330,2,25018,513,7264,-479,5338,0,26944,34
07-03-2020,34783,1171,1341,11,25450,432,7992,728,5355,17,28087,1143
07-04-2020,35094,311,1342,1,25859,409,7893,-99,5355,0,28397,310
07-05-2020,35572,478,1347,5,26158,299,8067,174,5355,0,28870,473
07-06-2020,36041,469,1349,2,26638,480,8054,-13,5355,0,29337,467
07-07-2020,36172,131,1350,1,27092,454,7730,-324,5355,0,29467,130
07-08-2020,36172,0,1350,0,27508,416,7314,-416,5355,0,29467,0
07-09-2020,38576,2404,1397,47,27913,405,9266,1952,5365,10,31814,2347
07-10-2020,39236,660,1410,13,28385,472,9441,175,5365,0,32461,647
07-11-2020,39236,0,1410,0,28743,358,9083,-358,5365,0,32461,0
07-12-2020,40400,1164,1421,11,29000,257,9979,896,5365,0,33614,1153
07-13-2020,41793,1393,1423,2,29599,599,10771,792,5365,0,35005,1391
07-14-2020,42400,607,1430,7,30103,504,10867,96,5375,10,35595,590
07-15-2020,43151,751,1414,-16,30678,575,11059,192,5380,5,36357,762
07-16-2020,44395,1244,1426,12,30790,112,12179,1120,5382,2,37587,1230
07-17-2020,45313,918,1434,8,31813,1023,12066,-113,5484,102,38395,808
07-18-2020,46078,765,1444,10,32135,322,12499,433,5484,0,39150,755
07-19-2020,46856,778,1449,5,32572,437,12835,336,5484,0,39923,773
07-20-2020,47979,1123,1457,8,33034,462,13488,653,5487,3,41035,1112
07-21-2020,48728,749,1461,4,33218,184,14049,561,5488,1,41779,744
07-22-2020,49436,708,1478,17,33272,54,14686,637,5488,0,42470,691
07-23-2020,50164,728,1479,1,35301,2029,13384,-1302,5488,0,43197,727
07-24-2020,51062,898,1506,27,35900,599,13656,272,5491,3,44065,868
07-25-2020,52023,961,1511,5,35962,62,14550,894,5491,0,45021,956
07-26-2020,52775,752,1510,-1,36955,993,14310,-240,5491,0,45774,753
07-27-2020,53558,783,1513,3,38181,1226,13864,-446,5492,1,46553,779
07-28-2020,54421,863,1552,39,38729,548,14140,276,5802,310,47067,514
07-29-2020,55197,776,1562,10,39423,694,14212,72,5814,12,47821,754
07-30-2020,56008,811,1567,5,40460,1037,13981,-231,5825,11,48616,795
07-31-2020,56057,49,1570,3,41388,928,13099,-882,5839,14,48648,32
08-01-2020,57614,1557,1595,25,42049,661,13970,871,5839,0,50180,1532
08-02-2020,58187,573,1599,4,42757,708,13831,-139,5839,0,50749,569
08-03-2020,58851,664,1605,6,43753,996,13493,-338,5889,50,51357,608
08-04-2020,59529,678,1622,17,44386,633,13521,28,5893,4,52014,657
08-05-2020,59603,74,1622,0,44984,598,12997,-524,5901,8,52080,66
08-06-2020,59662,59,1616,-6,45941,957,12105,-892,5923,22,52123,43
08-07-2020,61126,1464,1649,33,46753,812,12724,619,5952,29,53525,1402
08-08-2020,62602,1476,1687,38,47513,760,13402,678,5952,0,54963,1438
08-09-2020,63111,509,1689,2,48297,784,13125,-277,5952,0,55470,507
08-10-2020,63821,710,1696,7,49155,858,12970,-155,6005,53,56120,650
08-11-2020,64285,464,1717,21,49945,790,12623,-347,6011,6,56557,437
08-12-2020,64840,555,1727,10,50702,757,12411,-212,6016,5,57097,540
08-13-2020,65461,621,1735,8,51527,825,12199,-212,6016,0,57710,613
08-14-2020,66276,815,1754,19,51735,208,12787,588,6016,0,58506,796
08-15-2020,66878,602,1764,10,53108,1373,12006,-781,6016,0,59098,592
08-16-2020,67498,620,1774,10,53695,587,12029,23,6016,0,59708,610
08-17-2020,67868,370,1781,7,54407,712,11680,-349,6347,331,59740,32
08-18-2020,68355,487,1806,25,55043,636,11506,-174,6356,9,60193,453
08-19-2020,68842,487,1823,17,55185,142,11834,328,6359,3,60660,467
08-20-2020,69542,700,1830,7,55447,262,12265,431,6366,7,61346,686
08-21-2020,69875,333,1846,16,56776,1329,11253,-1012,6379,13,61650,304
08-22-2020,70690,815,1853,7,58099,1323,10738,-515,6379,0,62458,808
08-23-2020,71106,416,1859,6,58669,570,10578,-160,6379,0,62868,410
08-24-2020,71494,388,1864,5,59418,749,10212,-366,6379,0,63251,383
08-25-2020,71518,24,1864,0,59945,527,9709,-503,6379,0,63275,24
