date,Confirmed,newConfirmed,Deaths,newDeaths,Est.Recovered,newEst.Recovered,Est.Active,newEst.Active,Recovered,newRecovered,Active,newActive
03-04-2020,2,2,0,0,0,0,2,2,-1,-1,-1,-1
03-05-2020,2,0,0,0,0,0,2,0,-1,-1,-1,-1
03-06-2020,4,2,0,0,0,0,4,2,-1,-1,-1,-1
03-07-2020,7,3,0,0,0,0,7,3,-1,-1,-1,-1
03-08-2020,8,1,0,0,0,0,8,1,-1,-1,-1,-1
03-09-2020,9,1,0,0,0,0,9,1,-1,-1,-1,-1
03-10-2020,12,3,0,0,0,0,12,3,-1,-1,-1,-1
03-11-2020,13,1,0,0,0,0,13,1,-1,-1,-1,-1
03-12-2020,13,0,0,0,0,0,13,0,-1,-1,-1,-1
03-13-2020,19,6,0,0,0,0,19,6,-1,-1,-1,-1
03-14-2020,25,6,0,0,0,0,25,6,-1,-1,-1,-1
03-15-2020,32,7,1,1,-1,-1,32,7,-1,-1,-1,-1
03-16-2020,39,7,1,0,-1,0,39,7,-1,-1,-1,-1
03-17-2020,50,11,1,0,-1,0,50,11,-1,-1,-1,-1
03-18-2020,58,8,1,0,0,1,57,7,-1,-1,-1,-1
03-19-2020,73,15,1,0,0,0,72,15,-1,-1,-1,-1
03-20-2020,85,12,4,3,0,0,81,9,-1,-1,-1,-1
03-21-2020,131,46,4,0,1,1,126,45,-1,-1,-1,-1
03-22-2020,131,0,4,0,2,1,125,-1,-1,-1,-1,-1
03-23-2020,167,36,7,3,0,-2,160,35,-1,-1,-1,-1
03-24-2020,187,20,8,1,1,1,178,18,-1,-1,-1,-1
03-25-2020,226,39,10,2,0,-1,216,38,-1,-1,-1,-1
03-26-2020,261,35,10,0,0,0,251,35,-1,-1,-1,-1
03-27-2020,300,39,10,0,5,5,285,34,-1,-1,-1,-1
03-28-2020,343,43,11,1,9,4,323,38,-1,-1,-1,-1
03-29-2020,408,65,13,2,12,3,383,60,-1,-1,-1,-1
03-30-2020,447,39,15,2,16,4,416,33,-1,-1,-1,-1
03-31-2020,447,0,15,0,25,9,407,-9,-1,-1,-1,-1
04-01-2020,492,45,16,1,31,6,445,38,-1,-1,-1,-1
04-02-2020,525,33,20,4,39,8,466,21,-1,-1,-1,-1
04-03-2020,585,60,21,1,48,9,516,50,-1,-1,-1,-1
04-04-2020,678,93,32,11,75,27,571,55,-1,-1,-1,-1
04-05-2020,733,55,34,2,73,-2,626,55,-1,-1,-1,-1
04-06-2020,744,11,38,4,98,25,608,-18,-1,-1,-1,-1
04-07-2020,817,73,47,9,106,8,664,56,-1,-1,-1,-1
04-08-2020,895,78,58,11,126,20,711,47,-1,-1,-1,-1
04-09-2020,980,85,66,8,147,21,767,56,-1,-1,-1,-1
04-10-2020,1190,210,77,11,168,21,945,178,-1,-1,-1,-1
04-11-2020,1310,120,85,8,196,28,1029,84,-1,-1,-1,-1
04-12-2020,1410,100,99,14,235,39,1076,47,-1,-1,-1,-1
04-13-2020,1458,48,109,10,258,23,1091,15,-1,-1,-1,-1
04-14-2020,1512,54,122,13,247,-11,1143,52,-1,-1,-1,-1
04-15-2020,1579,67,134,12,272,25,1173,30,-1,-1,-1,-1
04-16-2020,1652,73,142,8,293,21,1217,44,-1,-1,-1,-1
04-17-2020,1763,111,156,14,329,36,1278,61,-1,-1,-1,-1
04-18-2020,1834,71,172,16,395,66,1267,-11,-1,-1,-1,-1
04-19-2020,1916,82,189,17,423,28,1304,37,-1,-1,-1,-1
04-20-2020,1984,68,199,10,427,4,1358,54,-1,-1,-1,-1
04-21-2020,2098,114,213,14,475,48,1410,52,-1,-1,-1,-1
04-22-2020,2168,70,225,12,532,57,1411,1,-1,-1,-1,-1
04-23-2020,2284,116,225,0,605,73,1454,43,-1,-1,-1,-1
04-24-2020,2383,99,250,25,756,151,1377,-77,-1,-1,-1,-1
04-25-2020,2443,60,262,12,848,92,1333,-44,-1,-1,-1,-1
04-26-2020,2500,57,272,10,928,80,1300,-33,-1,-1,-1,-1
04-27-2020,2583,83,280,8,965,37,1338,38,-1,-1,-1,-1
04-28-2020,2649,66,291,11,998,33,1360,22,-1,-1,-1,-1
04-29-2020,2727,78,300,9,1050,52,1377,17,-1,-1,-1,-1
04-30-2020,2775,48,312,12,1103,53,1360,-17,-1,-1,-1,-1
05-01-2020,2863,88,323,11,1191,88,1349,-11,-1,-1,-1,-1
05-02-2020,2942,79,335,12,1252,61,1355,6,-1,-1,-1,-1
05-03-2020,2998,56,340,5,1321,69,1337,-18,-1,-1,-1,-1
05-04-2020,3035,37,351,11,1368,47,1316,-21,-1,-1,-1,-1
05-05-2020,3065,30,363,12,1460,92,1242,-74,-1,-1,-1,-1
05-06-2020,3111,46,373,10,1519,59,1219,-23,-1,-1,-1,-1
05-07-2020,3150,39,383,10,1617,98,1150,-69,-1,-1,-1,-1
05-08-2020,3178,28,392,9,1719,102,1067,-83,-1,-1,-1,-1
05-09-2020,3213,35,405,13,1774,55,1034,-33,-1,-1,-1,-1
05-10-2020,3263,50,413,8,1829,55,1021,-13,-1,-1,-1,-1
05-11-2020,3284,21,421,8,1897,68,966,-55,-1,-1,-1,-1
05-12-2020,3313,29,425,4,1954,57,934,-32,-1,-1,-1,-1
05-13-2020,3341,28,430,5,2024,70,887,-47,-1,-1,-1,-1
05-14-2020,3380,39,436,6,2069,45,875,-12,-1,-1,-1,-1
05-15-2020,3417,37,442,6,2153,84,822,-53,-1,-1,-1,-1
05-16-2020,3473,56,448,6,2225,72,800,-22,-1,-1,-1,-1
05-17-2020,3509,36,451,3,2282,57,776,-24,-1,-1,-1,-1
05-18-2020,3535,26,462,11,2311,29,762,-14,-1,-1,-1,-1
05-19-2020,3556,21,467,5,2350,39,739,-23,-1,-1,-1,-1
05-20-2020,3598,42,470,3,2398,48,730,-9,-1,-1,-1,-1
05-21-2020,3641,43,473,3,2447,49,721,-9,-1,-1,-1,-1
05-22-2020,3678,37,476,3,2491,44,711,-10,-1,-1,-1,-1
05-23-2020,3713,35,482,6,2528,37,703,-8,-1,-1,-1,-1
05-24-2020,3741,28,486,4,2577,49,678,-25,-1,-1,-1,-1
05-25-2020,3756,15,491,5,2603,26,662,-16,-1,-1,-1,-1
05-26-2020,3771,15,499,8,2630,27,642,-20,-1,-1,-1,-1
05-27-2020,3793,22,505,6,2661,31,627,-15,-1,-1,-1,-1
05-28-2020,3816,23,509,4,2699,38,608,-19,-1,-1,-1,-1
05-29-2020,3841,25,517,8,2739,40,585,-23,-1,-1,-1,-1
05-30-2020,3841,0,517,0,2799,60,525,-60,-1,-1,-1,-1
05-31-2020,3867,26,524,7,2833,34,510,-15,-1,-1,-1,-1
06-01-2020,3876,9,526,2,2861,28,489,-21,-1,-1,-1,-1
06-02-2020,3921,45,532,6,2882,21,507,18,-1,-1,-1,-1
06-03-2020,3931,10,534,2,2924,42,473,-34,-1,-1,-1,-1
06-04-2020,3931,0,534,0,2970,46,427,-46,-1,-1,-1,-1
06-05-2020,3954,23,539,5,3004,34,411,-16,-1,-1,-1,-1
06-06-2020,3970,16,542,3,3037,33,391,-20,-1,-1,-1,-1
06-07-2020,3970,0,542,0,3070,33,358,-33,-1,-1,-1,-1
06-08-2020,3970,0,542,0,3089,19,339,-19,-1,-1,-1,-1
06-09-2020,4014,44,548,6,3102,13,364,25,-1,-1,-1,-1
06-10-2020,4027,13,551,3,3125,23,351,-13,2355,-1,1121,-1
06-11-2020,4039,12,553,2,3149,24,337,-14,2391,36,1095,-26
06-12-2020,4053,14,555,2,3177,28,321,-16,2447,56,1051,-44
06-13-2020,4064,11,559,4,3185,8,320,-1,2476,29,1029,-22
06-14-2020,4069,5,562,3,3211,26,296,-24,2482,6,1025,-4
06-15-2020,4076,7,563,1,3223,12,290,-6,2485,3,1028,3
06-16-2020,4077,1,565,2,3262,39,250,-40,2516,31,996,-32
06-17-2020,4078,1,567,2,3276,14,235,-15,2547,31,964,-32
06-18-2020,4079,1,568,1,3283,7,228,-7,2564,17,947,-17
06-19-2020,4081,2,568,0,3308,25,205,-23,2581,17,932,-15
06-20-2020,4086,5,570,2,3326,18,190,-15,2585,4,931,-1
06-21-2020,4094,8,570,0,3332,6,192,2,2589,4,935,4
06-22-2020,4102,8,572,2,3333,1,197,5,2590,1,940,5
06-23-2020,4107,5,573,1,3371,38,163,-34,2600,10,934,-6
06-24-2020,4114,7,576,3,3383,12,155,-8,2618,18,920,-14
06-25-2020,4123,9,577,1,3397,14,149,-6,2640,22,906,-14
06-26-2020,4127,4,578,1,3413,16,136,-13,2663,23,886,-20
06-27-2020,4138,11,578,0,3425,12,135,-1,2681,18,879,-7
06-28-2020,4142,4,581,3,3431,6,130,-5,2685,4,876,-3
06-29-2020,4145,3,585,4,3435,4,125,-5,2685,0,875,-1
06-30-2020,4155,10,585,0,3444,9,126,1,2692,7,878,3
07-01-2020,4157,2,586,1,3447,3,124,-2,2714,22,857,-21
07-02-2020,4166,9,587,1,3449,2,130,6,2721,7,858,1
07-03-2020,4172,6,588,1,3455,6,129,-1,2752,31,832,-26
07-04-2020,4174,2,589,1,3462,7,123,-6,2784,32,801,-31
07-05-2020,4183,9,589,0,3469,7,125,2,2811,27,783,-18
07-06-2020,4189,6,589,0,3477,8,123,-2,2860,49,740,-43
07-07-2020,4205,16,589,0,3488,11,128,5,2874,14,742,2
07-08-2020,4210,5,589,0,3496,8,125,-3,2885,11,736,-6
07-09-2020,4220,10,591,2,3504,8,125,0,2887,2,742,6
07-10-2020,4223,3,593,2,3509,5,121,-4,2941,54,689,-53
07-11-2020,4229,6,595,2,3517,8,117,-4,2974,33,660,-29
07-12-2020,4234,5,595,0,3523,6,116,-1,3036,62,603,-57
07-13-2020,4247,13,595,0,3526,3,126,10,3073,37,579,-24
07-14-2020,4258,11,595,0,3537,11,126,0,3106,33,557,-22
07-15-2020,4263,5,595,0,3539,2,129,3,3126,20,542,-15
07-16-2020,4276,13,595,0,3547,8,134,5,3156,30,525,-17
07-17-2020,4293,17,595,0,3553,6,145,11,3220,64,478,-47
07-18-2020,4315,22,596,1,3555,2,164,19,3222,2,497,19
07-19-2020,4333,18,596,0,3563,8,174,10,3223,1,514,17
07-20-2020,4339,6,596,0,3569,6,174,0,3232,9,511,-3
07-21-2020,4347,8,596,0,3585,16,166,-8,3257,25,494,-17
07-22-2020,4366,19,596,0,3591,6,179,13,3283,26,487,-7
07-23-2020,4380,14,596,0,3601,10,183,4,3300,17,484,-3
07-24-2020,4398,18,596,0,3605,4,197,14,3312,12,490,6
07-25-2020,4424,26,596,0,3612,7,216,19,3324,12,504,14
07-26-2020,4435,11,596,0,3616,4,223,7,3329,5,510,6
07-27-2020,4448,13,596,0,3628,12,224,1,3329,0,523,13
07-28-2020,4456,8,596,0,3638,10,222,-2,3331,2,529,6
07-29-2020,4465,9,596,0,3642,4,227,5,3339,8,530,1
07-30-2020,4484,19,596,0,3654,12,234,7,3346,7,542,12
07-31-2020,4505,21,596,0,3669,15,240,6,3353,7,556,14
08-01-2020,4526,21,597,1,3686,17,243,3,3364,11,565,9
08-02-2020,4535,9,597,0,3703,17,235,-8,3389,25,549,-16
08-03-2020,4544,9,597,0,3709,6,238,3,3413,24,534,-15
08-04-2020,4553,9,598,1,3717,8,238,0,3415,2,540,6
08-05-2020,4564,11,599,1,3732,15,233,-5,3431,16,534,-6
08-06-2020,4597,33,600,1,3744,12,253,20,3463,32,534,0
08-07-2020,4621,24,602,2,3757,13,262,9,3464,1,555,21
08-08-2020,4653,32,602,0,3780,23,271,9,3491,27,560,5
08-09-2020,4696,43,602,0,3790,10,304,33,3499,8,595,35
08-10-2020,4731,35,605,3,3799,9,327,23,3525,26,601,6
08-11-2020,4746,15,614,9,3799,0,333,6,3527,2,605,4
08-12-2020,4768,22,634,20,3787,-12,347,14,3529,2,605,0
08-13-2020,4813,45,607,-27,3831,44,375,28,3561,32,645,40
08-14-2020,4853,40,607,0,3851,20,395,20,3590,29,656,11
08-15-2020,4877,24,607,0,3871,20,399,4,3606,16,664,8
08-16-2020,4916,39,608,1,3881,10,427,28,3623,17,685,21
08-17-2020,4946,30,608,0,3889,8,449,22,3630,7,708,23
08-18-2020,4970,24,609,1,3897,8,464,15,3630,0,731,23
08-19-2020,5002,32,609,0,3909,12,484,20,3665,35,728,-3
08-20-2020,5046,44,609,0,3938,29,499,15,3678,13,759,31
08-21-2020,5098,52,611,2,3958,20,529,30,3681,3,806,47
08-22-2020,5133,35,611,0,3988,30,534,5,3692,11,830,24
08-23-2020,5155,22,613,2,4023,35,519,-15,3695,3,847,17
08-24-2020,5155,0,613,0,4054,31,488,-31,3695,0,847,0
08-25-2020,5215,60,614,1,4067,13,534,46,3716,21,885,38
