date,Confirmed,newConfirmed,Deaths,newDeaths,Est.Recovered,newEst.Recovered,Est.Active,newEst.Active,Recovered,newRecovered,Active,newActive
03-18-2020,1,1,0,0,0,0,1,1,-1,-1,-1,-1
03-19-2020,1,0,0,0,0,0,1,0,-1,-1,-1,-1
03-20-2020,1,0,0,0,0,0,1,0,-1,-1,-1,-1
03-21-2020,1,0,0,0,0,0,1,0,-1,-1,-1,-1
03-22-2020,1,0,0,0,0,0,1,0,-1,-1,-1,-1
03-23-2020,1,0,0,0,0,0,1,0,-1,-1,-1,-1
03-24-2020,1,0,0,0,0,0,1,0,-1,-1,-1,-1
03-25-2020,2,1,0,0,0,0,2,1,-1,-1,-1,-1
03-26-2020,2,0,0,0,0,0,2,0,-1,-1,-1,-1
03-27-2020,2,0,0,0,0,0,2,0,-1,-1,-1,-1
03-28-2020,2,0,1,1,-1,-1,2,0,-1,-1,-1,-1
03-29-2020,3,1,1,0,-1,0,3,1,-1,-1,-1,-1
03-30-2020,3,0,1,0,-1,0,3,0,-1,-1,-1,-1
03-31-2020,3,0,1,0,-1,0,3,0,-1,-1,-1,-1
04-01-2020,3,0,1,0,0,1,2,-1,-1,-1,-1,-1
04-02-2020,3,0,1,0,0,0,2,0,-1,-1,-1,-1
04-03-2020,4,1,1,0,0,0,3,1,-1,-1,-1,-1
04-04-2020,4,0,1,0,0,0,3,0,-1,-1,-1,-1
04-05-2020,4,0,1,0,0,0,3,0,-1,-1,-1,-1
04-06-2020,4,0,1,0,0,0,3,0,-1,-1,-1,-1
04-07-2020,4,0,1,0,0,0,3,0,-1,-1,-1,-1
04-08-2020,4,0,1,0,0,0,3,0,-1,-1,-1,-1
04-09-2020,4,0,1,0,0,0,3,0,-1,-1,-1,-1
04-10-2020,4,0,1,0,0,0,3,0,-1,-1,-1,-1
04-11-2020,4,0,1,0,0,0,3,0,-1,-1,-1,-1
04-12-2020,9,5,1,0,1,1,7,4,-1,-1,-1,-1
04-13-2020,9,0,1,0,1,0,7,0,-1,-1,-1,-1
04-14-2020,9,0,1,0,1,0,7,0,-1,-1,-1,-1
04-15-2020,9,0,1,0,1,0,7,0,-1,-1,-1,-1
04-16-2020,9,0,1,0,1,0,7,0,-1,-1,-1,-1
04-17-2020,9,0,1,0,2,1,6,-1,-1,-1,-1,-1
04-18-2020,9,0,1,0,2,0,6,0,-1,-1,-1,-1
04-19-2020,9,0,1,0,2,0,6,0,-1,-1,-1,-1
04-20-2020,9,0,1,0,2,0,6,0,-1,-1,-1,-1
04-21-2020,10,1,1,0,2,0,7,1,-1,-1,-1,-1
04-22-2020,10,0,1,0,2,0,7,0,-1,-1,-1,-1
04-23-2020,10,0,1,0,2,0,7,0,-1,-1,-1,-1
04-24-2020,10,0,1,0,2,0,7,0,-1,-1,-1,-1
04-25-2020,10,0,1,0,2,0,7,0,-1,-1,-1,-1
04-26-2020,10,0,1,0,6,4,3,-4,-1,-1,-1,-1
04-27-2020,10,0,1,0,6,0,3,0,-1,-1,-1,-1
04-28-2020,10,0,1,0,6,0,3,0,-1,-1,-1,-1
04-29-2020,10,0,1,0,6,0,3,0,-1,-1,-1,-1
04-30-2020,11,1,1,0,6,0,4,1,-1,-1,-1,-1
05-01-2020,12,1,1,0,6,0,5,1,-1,-1,-1,-1
05-02-2020,12,0,1,0,6,0,5,0,-1,-1,-1,-1
05-03-2020,17,5,1,0,6,0,10,5,-1,-1,-1,-1
05-04-2020,17,0,1,0,6,0,10,0,-1,-1,-1,-1
05-05-2020,17,0,1,0,7,1,9,-1,-1,-1,-1,-1
05-06-2020,17,0,1,0,7,0,9,0,-1,-1,-1,-1
05-07-2020,17,0,1,0,7,0,9,0,-1,-1,-1,-1
05-08-2020,18,1,1,0,7,0,10,1,-1,-1,-1,-1
05-09-2020,20,2,1,0,7,0,12,2,-1,-1,-1,-1
05-10-2020,20,0,1,0,8,1,11,-1,-1,-1,-1,-1
05-11-2020,20,0,1,0,8,0,11,0,-1,-1,-1,-1
05-12-2020,22,2,1,0,8,0,13,2,-1,-1,-1,-1
05-13-2020,23,1,1,0,8,0,14,1,-1,-1,-1,-1
05-14-2020,23,0,1,0,9,1,13,-1,-1,-1,-1,-1
05-15-2020,23,0,1,0,10,1,12,-1,-1,-1,-1,-1
05-16-2020,23,0,1,0,10,0,12,0,-1,-1,-1,-1
05-17-2020,23,0,1,0,14,4,8,-4,-1,-1,-1,-1
05-18-2020,24,1,1,0,14,0,9,1,-1,-1,-1,-1
05-19-2020,24,0,1,0,14,0,9,0,-1,-1,-1,-1
05-20-2020,24,0,1,0,14,0,9,0,-1,-1,-1,-1
05-21-2020,24,0,1,0,14,0,9,0,-1,-1,-1,-1
05-22-2020,24,0,1,0,15,1,8,-1,-1,-1,-1,-1
05-23-2020,25,1,1,0,16,1,8,0,-1,-1,-1,-1
05-24-2020,25,0,1,0,17,1,7,-1,-1,-1,-1,-1
05-25-2020,25,0,1,0,17,0,7,0,-1,-1,-1,-1
05-26-2020,25,0,1,0,18,1,6,-1,-1,-1,-1,-1
05-27-2020,25,0,1,0,19,1,5,-1,-1,-1,-1,-1
05-28-2020,25,0,1,0,19,0,5,0,-1,-1,-1,-1
05-29-2020,25,0,1,0,19,0,5,0,-1,-1,-1,-1
05-30-2020,25,0,1,0,19,0,5,0,-1,-1,-1,-1
05-31-2020,25,0,1,0,20,1,4,-1,-1,-1,-1,-1
06-01-2020,25,0,1,0,21,1,3,-1,-1,-1,-1,-1
06-02-2020,25,0,1,0,21,0,3,0,-1,-1,-1,-1
06-03-2020,26,1,1,0,21,0,4,1,-1,-1,-1,-1
06-04-2020,26,0,1,0,21,0,4,0,-1,-1,-1,-1
06-05-2020,26,0,1,0,21,0,4,0,-1,-1,-1,-1
06-06-2020,26,0,1,0,22,1,3,-1,-1,-1,-1,-1
06-07-2020,26,0,1,0,22,0,3,0,-1,-1,-1,-1
06-08-2020,26,0,1,0,22,0,3,0,-1,-1,-1,-1
06-09-2020,28,2,1,0,22,0,5,2,-1,-1,-1,-1
06-10-2020,28,0,1,0,22,0,5,0,22,-1,5,-1
06-11-2020,28,0,1,0,23,1,4,-1,22,0,5,0
06-12-2020,28,0,1,0,23,0,4,0,22,0,5,0
06-13-2020,28,0,1,0,23,0,4,0,22,0,5,0
06-14-2020,28,0,1,0,23,0,4,0,22,0,5,0
06-15-2020,30,2,1,0,24,1,5,1,24,2,5,0
06-16-2020,33,3,1,0,24,0,8,3,24,0,8,3
06-17-2020,34,1,1,0,24,0,9,1,24,0,9,1
06-18-2020,36,2,1,0,24,0,11,2,24,0,11,2
06-19-2020,36,0,1,0,24,0,11,0,24,0,11,0
06-20-2020,36,0,1,0,24,0,11,0,24,0,11,0
06-21-2020,37,1,2,1,24,0,11,0,24,0,11,0
06-22-2020,41,4,2,0,26,2,13,2,26,2,13,2
06-23-2020,42,1,2,0,26,0,14,1,26,0,14,1
06-24-2020,42,0,2,0,26,0,14,0,26,0,14,0
06-25-2020,42,0,2,0,26,0,14,0,26,0,14,0
06-26-2020,43,1,2,0,26,0,15,1,26,0,15,1
06-27-2020,44,1,2,0,26,0,16,1,26,0,16,1
06-28-2020,45,1,2,0,26,0,17,1,26,0,17,1
06-29-2020,47,2,2,0,27,1,18,1,26,0,19,2
06-30-2020,47,0,2,0,29,2,16,-2,26,0,19,0
07-01-2020,49,2,2,0,30,1,17,1,27,1,20,1
07-02-2020,49,0,2,0,32,2,15,-2,27,0,20,0
07-03-2020,55,6,2,0,32,0,21,6,27,0,26,6
07-04-2020,55,0,2,0,32,0,21,0,27,0,26,0
07-05-2020,57,2,2,0,32,0,23,2,27,0,28,2
07-06-2020,61,4,3,1,35,3,23,0,27,0,31,3
07-07-2020,61,0,3,0,36,1,22,-1,27,0,31,0
07-08-2020,63,2,3,0,36,0,24,2,32,5,28,-3
07-09-2020,63,0,3,0,36,0,24,0,32,0,28,0
07-10-2020,64,1,3,0,37,1,24,0,34,2,27,-1
07-11-2020,64,0,3,0,37,0,24,0,34,0,27,0
07-12-2020,64,0,3,0,38,1,23,-1,34,0,27,0
07-13-2020,64,0,3,0,40,2,21,-2,34,0,27,0
07-14-2020,64,0,3,0,40,0,21,0,34,0,27,0
07-15-2020,64,0,3,0,42,2,19,-2,34,0,27,0
07-16-2020,78,14,3,0,43,1,32,13,34,0,41,14
07-17-2020,78,0,3,0,47,4,28,-4,34,0,41,0
07-18-2020,93,15,4,1,49,2,40,12,49,15,40,-1
07-19-2020,93,0,4,0,49,0,40,0,49,0,40,0
07-20-2020,93,0,4,0,52,3,37,-3,49,0,40,0
07-21-2020,112,19,4,0,57,5,51,14,57,8,51,11
07-22-2020,146,34,5,1,57,0,84,33,57,0,84,33
07-23-2020,146,0,5,0,57,0,84,0,57,0,84,0
07-24-2020,216,70,6,1,60,3,150,66,60,3,150,66
07-25-2020,216,0,6,0,60,0,150,0,60,0,150,0
07-26-2020,277,61,6,0,60,0,211,61,60,0,211,61
07-27-2020,326,49,8,2,66,6,252,41,66,6,252,41
07-28-2020,326,0,8,0,66,0,252,0,66,0,252,0
07-29-2020,326,0,8,0,66,0,252,0,66,0,252,0
07-30-2020,403,77,8,0,68,2,327,75,68,2,327,75
07-31-2020,498,95,9,1,68,0,421,94,68,0,421,94
08-01-2020,498,0,9,0,75,7,414,-7,68,0,421,0
08-02-2020,498,0,9,0,76,1,413,-1,68,0,421,0
08-03-2020,498,0,9,0,76,0,413,0,68,0,421,0
08-04-2020,671,173,14,5,87,11,570,157,79,11,578,157
08-05-2020,799,128,16,2,115,28,668,98,115,36,668,90
08-06-2020,935,136,16,0,136,21,783,115,136,21,783,115
08-07-2020,1090,155,19,3,167,31,904,121,146,10,925,142
08-08-2020,1090,0,19,0,167,0,904,0,146,0,925,0
08-09-2020,1235,145,23,4,221,54,991,87,221,75,991,66
08-10-2020,1235,0,23,0,252,31,960,-31,221,0,991,0
08-11-2020,1346,111,32,9,243,-9,1071,111,227,6,1087,96
08-12-2020,1477,131,33,1,242,-1,1202,131,227,0,1217,130
08-13-2020,1477,0,33,0,306,64,1138,-64,227,0,1217,0
08-14-2020,1556,79,43,10,374,68,1139,1,227,0,1286,69
08-15-2020,1689,133,54,11,365,-9,1270,131,227,0,1408,122
08-16-2020,1872,183,63,9,401,36,1408,138,401,174,1408,0
08-17-2020,1872,0,63,0,401,0,1408,0,401,0,1408,0
08-18-2020,2116,244,63,0,499,98,1554,146,415,14,1638,230
08-19-2020,2116,0,63,0,607,108,1446,-108,415,0,1638,0
08-20-2020,2288,172,77,14,703,96,1508,62,415,0,1796,158
08-21-2020,2401,113,81,4,835,132,1485,-23,415,0,1905,109
08-22-2020,2437,36,84,3,832,-3,1521,36,415,0,1938,33
08-23-2020,2585,148,87,3,955,123,1543,22,490,75,2008,70
08-24-2020,2585,0,87,0,962,7,1536,-7,490,0,2008,0
08-25-2020,2585,0,87,0,1052,90,1446,-90,490,0,2008,0
