date,Confirmed,newConfirmed,Deaths,newDeaths,Est.Recovered,newEst.Recovered,Est.Active,newEst.Active,Recovered,newRecovered,Active,newActive
02-29-2020,1,1,0,0,0,0,1,1,-1,-1,-1,-1
03-01-2020,1,0,0,0,0,0,1,0,-1,-1,-1,-1
03-02-2020,6,5,0,0,0,0,6,5,-1,-1,-1,-1
03-03-2020,7,1,0,0,0,0,7,1,-1,-1,-1,-1
03-04-2020,7,0,0,0,0,0,7,0,-1,-1,-1,-1
03-05-2020,13,6,0,0,0,0,13,6,-1,-1,-1,-1
03-06-2020,13,0,0,0,0,0,13,0,-1,-1,-1,-1
03-07-2020,14,1,0,0,0,0,14,1,-1,-1,-1,-1
03-08-2020,14,0,0,0,0,0,14,0,-1,-1,-1,-1
03-09-2020,15,1,0,0,0,0,15,1,-1,-1,-1,-1
03-10-2020,15,0,0,0,0,0,15,0,-1,-1,-1,-1
03-11-2020,15,0,0,0,0,0,15,0,-1,-1,-1,-1
03-12-2020,17,2,0,0,0,0,17,2,-1,-1,-1,-1
03-13-2020,23,6,0,0,0,0,23,6,-1,-1,-1,-1
03-14-2020,23,0,0,0,0,0,23,0,-1,-1,-1,-1
03-15-2020,23,0,0,0,0,0,23,0,-1,-1,-1,-1
03-16-2020,37,14,2,2,2,2,33,10,-1,-1,-1,-1
03-17-2020,58,21,2,0,3,1,53,20,-1,-1,-1,-1
03-18-2020,155,97,2,0,3,0,150,97,-1,-1,-1,-1
03-19-2020,199,44,3,1,7,4,189,39,-1,-1,-1,-1
03-20-2020,367,168,5,2,5,-2,357,168,-1,-1,-1,-1
03-21-2020,506,139,7,2,4,-1,495,138,-1,-1,-1,-1
03-22-2020,506,0,7,0,4,0,495,0,-1,-1,-1,-1
03-23-2020,532,26,7,0,5,1,520,25,-1,-1,-1,-1
03-24-2020,1049,517,8,1,4,-1,1037,517,-1,-1,-1,-1
03-25-2020,1049,0,8,0,4,0,1037,0,-1,-1,-1,-1
03-26-2020,1211,162,8,0,5,1,1198,161,-1,-1,-1,-1
03-27-2020,1211,0,8,0,10,5,1193,-5,-1,-1,-1,-1
03-28-2020,1595,384,8,0,10,0,1577,384,-1,-1,-1,-1
03-29-2020,1823,228,8,0,10,0,1805,228,-1,-1,-1,-1
03-30-2020,1835,12,8,0,22,12,1805,0,-1,-1,-1,-1
03-31-2020,1962,127,8,0,39,17,1915,110,-1,-1,-1,-1
04-01-2020,2240,278,8,0,118,79,2114,199,-1,-1,-1,-1
04-02-2020,2372,132,79,71,84,-34,2209,95,-1,-1,-1,-1
04-03-2020,3163,791,120,41,179,95,2864,655,-1,-1,-1,-1
04-04-2020,3163,0,120,0,291,112,2752,-112,-1,-1,-1,-1
04-05-2020,3465,302,172,52,239,-52,3054,302,-1,-1,-1,-1
04-06-2020,3465,0,172,0,261,22,3032,-22,-1,-1,-1,-1
04-07-2020,3747,282,191,19,660,399,2896,-136,-1,-1,-1,-1
04-08-2020,3747,0,191,0,660,0,2896,0,-1,-1,-1,-1
04-09-2020,4450,703,242,51,741,81,3467,571,-1,-1,-1,-1
04-10-2020,4965,515,272,30,712,-29,3981,514,-1,-1,-1,-1
04-11-2020,7161,2196,297,25,998,286,5866,1885,-1,-1,-1,-1
04-12-2020,7257,96,315,18,1164,166,5778,-88,-1,-1,-1,-1
04-13-2020,7466,209,333,18,1158,-6,5975,197,-1,-1,-1,-1
04-14-2020,7529,63,355,22,1242,84,5932,-43,-1,-1,-1,-1
04-15-2020,7603,74,369,14,1467,225,5767,-165,-1,-1,-1,-1
04-16-2020,7858,255,388,19,1561,94,5909,142,-1,-1,-1,-1
04-17-2020,8225,367,403,15,2211,650,5611,-298,-1,-1,-1,-1
04-18-2020,8450,225,421,18,2212,1,5817,206,-1,-1,-1,-1
04-19-2020,9022,572,456,35,2422,210,6144,327,-1,-1,-1,-1
04-20-2020,9468,446,474,18,2407,-15,6587,443,-1,-1,-1,-1
04-21-2020,10128,660,507,33,2675,268,6946,359,-1,-1,-1,-1
04-22-2020,10398,270,520,13,2662,-13,7216,270,-1,-1,-1,-1
04-23-2020,10850,452,537,17,3237,575,7076,-140,-1,-1,-1,-1
04-24-2020,11183,333,560,23,3632,395,6991,-85,-1,-1,-1,-1
04-25-2020,22719,11536,576,16,5448,1816,16695,9704,-1,-1,-1,-1
04-26-2020,22719,0,576,0,5558,110,16585,-110,-1,-1,-1,-1
04-27-2020,22719,0,576,0,5730,172,16413,-172,-1,-1,-1,-1
04-28-2020,23240,521,663,87,5713,-17,16864,451,-1,-1,-1,-1
04-29-2020,24258,1018,871,208,5608,-105,17779,915,-1,-1,-1,-1
04-30-2020,24675,417,883,12,5824,216,17968,189,-1,-1,-1,-1
05-01-2020,24934,259,900,17,6223,399,17811,-157,-1,-1,-1,-1
05-02-2020,26336,1402,1063,163,6249,26,19024,1213,-1,-1,-1,-1
05-03-2020,27464,1128,1371,308,6447,198,19646,622,-1,-1,-1,-1
05-04-2020,29538,2074,1564,193,6616,169,21358,1712,-1,-1,-1,-1
05-05-2020,31881,2343,1569,5,7211,595,23101,1743,-1,-1,-1,-1
05-06-2020,31881,0,1569,0,7430,219,22882,-219,-1,-1,-1,-1
05-07-2020,29420,-2461,1618,49,7854,424,19948,-2934,-1,-1,-1,-1
05-08-2020,30298,878,1654,36,8159,305,20485,537,-1,-1,-1,-1
05-09-2020,30298,0,1654,0,17830,9671,10814,-9671,-1,-1,-1,-1
05-10-2020,28818,-1480,1704,50,17805,-25,9309,-1505,-1,-1,-1,-1
05-11-2020,29509,691,2127,423,17412,-393,9970,661,-1,-1,-1,-1
05-12-2020,29509,0,2145,18,17831,419,9533,-437,-1,-1,-1,-1
05-13-2020,30419,910,2327,182,18498,667,9594,61,-1,-1,-1,-1
05-14-2020,30486,67,2334,7,18871,373,9281,-313,-1,-1,-1,-1
05-15-2020,30502,16,2338,4,19168,297,8996,-285,-1,-1,-1,-1
05-16-2020,30502,0,2338,0,20335,1167,7829,-1167,-1,-1,-1,-1
05-17-2020,31467,965,2594,256,21088,753,7785,-44,-1,-1,-1,-1
05-18-2020,32723,1256,2688,94,22736,1648,7299,-486,-1,-1,-1,-1
05-19-2020,33182,459,2736,48,24692,1956,5754,-1545,-1,-1,-1,-1
05-20-2020,34151,969,2839,103,24627,-65,6685,931,-1,-1,-1,-1
05-21-2020,34151,0,2839,0,22732,-1895,8580,1895,-1,-1,-1,-1
05-22-2020,34854,703,2888,49,23467,735,8499,-81,-1,-1,-1,-1
05-23-2020,35828,974,3056,168,25024,1557,7748,-751,-1,-1,-1,-1
05-24-2020,36258,430,3096,40,23790,-1234,9372,1624,-1,-1,-1,-1
05-25-2020,36756,498,3108,12,24348,558,9300,-72,-1,-1,-1,-1
05-26-2020,37355,599,3203,95,24329,-19,9823,523,-1,-1,-1,-1
05-27-2020,37656,301,3221,18,25194,865,9241,-582,-1,-1,-1,-1
05-28-2020,38103,447,3275,54,25266,72,9562,321,-1,-1,-1,-1
05-29-2020,38471,368,3313,38,25295,29,9863,301,-1,-1,-1,-1
05-30-2020,38571,100,3334,21,25482,187,9755,-108,-1,-1,-1,-1
05-31-2020,38571,0,3334,0,26450,968,8787,-968,-1,-1,-1,-1
06-01-2020,39098,527,3358,24,27756,1306,7984,-803,-1,-1,-1,-1
06-02-2020,39098,0,3358,0,28489,733,7251,-733,-1,-1,-1,-1
06-03-2020,40414,1316,3438,80,29207,718,7769,518,-1,-1,-1,-1
06-04-2020,40966,552,3486,48,28837,-370,8643,874,-1,-1,-1,-1
06-05-2020,40966,0,3486,0,29546,709,7934,-709,-1,-1,-1,-1
06-06-2020,42106,1140,3592,106,30806,1260,7708,-226,-1,-1,-1,-1
06-07-2020,42728,622,3608,16,30931,125,8189,481,-1,-1,-1,-1
06-08-2020,43120,392,3621,13,31418,487,8081,-108,-1,-1,-1,-1
06-09-2020,43378,258,3642,21,31908,490,7828,-253,-1,-1,-1,-1
06-10-2020,44440,1062,3720,78,32252,344,8468,640,4910,-1,35810,-1
06-11-2020,44440,0,3720,0,32645,393,8075,-393,4910,0,35810,0
06-12-2020,45778,1338,3828,108,32850,205,9100,1025,4910,0,37040,1230
06-13-2020,46356,578,3874,46,32955,105,9527,427,4910,0,37572,532
06-14-2020,46751,395,3896,22,33125,170,9730,203,4910,0,37945,373
06-15-2020,47322,571,3929,33,33798,673,9595,-135,4910,0,38483,538
06-16-2020,47943,621,3970,41,33938,140,10035,440,4910,0,39063,580
06-17-2020,48490,547,4007,37,35103,1165,9380,-655,4910,0,39573,510
06-18-2020,49097,607,4087,80,35347,244,9663,283,4910,0,40100,527
06-19-2020,49731,634,4156,69,35420,73,10155,492,5040,130,40535,435
06-20-2020,49731,0,4156,0,36480,1060,9095,-1060,5040,0,40535,0
06-21-2020,50640,909,4223,67,36903,423,9514,419,5040,0,41377,842
06-22-2020,50640,0,4223,0,37325,422,9092,-422,5040,0,41377,0
06-23-2020,51643,1003,4274,51,37567,242,9802,710,5120,80,42249,872
06-24-2020,51643,0,4274,0,38515,948,8854,-948,5120,0,42249,0
06-25-2020,53156,1513,4343,69,38512,-3,10301,1447,5350,230,43463,1214
06-26-2020,53856,700,4406,63,39585,1073,9865,-436,5500,150,43950,487
06-27-2020,54574,718,4720,314,39753,168,10101,236,5500,0,44354,404
06-28-2020,54574,0,4720,0,40121,368,9733,-368,5500,0,44354,0
06-29-2020,55665,1091,4502,-218,40938,817,10225,492,5900,400,45263,909
06-30-2020,56432,767,4527,25,41439,501,10466,241,5900,0,46005,742
07-01-2020,58257,1825,4576,49,42066,627,11615,1149,27887,21987,25794,-20211
07-02-2020,58257,0,4576,0,42635,569,11046,-569,27887,0,25794,0
07-03-2020,60657,2400,4700,124,43060,425,12897,1851,5900,-21987,50057,24263
07-04-2020,61535,878,4769,69,43199,139,13567,670,5900,0,50866,809
07-05-2020,61958,423,4781,12,44032,833,13145,-422,5900,0,51277,411
07-06-2020,62380,422,4821,40,44072,40,13487,342,5900,0,51659,382
07-07-2020,62380,0,4821,0,44950,878,12609,-878,5900,0,51659,0
07-08-2020,63245,865,4873,52,45062,112,13310,701,5900,0,52472,813
07-09-2020,63245,0,4873,0,46310,1248,12062,-1248,5900,0,52472,0
07-10-2020,65018,1773,4939,66,47016,706,13063,1001,5900,0,54179,1707
07-11-2020,65801,783,4983,44,47640,624,13178,115,5900,0,54918,739
07-12-2020,67870,2069,5031,48,47647,7,15192,2014,5900,0,56939,2021
07-13-2020,68459,589,5063,32,48605,958,14791,-401,5900,0,57496,557
07-14-2020,68459,0,5063,0,49313,708,14083,-708,5900,0,57496,0
07-15-2020,69570,1111,5130,67,50867,1554,13573,-510,5900,0,58540,1044
07-16-2020,70329,759,5158,28,50952,85,14219,646,5900,0,59271,731
07-17-2020,71365,1036,5207,49,52935,1983,13223,-996,5900,0,60258,987
07-18-2020,73382,2017,5282,75,53628,693,14472,1249,5900,0,62200,1942
07-19-2020,73382,0,5282,0,54129,501,13971,-501,5900,0,62200,0
07-20-2020,74620,1238,5318,36,54455,326,14847,876,5900,0,63402,1202
07-21-2020,76217,1597,5366,48,54560,105,16291,1444,5900,0,64951,1549
07-22-2020,77257,1040,5418,52,55262,702,16577,286,26300,20400,45539,-19412
07-23-2020,78148,891,5432,14,55460,198,17256,679,33455,7155,39261,-6278
07-24-2020,79049,901,5468,36,57025,1565,16556,-700,33544,89,40037,776
07-25-2020,80036,987,5507,39,57749,724,16780,224,34544,1000,39985,-52
07-26-2020,80694,658,5515,8,59437,1688,15742,-1038,34544,0,40635,650
07-27-2020,81161,467,5532,17,60078,641,15551,-191,34896,352,40733,98
07-28-2020,82279,1118,5584,52,60165,87,16530,979,35283,387,41412,679
07-29-2020,83193,914,5623,39,61309,1144,16261,-269,35572,289,41998,586
07-30-2020,84370,1177,5657,34,61920,611,16793,532,35824,252,42889,891
07-31-2020,85702,1332,5657,0,63127,1207,16918,125,36044,220,44001,1112
08-01-2020,85702,0,5702,45,64838,1711,15162,-1756,36044,0,43956,-45
08-02-2020,86232,530,5736,34,64909,71,15587,425,36213,169,44283,327
08-03-2020,87041,809,5767,31,65940,1031,15334,-253,59344,23131,21930,-22353
08-04-2020,87963,922,5808,41,70985,5045,11170,-4164,70985,11641,11170,-10760
08-05-2020,88866,903,5847,39,71168,183,11851,681,71168,183,11851,681
08-06-2020,90537,1671,5877,30,71318,150,13342,1491,71318,150,13342,1491
08-07-2020,90537,0,5877,0,71318,0,13342,0,71318,0,13342,0
08-08-2020,93572,3035,5916,39,71605,287,16051,2709,71605,287,16051,2709
08-09-2020,94459,887,5922,6,71670,65,16867,816,71605,0,16932,881
08-10-2020,94701,242,5932,10,78608,6938,10161,-6706,78608,7003,10161,-6771
08-11-2020,95563,862,5951,19,78610,2,11002,841,78610,2,11002,841
08-12-2020,95563,0,5951,0,78610,0,11002,0,78610,0,11002,0
08-13-2020,98343,2780,6010,59,78957,347,13376,2374,78957,347,13376,2374
08-14-2020,99409,1066,6030,20,79176,219,14203,827,79176,219,14203,827
08-15-2020,100688,1279,6065,35,79354,178,15269,1066,79354,178,15269,1066
08-16-2020,101542,854,6070,5,87022,7668,8450,-6819,87022,7668,8450,-6819
08-17-2020,101542,0,6070,0,87022,0,8450,0,87022,0,8450,0
08-18-2020,102941,1399,6105,35,87183,161,9653,1203,87183,161,9653,1203
08-19-2020,104475,1534,6146,41,87277,94,11052,1399,87277,94,11052,1399
08-20-2020,104475,0,6146,0,87277,0,11052,0,87277,0,11052,0
08-21-2020,106481,2006,6248,102,87730,453,12503,1451,87730,453,12503,1451
08-22-2020,107089,608,6277,29,87889,159,12923,420,87889,159,12923,420
08-23-2020,107769,680,6310,33,94816,6927,6643,-6280,94816,6927,6643,-6280
08-24-2020,107769,0,6310,0,94816,0,6643,0,94816,0,6643,0
08-25-2020,108289,520,6322,12,94816,0,7151,508,94816,0,7151,508
