date,Confirmed,newConfirmed,Deaths,newDeaths,Est.Recovered,newEst.Recovered,Est.Active,newEst.Active,Recovered,newRecovered,Active,newActive
03-09-2020,1,1,0,0,0,0,1,1,0,0,1,1
03-10-2020,3,2,0,0,0,0,3,2,0,0,3,2
03-11-2020,13,10,0,0,0,0,13,10,0,0,13,10
03-12-2020,19,6,0,0,0,0,19,6,0,0,19,6
03-13-2020,36,17,0,0,0,0,36,17,0,0,36,17
03-14-2020,77,41,1,1,0,0,76,40,0,0,76,40
03-15-2020,103,26,2,1,0,0,101,25,0,0,101,25
03-16-2020,136,33,3,1,0,0,133,32,0,0,133,32
03-17-2020,196,60,4,1,0,0,192,59,0,0,192,59
03-18-2020,280,84,8,4,0,0,272,80,0,0,272,80
03-19-2020,392,112,10,2,0,0,382,110,0,0,382,110
03-20-2020,537,145,14,4,0,0,523,141,0,0,523,141
03-21-2020,763,226,20,6,0,0,743,220,0,0,743,220
03-22-2020,837,74,20,0,0,0,817,74,0,0,817,74
03-23-2020,1172,335,35,15,0,0,1137,320,0,0,1137,320
03-24-2020,1388,216,46,11,0,0,1342,205,0,0,1342,205
03-25-2020,1795,407,65,19,0,0,1730,388,0,0,1730,388
03-26-2020,2305,510,83,18,0,0,2222,492,0,0,2222,492
03-27-2020,2746,441,119,36,0,0,2627,405,0,0,2627,405
03-28-2020,3315,569,137,18,0,0,3178,551,0,0,3178,551
03-29-2020,3540,225,151,14,0,0,3389,211,0,0,3389,211
03-30-2020,4025,485,185,34,0,0,3840,451,0,0,3840,451
03-31-2020,5237,1212,239,54,0,0,4998,1158,0,0,4998,1158
04-01-2020,6424,1187,273,34,0,0,6151,1153,0,0,6151,1153
04-02-2020,9159,2735,310,37,7,7,8842,2691,0,0,8849,2698
04-03-2020,10297,1138,370,60,64,57,9863,1021,0,0,9927,1078
04-04-2020,12496,2199,409,39,209,145,11878,2015,0,0,12087,2160
04-05-2020,13010,514,477,68,200,-9,12333,455,0,0,12533,446
04-06-2020,14867,1857,512,35,437,237,13918,1585,0,0,14355,1822
04-07-2020,16284,1417,582,70,542,105,15160,1242,0,0,15702,1347
04-08-2020,17030,746,652,70,803,261,15575,415,0,0,16378,676
04-09-2020,18283,1253,702,50,1167,364,16414,839,0,0,17581,1203
04-10-2020,19253,970,755,53,1474,307,17024,610,0,0,18498,917
04-11-2020,20014,761,806,51,1889,415,17319,295,0,0,19208,710
04-12-2020,20595,581,840,34,2041,152,17714,395,0,0,19755,547
04-13-2020,21016,421,884,44,2395,354,17737,23,0,0,20132,377
04-14-2020,21518,502,1013,129,3256,861,17249,-488,0,0,20505,373
04-15-2020,21951,433,1103,90,4139,883,16709,-540,0,0,20848,343
04-16-2020,22532,581,1156,53,6317,2178,15059,-1650,0,0,21376,528
04-17-2020,23118,586,1213,57,7202,885,14703,-356,0,0,21905,529
04-18-2020,23580,462,1267,54,8961,1759,13352,-1351,0,0,22313,408
04-19-2020,23928,348,1296,29,9359,398,13273,-79,0,0,22632,319
04-20-2020,24523,595,1328,32,10878,1519,12317,-956,0,0,23195,563
04-21-2020,24854,331,1405,77,11979,1101,11470,-847,0,0,23449,254
04-22-2020,25258,404,1473,68,12573,594,11212,-258,0,0,23785,336
04-23-2020,25739,481,1599,126,13533,960,10607,-605,0,0,24140,355
04-24-2020,26140,401,1660,61,14927,1394,9553,-1054,14927,14927,9553,-14587
04-25-2020,26512,372,1707,47,14972,45,9833,280,14927,0,9878,325
04-26-2020,26773,261,1729,22,15453,481,9591,-242,14927,0,10117,239
04-27-2020,27068,295,1740,11,15853,400,9475,-116,14927,0,10401,284
04-28-2020,27286,218,1801,61,17303,1450,8182,-1293,17303,2376,8182,-2219
04-29-2020,27660,374,1845,44,17303,0,8512,330,17303,0,8512,330
04-30-2020,28001,341,1905,60,17647,344,8449,-63,17303,0,8793,281
05-01-2020,28711,710,1970,65,18224,577,8517,68,17303,0,9438,645
05-02-2020,29140,429,1993,23,18894,670,8253,-264,17303,0,9844,406
05-03-2020,29340,200,2012,19,19232,338,8096,-157,17303,0,10025,181
05-04-2020,29673,333,2064,52,20316,1084,7293,-803,20316,3013,7293,-2732
05-05-2020,29996,323,2115,51,20365,49,7516,223,20316,0,7565,272
05-06-2020,30399,403,2167,52,20765,400,7467,-49,20316,0,7916,351
05-07-2020,30652,253,2208,41,21315,550,7129,-338,20316,0,8128,212
05-08-2020,30855,203,2227,19,21779,464,6849,-280,20316,0,8312,184
05-09-2020,31417,562,2267,40,22175,396,6975,126,20316,0,8834,522
05-10-2020,31600,183,2286,19,22460,285,6854,-121,20316,0,8998,164
05-11-2020,31815,215,2308,22,22760,300,6747,-107,22608,2292,6899,-2099
05-12-2020,32050,235,2347,39,23029,269,6674,-73,22608,0,7095,196
05-13-2020,32662,612,2381,34,23417,388,6864,190,22608,0,7673,578
05-14-2020,33489,827,2417,36,23876,459,7196,332,22608,0,8464,791
05-15-2020,33837,348,2448,31,24559,683,6830,-366,22608,0,8781,317
05-16-2020,34117,280,2479,31,25050,491,6588,-242,22608,0,9030,249
05-17-2020,34432,315,2491,12,25274,224,6667,79,22608,0,9333,303
05-18-2020,34709,277,2563,72,26249,975,5897,-770,26249,3641,5897,-3436
05-19-2020,35038,329,2581,18,26249,0,6208,311,26249,0,6208,311
05-20-2020,35316,278,2608,27,26402,153,6306,98,26249,0,6459,251
05-21-2020,36504,1188,2629,21,26716,314,7159,853,26249,0,7626,1167
05-22-2020,36925,421,2668,39,26946,230,7311,152,26249,0,8008,382
05-23-2020,36925,0,2668,0,27492,546,6765,-546,26249,0,8008,0
05-24-2020,37169,244,2691,23,27682,190,6796,31,26249,0,8229,221
05-25-2020,37809,640,2691,0,28700,1018,6418,-378,28700,2451,6418,-1811
05-26-2020,38054,245,2702,11,28700,0,6652,234,28700,0,6652,234
05-27-2020,38497,443,2723,21,28703,3,7071,419,28700,0,7074,422
05-28-2020,38802,305,2741,18,29431,728,6630,-441,28700,0,7361,287
05-29-2020,38802,0,2767,26,29816,385,6219,-411,28700,0,7335,-26
05-30-2020,39577,775,2786,19,30107,291,6684,465,28700,0,8091,756
05-31-2020,39916,339,2791,5,30402,295,6723,39,28700,0,8425,334
06-01-2020,40341,425,2801,10,31728,1326,5812,-911,31728,3028,5812,-2613
06-02-2020,40746,405,2835,34,31728,0,6183,371,31728,0,6183,371
06-03-2020,41133,387,2870,35,31728,0,6535,352,31728,0,6535,352
06-04-2020,41562,429,2883,13,32263,535,6416,-119,31728,0,6951,416
06-05-2020,41989,427,2912,29,32623,360,6454,38,31728,0,7349,398
06-06-2020,42486,497,2925,13,32708,85,6853,399,31728,0,7833,484
06-07-2020,42816,330,2936,11,32933,225,6947,94,31728,0,8152,319
06-08-2020,43050,234,2944,8,33904,971,6202,-745,33904,2176,6202,-1950
06-09-2020,43612,562,2957,13,33904,0,6751,549,33904,0,6751,549
06-10-2020,44030,418,2968,11,34170,266,6892,141,33904,0,7158,407
06-11-2020,44472,442,2987,19,34531,361,6954,62,33904,0,7581,423
06-12-2020,44995,523,2996,9,34606,75,7393,439,33904,0,8095,514
06-13-2020,46283,1288,3004,8,35286,680,7993,600,33904,0,9375,1280
06-14-2020,46619,336,3014,10,35605,319,8000,7,33904,0,9701,326
06-15-2020,47172,553,3018,4,37017,1412,7137,-863,37017,3113,7137,-2564
06-16-2020,47706,534,3042,24,37017,0,7647,510,37017,0,7647,510
06-17-2020,48634,928,3062,20,37017,0,8555,908,37017,0,8555,908
06-18-2020,48634,0,3062,0,37246,229,8326,-229,37017,0,8555,0
06-19-2020,48634,0,3084,22,37639,393,7911,-415,37017,0,8533,-22
06-20-2020,49385,751,3104,20,38050,411,8231,320,37017,0,9264,731
06-21-2020,49778,393,3105,1,38359,309,8314,83,37017,0,9656,392
06-22-2020,50239,461,3117,12,39792,1433,7330,-984,39792,2775,7330,-2326
06-23-2020,51595,1356,3134,17,39792,0,8669,1339,39792,0,8669,1339
06-24-2020,52477,882,3152,18,39792,0,9533,864,39792,0,9533,864
06-25-2020,53415,938,3164,12,39965,173,10286,753,39792,0,10459,926
06-26-2020,54769,1354,3190,26,40380,415,11199,913,39792,0,11787,1328
06-27-2020,54769,0,3190,0,41545,1165,10034,-1165,39792,0,11787,0
06-28-2020,56236,1467,3199,9,41872,327,11165,1131,39792,0,13245,1458
06-29-2020,57081,845,3199,0,42393,521,11489,324,42225,2433,11657,-1588
06-30-2020,58095,1014,3221,22,42877,484,11997,508,42225,0,12649,992
07-01-2020,60178,2083,3238,17,43679,802,13261,1264,42225,0,14715,2066
07-02-2020,61561,1383,3255,17,43782,103,14524,1263,43026,801,15280,565
07-03-2020,63289,1728,3278,23,43840,58,16171,1647,43026,0,16985,1705
07-04-2020,63289,0,3278,0,44518,678,15493,-678,43026,0,16985,0
07-05-2020,65226,1937,3288,10,44884,366,17054,1561,43026,0,18912,1927
07-06-2020,66327,1101,3296,8,45315,431,17716,662,43026,0,20005,1093
07-07-2020,68263,1936,3319,23,46481,1166,18463,747,43026,0,21918,1913
07-08-2020,70151,1888,3339,20,47256,775,19556,1093,46334,3308,20478,-1440
07-09-2020,71994,1843,3355,16,48077,821,20562,1006,46334,0,22305,1827
07-10-2020,74636,2642,3380,25,49222,1145,22034,1472,46334,0,24922,2617
07-11-2020,76803,2167,3403,23,49418,196,23982,1948,46334,0,27066,2144
07-12-2020,78122,1319,3416,13,50657,1239,24049,67,46334,0,28372,1306
07-13-2020,79827,1705,3423,7,51433,776,24971,922,46334,0,30070,1698
07-14-2020,82042,2215,3445,22,52328,895,26269,1298,46334,0,32263,2193
07-15-2020,84131,2089,3461,16,54148,1820,26522,253,53288,6954,27382,-4881
07-16-2020,86411,2280,3485,24,55266,1118,27660,1138,53288,0,29638,2256
07-17-2020,88590,2179,3509,24,56663,1397,28418,758,53288,0,31793,2155
07-18-2020,88590,0,3509,0,56793,130,28288,-130,53288,0,31793,0
07-19-2020,91706,3116,3543,34,58399,1606,29764,1476,53288,0,34875,3082
07-20-2020,94892,3186,3572,29,59338,939,31982,2218,53288,0,38032,3157
07-21-2020,96583,1691,3608,36,61088,1750,31887,-95,53288,0,39687,1655
07-22-2020,99354,2771,3670,62,62700,1612,32984,1097,61456,8168,34228,-5459
07-23-2020,101650,2296,3686,16,64330,1630,33634,650,61456,0,36508,2280
07-24-2020,103734,2084,3715,29,66657,2327,33362,-272,61456,0,38563,2055
07-25-2020,103734,0,3715,0,68477,1820,31542,-1820,61456,0,38563,0
07-26-2020,107574,3840,3763,48,69719,1242,34092,2550,61456,0,42355,3792
07-27-2020,109917,2343,3786,23,71223,1504,34908,816,61456,0,44675,2320
07-28-2020,111038,1121,3812,26,73160,1937,34066,-842,61456,0,45770,1095
07-29-2020,112773,1735,3883,71,75119,1959,33771,-295,74246,12790,34644,-11126
07-30-2020,114481,1708,3925,42,77118,1999,33438,-333,74246,0,36310,1666
07-31-2020,116280,1799,3949,24,79101,1983,33230,-208,74246,0,38085,1775
08-01-2020,116280,0,3949,0,79138,37,33193,-37,74246,0,38085,0
08-02-2020,119747,3467,4007,58,81895,2757,33845,652,74246,0,41494,3409
08-03-2020,120846,1099,4024,17,84636,2741,32186,-1659,74246,0,42576,1082
08-04-2020,124461,3615,4051,27,86317,1681,34093,1907,74246,0,46164,3588
08-05-2020,125943,1482,4096,45,89083,2766,32764,-1329,89083,14837,32764,-13400
08-06-2020,127246,1303,4146,50,90940,1857,32160,-604,89083,0,34017,1253
08-07-2020,128746,1500,4207,61,93005,2065,31534,-626,89083,0,35456,1439
08-08-2020,128746,0,4207,0,93308,303,31231,-303,89083,0,35456,0
08-09-2020,131399,2653,4263,56,96620,3312,30516,-715,89083,0,38053,2597
08-10-2020,131961,562,4287,24,98775,2155,28899,-1617,89083,0,38591,538
08-11-2020,133125,1164,4313,26,100018,1243,28794,-105,89083,0,39729,1138
08-12-2020,134304,1179,4361,48,103512,3494,26431,-2363,103512,14429,26431,-13298
08-13-2020,135439,1135,4402,41,103512,0,27525,1094,103512,0,27525,1094
08-14-2020,136737,1298,4430,28,105323,1811,26984,-541,103512,0,28795,1270
08-15-2020,136737,0,4430,0,105323,0,26984,0,103512,0,28795,0
08-16-2020,137918,1181,4507,77,108588,3265,24823,-2161,103512,0,29899,1104
08-17-2020,138485,567,4526,19,109960,1372,23999,-824,103512,0,30447,548
08-18-2020,139125,640,4554,28,113194,3234,21377,-2622,103512,0,31059,612
08-19-2020,139903,778,4609,55,118120,4926,17174,-4203,118120,14608,17174,-13885
08-20-2020,140821,918,4637,28,118120,0,18064,890,118120,0,18064,890
08-21-2020,141720,899,4687,50,118120,0,18913,849,118120,0,18913,849
08-22-2020,141720,0,4687,0,118120,0,18913,0,118120,0,18913,0
08-23-2020,142943,1223,4746,59,120653,2533,17544,-1369,118120,0,20077,1164
08-24-2020,143566,623,4764,18,121504,851,17298,-246,118120,0,20682,605
08-25-2020,143566,0,4764,0,122714,1210,16088,-1210,118120,0,20682,0
