date,Confirmed,newConfirmed,Deaths,newDeaths,Est.Recovered,newEst.Recovered,Est.Active,newEst.Active,Recovered,newRecovered,Active,newActive
03-04-2020,1,1,0,0,0,0,1,1,0,0,1,1
03-05-2020,2,1,0,0,0,0,2,1,0,0,2,1
03-06-2020,4,2,0,0,0,0,4,2,0,0,4,2
03-07-2020,4,0,0,0,0,0,4,0,0,0,4,0
03-08-2020,6,2,0,0,0,0,6,2,0,0,6,2
03-09-2020,11,5,0,0,0,0,11,5,0,0,11,5
03-10-2020,15,4,1,1,0,0,14,3,0,0,14,3
03-11-2020,23,8,1,0,0,0,22,8,0,0,22,8
03-12-2020,31,8,1,0,0,0,30,8,0,0,30,8
03-13-2020,50,19,1,0,0,0,49,19,0,0,49,19
03-14-2020,70,20,2,1,0,0,68,19,0,0,68,19
03-15-2020,109,39,2,0,0,0,107,39,0,0,107,39
03-16-2020,179,70,3,1,1,1,175,68,1,1,175,68
03-17-2020,267,88,3,0,1,0,263,88,1,0,263,88
03-18-2020,427,160,5,2,1,0,421,158,1,0,421,158
03-19-2020,742,315,9,4,1,0,732,311,1,0,732,311
03-20-2020,890,148,11,2,1,0,878,146,1,0,878,146
03-21-2020,1327,437,16,5,0,-1,1311,433,0,-1,1311,433
03-22-2020,1914,587,21,5,0,0,1893,582,0,0,1893,582
03-23-2020,2844,930,27,6,0,0,2817,924,0,0,2817,924
03-24-2020,3675,831,44,17,0,0,3631,814,0,0,3631,814
03-25-2020,4407,732,62,18,0,0,4345,714,0,0,4345,714
03-26-2020,6876,2469,81,19,0,0,6795,2450,0,0,6795,2450
03-27-2020,8825,1949,108,27,0,0,8717,1922,0,0,8717,1922
03-28-2020,11124,2299,140,32,0,0,10984,2267,0,0,10984,2267
03-29-2020,13386,2262,161,21,0,0,13225,2241,0,0,13225,2241
03-30-2020,16636,3250,198,37,0,0,16438,3213,0,0,16438,3213
03-31-2020,18997,2361,267,69,0,0,18730,2292,0,0,18730,2292
04-01-2020,22255,3258,355,88,0,0,21900,3170,0,0,21900,3170
04-02-2020,25590,3335,537,182,64,64,24989,3089,0,0,25053,3153
04-03-2020,29895,4305,646,109,75,11,29174,4185,0,0,29249,4196
04-04-2020,34124,4229,846,200,229,154,33049,3875,0,0,33278,4029
04-05-2020,37505,3381,917,71,634,405,35954,2905,0,0,36588,3310
04-06-2020,41090,3585,1003,86,1302,668,38785,2831,0,0,40087,3499
04-07-2020,44416,3326,1232,229,1746,444,41438,2653,51,51,43133,3046
04-08-2020,47437,3021,1504,272,2068,322,43865,2427,51,0,45882,2749
04-09-2020,51027,3590,1709,205,3864,1796,45454,1589,51,0,49267,3385
04-10-2020,54588,3561,1932,223,5223,1359,47433,1979,51,0,52605,3338
04-11-2020,58151,3563,2183,251,6837,1614,49131,1698,355,304,55613,3008
04-12-2020,61850,3699,2350,167,8507,1670,50993,1862,355,0,59145,3532
04-13-2020,64584,2734,2443,93,11057,2550,51084,91,355,0,61786,2641
04-14-2020,68824,4240,2805,362,12619,1562,53400,2316,394,39,65625,3839
04-15-2020,71030,2206,3156,351,14930,2311,52944,-456,470,76,67404,1779
04-16-2020,75317,4287,3518,362,17313,2383,54486,1542,470,0,71329,3925
04-17-2020,78467,3150,3840,322,20499,3186,54128,-358,470,0,74157,2828
04-18-2020,81599,3132,4249,409,23577,3078,53773,-355,498,28,76852,2695
04-19-2020,85301,3702,4362,113,26285,2708,54654,881,730,232,80209,3357
04-20-2020,88806,3505,4520,158,29161,2876,55125,471,730,0,83556,3347
04-21-2020,92387,3581,4753,233,31739,2578,55895,770,730,0,86904,3348
04-22-2020,95914,3527,5150,397,33892,2153,56872,977,730,0,90034,3130
04-23-2020,100025,4111,5426,276,36870,2978,57729,857,730,0,93869,3835
04-24-2020,102196,2171,5683,257,39771,2901,56742,-987,730,0,95783,1914
04-25-2020,105523,3327,5938,255,42725,2954,56860,118,730,0,98855,3072
04-26-2020,109038,3515,5938,0,46039,3314,57061,201,730,0,102370,3515
04-27-2020,111188,2150,6044,106,48607,2568,56537,-524,730,0,104414,2044
04-28-2020,113856,2668,6442,398,51978,3371,55436,-1101,730,0,106684,2270
04-29-2020,116365,2509,6771,329,53900,1922,55694,258,730,0,108864,2180
04-30-2020,118652,2287,7228,457,57398,3498,54026,-1668,730,0,110694,1830
05-01-2020,121190,2538,7538,310,60250,2852,53402,-624,730,0,112922,2228
05-02-2020,123717,2527,7742,204,63196,2946,52779,-623,730,0,115245,2323
05-03-2020,126744,3027,7871,129,66569,3373,52304,-475,730,0,118143,2898
05-04-2020,128269,1525,7910,39,69917,3348,50442,-1862,730,0,119629,1486
05-05-2020,130593,2324,8244,334,72991,3074,49358,-1084,730,0,121619,1990
05-06-2020,131890,1297,8549,305,76002,3011,47339,-2019,730,0,122611,992
05-07-2020,133991,2101,8807,258,79700,3698,45484,-1855,730,0,124454,1843
05-08-2020,135840,1849,8960,153,81902,2202,44978,-506,730,0,126150,1696
05-09-2020,137397,1557,9116,156,85054,3152,43227,-1751,730,0,127551,1401
05-10-2020,138754,1357,9256,140,88393,3339,41105,-2122,3214,2484,126284,-1267
05-11-2020,140206,1452,9340,84,90595,2202,40271,-834,3214,0,127652,1368
05-12-2020,140917,711,9531,191,93277,2682,38109,-2162,3228,14,128158,506
05-13-2020,141560,643,9714,183,95598,2321,36248,-1861,3231,3,128615,457
05-14-2020,142704,1144,9946,232,97986,2388,34772,-1476,3237,6,129521,906
05-15-2020,143984,1280,10148,202,100496,2510,33340,-1432,3274,37,130562,1041
05-16-2020,145089,1105,10261,113,103079,2583,31749,-1591,3295,21,131533,971
05-17-2020,146504,1415,10363,102,106117,3038,30024,-1725,3722,427,132419,886
05-18-2020,148240,1736,10439,76,107946,1829,29855,-169,3722,0,134079,1660
05-19-2020,149356,1116,10587,148,110348,2402,28421,-1434,3722,0,135047,968
05-20-2020,150776,1420,10749,162,111881,1533,28146,-275,3736,14,136291,1244
05-21-2020,151586,810,10846,97,114241,2360,26499,-1647,3736,0,137004,713
05-22-2020,152579,993,10985,139,116082,1841,25512,-987,3736,0,137858,854
05-23-2020,153140,561,11082,97,117890,1808,24168,-1344,3770,34,138288,430
05-24-2020,154154,1014,11138,56,119610,1720,23406,-762,3770,0,139246,958
05-25-2020,155092,938,11147,9,121215,1605,22730,-676,3770,0,140175,929
05-26-2020,155764,672,11194,47,122329,1114,22241,-489,3770,0,140800,625
05-27-2020,156628,864,11339,145,123167,838,22122,-119,3770,0,141519,719
05-28-2020,157185,557,11409,70,124558,1391,21218,-904,3781,11,141995,476
05-29-2020,158844,1659,11531,122,125985,1427,21328,110,3781,0,143532,1537
05-30-2020,159608,764,11634,103,127288,1303,20686,-642,3781,0,144193,661
05-31-2020,160445,837,11698,64,128979,1691,19768,-918,3781,0,144966,773
06-01-2020,160918,473,11723,25,130749,1770,18446,-1322,3781,0,145414,448
06-02-2020,161545,627,11771,48,132109,1360,17665,-781,3822,41,145952,538
06-03-2020,162068,523,11880,109,133508,1399,16680,-985,3822,0,146366,414
06-04-2020,162530,462,11970,90,134574,1066,15986,-694,3822,0,146738,372
06-05-2020,163336,806,12049,79,135667,1093,15620,-366,3847,25,147440,702
06-06-2020,163893,557,12106,57,136449,782,15338,-282,3853,6,147934,494
06-07-2020,164164,271,12176,70,137566,1117,14422,-916,3853,0,148135,201
06-08-2020,164497,333,12214,38,138598,1032,13685,-737,3856,3,148427,292
06-09-2020,164796,299,12303,89,139287,689,13206,-479,3856,0,148637,210
06-10-2020,165346,550,12377,74,140128,841,12841,-365,3867,11,149102,465
06-11-2020,165816,470,12443,66,140788,660,12585,-256,3867,0,149506,404
06-12-2020,166164,348,12489,46,142391,1603,11284,-1301,3867,0,149808,302
06-13-2020,166605,441,12621,132,143159,768,10825,-459,3879,12,150105,297
06-14-2020,166881,276,12659,38,144149,990,10073,-752,3879,0,150343,238
06-15-2020,167103,222,12708,49,144802,653,9593,-480,3879,0,150516,173
06-16-2020,167426,323,12792,84,145498,696,9136,-457,3879,0,150755,239
06-17-2020,167703,277,12835,43,146143,645,8725,-411,3887,8,150981,226
06-18-2020,168107,404,12869,34,146701,558,8537,-188,3893,6,151345,364
06-19-2020,168496,389,12902,33,147553,852,8041,-496,3897,4,151697,352
06-20-2020,168834,338,12924,22,148138,585,7772,-269,3903,6,152007,310
06-21-2020,169142,308,12939,15,148553,415,7650,-122,3906,3,152297,290
06-22-2020,169415,273,12974,35,148991,438,7450,-200,3906,0,152535,238
06-23-2020,169734,319,13025,51,149312,321,7397,-53,3906,0,152803,268
06-24-2020,169892,158,13076,51,149860,548,6956,-441,3908,2,152908,105
06-25-2020,170196,304,14946,1870,148506,-1354,6744,-212,3908,0,151342,-1566
06-26-2020,170584,388,14996,50,149034,528,6554,-190,3915,7,151673,331
06-27-2020,170873,289,15029,33,149520,486,6324,-230,3915,0,151929,256
06-28-2020,171182,309,15054,25,149907,387,6221,-103,3915,0,152213,284
06-29-2020,171272,90,15072,18,150221,314,5979,-242,3915,0,152285,72
06-30-2020,171667,395,15122,50,150577,356,5968,-11,3915,0,152630,345
07-01-2020,171928,261,15158,36,150909,332,5861,-107,3922,7,152848,218
07-02-2020,172356,428,15190,32,151310,401,5856,-5,3922,0,153244,396
07-03-2020,172742,386,15248,58,151729,419,5765,-91,3930,8,153564,320
07-04-2020,173033,291,15274,26,152083,354,5676,-89,3930,0,153829,265
07-05-2020,173402,369,15296,22,152399,316,5707,31,3930,0,154176,347
07-06-2020,173611,209,15316,20,152694,295,5601,-106,3930,0,154365,189
07-07-2020,173878,267,15365,49,152979,285,5534,-67,3932,2,154581,216
07-08-2020,174039,161,15511,146,153081,102,5447,-87,3947,15,154581,0
07-09-2020,174270,231,15542,31,153390,309,5338,-109,3947,0,154781,200
07-10-2020,174628,358,15569,27,153809,419,5250,-88,3951,4,155108,327
07-11-2020,174959,331,15617,48,154095,286,5247,-3,3951,0,155391,283
07-12-2020,175298,339,15620,3,154423,328,5255,8,3951,0,155727,336
07-13-2020,175522,224,15652,32,154518,95,5352,97,3951,0,155919,192
07-14-2020,175915,393,15672,20,154895,377,5348,-4,3953,2,156290,371
07-15-2020,176278,363,15696,24,155147,252,5435,87,3963,10,156619,329
07-16-2020,176501,223,15755,59,155514,367,5232,-203,3966,3,156780,161
07-17-2020,176574,73,15776,21,155901,387,4897,-335,3969,3,156829,49
07-18-2020,176814,240,15790,14,156198,297,4826,-71,3969,0,157055,226
07-19-2020,176783,-31,15789,-1,156554,356,4440,-386,3969,0,157025,-30
07-20-2020,176963,180,15806,17,156761,207,4396,-44,3969,0,157188,163
07-21-2020,177256,293,15826,20,157017,256,4413,17,3973,4,157457,269
07-22-2020,177645,389,15796,-30,157227,210,4622,209,3980,7,157869,412
07-23-2020,177887,242,15816,20,157460,233,4611,-11,3980,0,158091,222
07-24-2020,178345,458,15850,34,157788,328,4707,96,3991,11,158504,413
07-25-2020,178858,513,15858,8,158111,323,4889,182,3993,2,159007,503
07-26-2020,179363,505,15879,21,158421,310,5063,174,3993,0,159491,484
07-27-2020,179812,449,15896,17,158610,189,5306,243,3993,0,159923,432
07-28-2020,180295,483,15914,18,158981,371,5400,94,3998,5,160383,460
07-29-2020,180766,471,15886,-28,159354,373,5526,126,4007,9,160873,490
07-30-2020,180970,204,15898,12,159603,249,5469,-57,4007,0,161065,192
07-31-2020,181660,690,15905,7,159728,125,6027,558,4018,11,161737,672
08-01-2020,182029,369,15915,10,159970,242,6144,117,4018,0,162096,359
08-02-2020,182350,321,15921,6,160006,36,6423,279,4018,0,162411,315
08-03-2020,182614,264,15929,8,160187,181,6498,75,4018,0,162667,256
08-04-2020,183331,717,15939,10,160467,280,6925,427,4018,0,163374,707
08-05-2020,183327,-4,15922,-17,160830,363,6575,-350,4030,12,163375,1
08-06-2020,183701,374,15932,10,161064,234,6705,130,4030,0,163739,364
08-07-2020,184061,360,15932,0,161504,440,6625,-80,4047,17,164082,343
08-08-2020,184429,368,15932,0,161980,476,6517,-108,4047,0,164450,368
08-09-2020,184742,313,15954,22,162430,450,6358,-159,4047,0,164741,291
08-10-2020,185031,289,15964,10,162820,390,6247,-111,4047,0,165020,279
08-11-2020,185475,444,15977,13,163273,453,6225,-22,4060,13,165438,418
08-12-2020,185938,463,15972,-5,163723,450,6243,18,4060,0,165906,468
08-13-2020,186594,656,15977,5,163936,213,6681,438,4060,0,166557,651
08-14-2020,187164,570,15988,11,164514,578,6662,-19,4070,10,167106,549
08-15-2020,187442,278,15994,6,164855,341,6593,-69,4070,0,167378,272
08-16-2020,187455,13,15996,2,165127,272,6332,-261,4070,0,167389,11
08-17-2020,187855,400,16028,32,165344,217,6483,151,4074,4,167753,364
08-18-2020,188192,337,16036,8,165971,627,6185,-298,4074,0,168082,329
08-19-2020,188553,361,16048,12,166019,48,6486,301,4085,11,168420,338
08-20-2020,188692,139,16044,-4,166371,352,6277,-209,4091,6,168557,137
08-21-2020,188957,265,16053,9,166736,365,6168,-109,4091,0,168813,256
08-22-2020,189354,397,16054,1,167121,385,6179,11,4091,0,169209,396
08-23-2020,189586,232,16057,3,167459,338,6070,-109,4091,0,169438,229
08-24-2020,189891,305,16055,-2,167769,310,6067,-3,4092,1,169744,306
08-25-2020,189891,0,16055,0,168216,447,5620,-447,4092,0,169744,0
