date,Confirmed,newConfirmed,Deaths,newDeaths,Est.Recovered,newEst.Recovered,Est.Active,newEst.Active,Recovered,newRecovered,Active,newActive
03-04-2020,1,1,0,0,0,0,1,1,0,0,1,1
03-05-2020,3,2,0,0,0,0,3,2,0,0,3,2
03-06-2020,9,6,0,0,0,0,9,6,0,0,9,6
03-07-2020,9,0,0,0,0,0,9,0,0,0,9,0
03-08-2020,12,3,0,0,0,0,12,3,0,0,12,3
03-09-2020,13,1,0,0,0,0,13,1,0,0,13,1
03-10-2020,17,4,0,0,0,0,17,4,0,0,17,4
03-11-2020,22,5,0,0,0,0,22,5,0,0,22,5
03-12-2020,32,10,0,0,0,0,32,10,0,0,32,10
03-13-2020,49,17,0,0,0,0,49,17,0,0,49,17
03-14-2020,63,14,0,0,0,0,63,14,0,0,63,14
03-15-2020,76,13,0,0,0,0,76,13,0,0,76,13
03-16-2020,95,19,1,1,0,0,94,18,0,0,94,18
03-17-2020,132,37,2,1,0,0,130,36,0,0,130,36
03-18-2020,223,91,3,1,0,0,220,90,0,0,220,90
03-19-2020,321,98,5,2,0,0,316,96,0,0,316,96
03-20-2020,429,108,5,0,2,2,422,106,0,0,424,108
03-21-2020,557,128,5,0,2,0,550,128,0,0,552,128
03-22-2020,668,111,8,3,1,-1,659,109,0,0,660,108
03-23-2020,803,135,9,1,1,0,793,134,0,0,794,134
03-24-2020,1027,224,13,4,0,-1,1014,221,0,0,1014,220
03-25-2020,1347,320,17,4,0,0,1330,316,0,0,1330,316
03-26-2020,1658,311,24,7,1,1,1633,303,0,0,1634,304
03-27-2020,2009,351,26,2,13,12,1970,337,0,0,1983,349
03-28-2020,2535,526,34,8,17,4,2484,514,0,0,2501,518
03-29-2020,2826,291,37,3,24,7,2765,281,0,0,2789,288
03-30-2020,3346,520,48,11,28,4,3270,505,0,0,3298,509
03-31-2020,3925,579,58,10,48,20,3819,549,0,0,3867,569
04-01-2020,4607,682,68,10,112,64,4427,608,0,0,4539,672
04-02-2020,5253,646,86,18,174,62,4993,566,0,0,5167,628
04-03-2020,6030,777,104,18,244,70,5682,689,0,0,5926,759
04-04-2020,6872,842,122,18,330,86,6420,738,0,0,6750,824
04-05-2020,7294,422,140,18,402,72,6752,332,0,0,7154,404
04-06-2020,8157,863,153,13,499,97,7505,753,0,0,8004,850
04-07-2020,9204,1047,176,23,976,477,8052,547,976,976,8052,48
04-08-2020,10077,873,193,17,1194,218,8690,638,1194,218,8690,638
04-09-2020,11483,1406,223,30,1365,171,9895,1205,1365,171,9895,1205
04-10-2020,12397,914,248,25,1709,344,10440,545,1709,344,10440,545
04-11-2020,13354,957,273,25,1888,179,11193,753,1888,179,11193,753
04-12-2020,13886,532,296,23,2068,180,11522,329,2068,180,11522,329
04-13-2020,14505,619,317,21,2406,338,11782,260,2404,336,11784,262
04-14-2020,15343,838,362,45,2835,429,12146,364,2677,273,12304,520
04-15-2020,16289,946,391,29,3371,536,12527,381,3150,473,12748,444
04-16-2020,17263,974,429,38,3871,500,12963,436,3677,527,13157,409
04-17-2020,18078,815,459,30,4485,614,13134,171,4202,525,13417,260
04-18-2020,18905,827,483,24,5161,676,13261,127,4806,604,13616,199
04-19-2020,19410,505,500,17,5534,373,13376,115,5534,728,13376,-240
04-20-2020,20087,677,520,20,6200,666,13367,-9,5707,173,13860,484
04-21-2020,20975,888,545,25,7054,854,13376,9,6444,737,13986,126
04-22-2020,21774,799,569,24,7783,729,13422,46,7359,915,13846,-140
04-23-2020,22650,876,604,35,8930,1147,13116,-306,8025,666,14021,175
04-24-2020,23642,992,624,20,9701,771,13317,201,9216,1191,13802,-219
04-25-2020,24157,515,638,14,10536,835,12983,-334,9218,2,14301,499
04-26-2020,24968,811,651,13,10996,460,13321,338,9227,9,15090,789
04-27-2020,25321,353,666,15,11556,560,13099,-222,9227,0,15428,338
04-28-2020,26357,1036,719,53,12264,708,13374,275,9685,458,15953,525
04-29-2020,27390,1033,759,40,13091,827,13540,166,12745,3060,13886,-2067
04-30-2020,28728,1338,812,53,13922,831,13994,454,13460,715,14456,570
05-01-2020,29937,1209,841,29,14667,745,14429,435,13840,380,15256,800
05-02-2020,31140,1203,865,24,15437,770,14838,409,14129,289,16146,890
05-03-2020,31998,858,878,13,15898,461,15222,384,14223,94,16897,751
05-04-2020,32812,814,902,24,16550,652,15360,138,14316,93,17594,697
05-05-2020,33912,1100,925,23,17404,854,15583,223,14405,89,18582,988
05-06-2020,34928,1016,954,29,18161,757,15813,230,14548,143,19426,844
05-07-2020,36047,1119,985,31,19052,891,16010,197,14866,318,20196,770
05-08-2020,37246,1199,1025,40,19961,909,16260,250,15037,171,21184,988
05-09-2020,38394,1148,1066,41,20497,536,16831,571,20175,5138,17153,-4031
05-10-2020,39258,864,1094,28,21215,718,16949,118,21022,847,17142,-11
05-11-2020,40590,1332,1118,24,21713,498,17759,810,21713,691,17759,617
05-12-2020,41733,1143,1151,33,22699,986,17883,124,22699,986,17883,124
05-13-2020,43020,1287,1172,21,23541,842,18307,424,23541,842,18307,424
05-14-2020,44485,1465,1235,63,24714,1173,18536,229,24600,1059,18650,343
05-15-2020,45865,1380,1284,49,25797,1083,18784,248,25511,911,19070,420
05-16-2020,47452,1587,1318,34,26895,1098,19239,455,26252,741,19882,812
05-17-2020,48396,944,1343,25,27933,1038,19120,-119,27933,1681,19120,-762
05-18-2020,49215,819,1352,9,28445,512,19418,298,28385,452,19478,358
05-19-2020,50552,1337,1388,36,29477,1032,19687,269,29372,987,19792,314
05-20-2020,51673,1121,1426,38,30417,940,19830,143,30341,969,19906,114
05-21-2020,53053,1380,1460,34,31483,1066,20110,280,31223,882,20370,464
05-22-2020,53539,486,1470,10,32628,1145,19441,-669,32277,1054,19792,-578
05-23-2020,54776,1237,1478,8,33670,1042,19628,187,33385,1108,19913,121
05-24-2020,55885,1109,1528,50,34460,790,19897,269,33385,0,20972,1059
05-25-2020,56409,524,1533,5,35615,1155,19261,-636,35292,1907,19584,-1388
05-26-2020,57230,821,1546,13,36714,1099,18970,-291,36375,1083,19309,-275
05-27-2020,58542,1312,1581,35,37914,1200,19047,77,37626,1251,19335,26
05-28-2020,60416,1874,1611,30,39306,1392,19499,452,38913,1287,19892,557
05-29-2020,61630,1214,1635,24,40610,1304,19385,-114,40068,1155,19927,35
05-30-2020,62894,1264,1657,22,42083,1473,19154,-231,41651,1583,19586,-341
05-31-2020,64652,1758,1675,18,42975,892,20002,848,42423,772,20554,968
06-01-2020,65593,941,1683,8,43779,804,20131,129,43338,915,20572,18
06-02-2020,67310,1717,1716,33,45027,1248,20567,436,44517,1179,21077,505
06-03-2020,68877,1567,1744,28,46089,1062,21044,477,45858,1341,21275,198
06-04-2020,70555,1678,1776,32,47376,1287,21403,359,46799,941,21980,705
06-05-2020,72548,1993,1812,36,47951,575,22785,1382,47865,1066,22871,891
06-06-2020,74470,1922,1833,21,49118,1167,23519,734,48895,1030,23742,871
06-07-2020,75408,938,1841,8,50170,1052,23397,-122,49758,863,23809,67
06-08-2020,76463,1055,1848,7,50791,621,23824,427,50439,681,24176,367
06-09-2020,78130,1667,1867,19,51649,858,24614,790,51140,701,25123,947
06-10-2020,80611,2481,1900,33,52911,1262,25800,1186,52520,1380,26191,1068
06-11-2020,82658,2047,1930,30,54671,1760,26057,257,54096,1576,26632,441
06-12-2020,84927,2269,1956,26,55882,1211,27089,1032,55327,1231,27644,1012
06-13-2020,86915,1988,1971,15,57173,1291,27771,682,56535,1208,28409,765
06-14-2020,88523,1608,1984,13,58759,1586,27780,9,58341,1806,28198,-211
06-15-2020,90211,1688,2001,17,59660,901,28550,770,59111,770,29099,901
06-16-2020,93569,3358,2049,48,61244,1584,30276,1726,60681,1570,30839,1740
06-17-2020,96552,2983,2075,26,62695,1451,31782,1506,62076,1395,32401,1562
06-18-2020,101259,4707,2129,54,64250,1555,34880,3098,63812,1736,35318,2917
06-19-2020,105488,4229,2159,30,65962,1712,37367,2487,65329,1517,38000,2682
06-20-2020,109581,4093,2183,24,67726,1764,39672,2305,67096,1767,40302,2302
06-21-2020,112944,3363,2191,8,68676,950,42077,2405,68499,1403,42254,1952
06-22-2020,117790,4846,2207,16,69654,978,45929,3852,69174,675,46409,4155
06-23-2020,122932,5142,2236,29,71148,1494,49548,3619,70714,1540,49982,3573
06-24-2020,128132,5200,2270,34,73371,2223,52491,2943,72954,2240,52908,2926
06-25-2020,134464,6332,2317,47,75318,1947,56829,4338,74496,1542,57651,4743
06-26-2020,140170,5706,2354,37,77358,2040,60458,3629,76282,1786,61534,3883
06-27-2020,145894,5724,2388,34,79190,1832,64316,3858,78248,1966,65258,3724
06-28-2020,150152,4258,2402,14,80772,1582,66978,2662,79974,1726,67776,2518
06-29-2020,155965,5813,2416,14,82298,1526,71251,4273,81356,1382,72193,4417
06-30-2020,163060,7095,2455,39,85286,2988,75319,4068,85010,3654,75595,3402
07-01-2020,172368,9308,2503,48,89101,3815,80764,5445,89101,4091,80764,5169
07-02-2020,179137,6769,2542,39,92008,2907,84587,3823,90733,1632,85862,5098
07-03-2020,185591,6454,2592,50,95686,3678,87313,2726,93596,2863,89403,3541
07-04-2020,192153,6562,2607,15,99318,3632,90228,2915,97430,3834,92116,2713
07-05-2020,194932,2779,2628,21,102208,2890,90096,-132,100843,3413,91461,-655
07-06-2020,205642,10710,2677,49,106258,4050,96707,6611,103782,2939,99183,7722
07-07-2020,216040,10398,2779,102,110595,4337,102666,5959,108485,4703,104776,5593
07-08-2020,224929,8889,2875,96,115124,4529,106930,4264,113393,4908,108661,3885
07-09-2020,236541,11612,3006,131,120502,5378,113033,6103,118348,4955,115187,6526
07-10-2020,245920,9379,3071,65,125437,4935,117412,4379,124651,6303,118198,3011
07-11-2020,254415,8495,3138,67,130348,4911,120929,3517,127880,3229,123397,5199
07-12-2020,262762,8347,3216,78,134032,3684,125514,4585,132631,4751,126915,3518
07-13-2020,269778,7016,3276,60,138964,4932,127538,2024,138160,5529,128342,1427
07-14-2020,279577,9799,3362,86,145181,6217,131034,3496,142407,4247,133808,5466
07-15-2020,289837,10260,3498,136,153081,7900,133258,2224,149524,7117,136815,3007
07-16-2020,305854,16017,3657,159,159147,6066,143050,9792,155937,6413,146260,9445
07-17-2020,317768,11914,3820,163,164904,5757,149044,5994,164700,8763,149248,2988
07-18-2020,327106,9338,3939,119,170769,5865,152398,3354,170411,5711,152756,3508
07-19-2020,335257,8151,4012,73,173465,2696,157780,5382,173221,2810,158024,5268
07-20-2020,343783,8526,4106,94,182777,9312,156900,-880,178935,5714,160742,2718
07-21-2020,351113,7330,4213,107,191896,9119,155004,-1896,186529,7594,160371,-371
07-22-2020,363709,12596,4453,240,199708,7812,159548,4544,195315,8786,163941,3570
07-23-2020,372086,8377,4621,168,209935,10227,157530,-2018,203826,8511,163639,-302
07-24-2020,380554,8468,4804,183,218261,8326,157489,-41,213247,9421,162503,-1136
07-25-2020,390286,9732,4990,186,225857,7596,159439,1950,222325,9078,162971,468
07-26-2020,394477,4191,5077,87,233207,7350,156193,-3246,229107,6782,160293,-2678
07-27-2020,400336,5859,5713,636,239152,5945,155471,-722,230181,1074,164442,4149
07-28-2020,410039,9703,5913,200,248051,8899,156075,604,244449,14268,159677,-4765
07-29-2020,418995,8956,6193,280,257534,9483,155268,-807,252064,7615,160738,1061
07-30-2020,428229,9234,6293,100,271590,14056,150346,-4922,260542,8478,161394,656
07-31-2020,438044,9815,6575,282,282074,10484,149395,-951,273976,13434,157493,-3901
08-01-2020,444738,6694,6837,262,290499,8425,147402,-1993,282604,8628,155297,-2196
08-02-2020,448492,3754,6890,53,297605,7106,143997,-3405,285967,3363,155635,338
08-03-2020,456624,8132,7016,126,306127,8522,143481,-516,297422,11455,152186,-3449
08-04-2020,465456,8832,7261,245,313532,7405,144663,1182,306262,8840,151933,-253
08-05-2020,474427,8971,7497,236,325003,11471,141927,-2736,315652,9390,151278,-655
08-06-2020,481323,6896,7814,317,333414,8411,140095,-1832,323804,8152,149705,-1573
08-07-2020,489680,8357,8096,282,341590,8176,139994,-101,331668,7864,149916,211
08-08-2020,496695,7015,8343,247,350701,9111,137651,-2343,338343,6675,150009,93
08-09-2020,501784,5089,8459,116,355361,4660,137964,313,344845,6502,148480,-1529
08-10-2020,507741,5957,8490,31,361349,5988,137902,-62,349833,4988,149418,938
08-11-2020,516365,8624,8710,220,370715,9366,136940,-962,358312,8479,149343,-75
08-12-2020,522013,5648,9043,333,379538,8823,133432,-3508,367354,9042,145616,-3727
08-13-2020,528234,6221,9270,227,389371,9833,129593,-3839,373329,5975,145635,19
08-14-2020,535204,6970,9519,249,399063,9692,126622,-2971,380081,6752,145604,-31
08-15-2020,542945,7741,9726,207,405914,6851,127305,683,396519,16438,136700,-8904
08-16-2020,554892,11947,9897,171,410064,4150,134931,7626,399444,2925,145551,8851
08-17-2020,559565,4673,9952,55,418325,8261,131288,-3643,404700,5256,144913,-638
08-18-2020,565766,6201,10129,177,426848,8523,128789,-2499,411419,6719,144218,-695
08-19-2020,572587,6821,10394,265,436057,9209,126136,-2653,419715,8296,142478,-1740
08-20-2020,577783,5196,10760,366,443030,6973,123993,-2143,432841,13126,134182,-8296
08-21-2020,583934,6151,11051,291,451163,8133,121720,-2273,438825,5984,134058,-124
08-22-2020,589782,5848,11254,203,458429,7266,120099,-1621,445524,6699,133004,-1054
08-23-2020,592902,3120,11356,102,463453,5024,118093,-2006,450374,4850,131172,-1832
08-24-2020,596038,3136,11395,39,469411,5958,115232,-2861,457182,6808,127461,-3711
08-25-2020,596038,0,11395,0,478244,8833,106399,-8833,457182,0,127461,0
