date,Confirmed,newConfirmed,Deaths,newDeaths,Est.Recovered,newEst.Recovered,Est.Active,newEst.Active,Recovered,newRecovered,Active,newActive
03-18-2020,2,2,0,0,0,0,2,2,-1,-1,-1,-1
03-19-2020,2,0,0,0,0,0,2,0,-1,-1,-1,-1
03-20-2020,2,0,0,0,0,0,2,0,-1,-1,-1,-1
03-21-2020,2,0,0,0,0,0,2,0,-1,-1,-1,-1
03-22-2020,2,0,0,0,0,0,2,0,-1,-1,-1,-1
03-23-2020,3,1,0,0,0,0,3,1,-1,-1,-1,-1
03-24-2020,3,0,0,0,0,0,3,0,-1,-1,-1,-1
03-25-2020,3,0,0,0,0,0,3,0,-1,-1,-1,-1
03-26-2020,3,0,0,0,0,0,3,0,-1,-1,-1,-1
03-27-2020,13,10,0,0,0,0,13,10,-1,-1,-1,-1
03-28-2020,13,0,0,0,0,0,13,0,-1,-1,-1,-1
03-29-2020,16,3,0,0,0,0,16,3,-1,-1,-1,-1
03-30-2020,35,19,0,0,0,0,35,19,-1,-1,-1,-1
03-31-2020,35,0,0,0,0,0,35,0,-1,-1,-1,-1
04-01-2020,35,0,0,0,1,1,34,-1,-1,-1,-1,-1
04-02-2020,36,1,0,0,1,0,35,1,-1,-1,-1,-1
04-03-2020,39,3,1,1,0,-1,38,3,-1,-1,-1,-1
04-04-2020,39,0,1,0,0,0,38,0,-1,-1,-1,-1
04-05-2020,39,0,1,0,0,0,38,0,-1,-1,-1,-1
04-06-2020,39,0,1,0,1,1,37,-1,-1,-1,-1,-1
04-07-2020,39,0,1,0,1,0,37,0,-1,-1,-1,-1
04-08-2020,39,0,1,0,1,0,37,0,-1,-1,-1,-1
04-09-2020,39,0,1,0,1,0,37,0,-1,-1,-1,-1
04-10-2020,39,0,1,0,9,8,29,-8,-1,-1,-1,-1
04-11-2020,40,1,2,1,8,-1,30,1,-1,-1,-1,-1
04-12-2020,40,0,2,0,10,2,28,-2,-1,-1,-1,-1
04-13-2020,43,3,2,0,26,16,15,-13,-1,-1,-1,-1
04-14-2020,45,2,2,0,26,0,17,2,-1,-1,-1,-1
04-15-2020,45,0,2,0,26,0,17,0,-1,-1,-1,-1
04-16-2020,48,3,2,0,27,1,19,2,-1,-1,-1,-1
04-17-2020,48,0,2,0,29,2,17,-2,-1,-1,-1,-1
04-18-2020,52,4,2,0,29,0,21,4,-1,-1,-1,-1
04-19-2020,57,5,2,0,29,0,26,5,-1,-1,-1,-1
04-20-2020,61,4,3,1,29,0,29,3,-1,-1,-1,-1
04-21-2020,65,4,3,0,29,0,33,4,-1,-1,-1,-1
04-22-2020,70,5,3,0,29,0,38,5,-1,-1,-1,-1
04-23-2020,74,4,3,0,29,0,42,4,-1,-1,-1,-1
04-24-2020,76,2,3,0,30,1,43,1,-1,-1,-1,-1
04-25-2020,84,8,3,0,31,1,50,7,-1,-1,-1,-1
04-26-2020,84,0,3,0,31,0,50,0,-1,-1,-1,-1
04-27-2020,88,4,3,0,36,5,49,-1,-1,-1,-1,-1
04-28-2020,89,1,3,0,38,2,48,-1,-1,-1,-1,-1
04-29-2020,95,6,3,0,38,0,54,6,-1,-1,-1,-1
04-30-2020,97,2,3,0,41,3,53,-1,-1,-1,-1,-1
05-01-2020,106,9,3,0,41,0,62,9,-1,-1,-1,-1
05-02-2020,109,3,3,0,44,3,62,0,-1,-1,-1,-1
05-03-2020,119,10,3,0,48,4,68,6,-1,-1,-1,-1
05-04-2020,124,5,3,0,52,4,69,1,-1,-1,-1,-1
05-05-2020,137,13,3,0,55,3,79,10,-1,-1,-1,-1
05-06-2020,137,0,4,1,58,3,75,-4,-1,-1,-1,-1
05-07-2020,139,2,4,0,61,3,74,-1,-1,-1,-1,-1
05-08-2020,153,14,4,0,63,2,86,12,-1,-1,-1,-1
05-09-2020,167,14,4,0,70,7,93,7,-1,-1,-1,-1
05-10-2020,252,85,4,0,70,0,178,85,-1,-1,-1,-1
05-11-2020,267,15,7,3,72,2,188,10,-1,-1,-1,-1
05-12-2020,267,0,7,0,73,1,187,-1,-1,-1,-1,-1
05-13-2020,441,174,7,0,78,5,356,169,-1,-1,-1,-1
05-14-2020,446,5,7,0,80,2,359,3,-1,-1,-1,-1
05-15-2020,654,208,7,0,87,7,560,201,-1,-1,-1,-1
05-16-2020,668,14,7,0,90,3,571,11,-1,-1,-1,-1
05-17-2020,679,11,7,0,99,9,573,2,-1,-1,-1,-1
05-18-2020,753,74,7,0,103,4,643,70,-1,-1,-1,-1
05-19-2020,761,8,7,0,115,12,639,-4,-1,-1,-1,-1
05-20-2020,772,11,7,0,115,0,650,11,-1,-1,-1,-1
05-21-2020,832,60,7,0,117,2,708,58,-1,-1,-1,-1
05-22-2020,866,34,7,0,129,12,730,22,-1,-1,-1,-1
05-23-2020,920,54,7,0,142,13,771,41,-1,-1,-1,-1
05-24-2020,920,0,7,0,210,68,703,-68,-1,-1,-1,-1
05-25-2020,920,0,7,0,223,13,690,-13,-1,-1,-1,-1
05-26-2020,920,0,7,0,223,0,690,0,-1,-1,-1,-1
05-27-2020,920,0,7,0,365,142,548,-142,-1,-1,-1,-1
05-28-2020,1057,137,7,0,370,5,680,132,-1,-1,-1,-1
05-29-2020,1057,0,7,0,539,169,511,-169,-1,-1,-1,-1
05-30-2020,1057,0,7,0,551,12,499,-12,-1,-1,-1,-1
05-31-2020,1057,0,7,0,562,11,488,-11,-1,-1,-1,-1
06-01-2020,1057,0,7,0,623,61,427,-61,-1,-1,-1,-1
06-02-2020,1089,32,7,0,631,8,451,24,-1,-1,-1,-1
06-03-2020,1089,0,7,0,641,10,441,-10,-1,-1,-1,-1
06-04-2020,1089,0,7,0,690,49,392,-49,-1,-1,-1,-1
06-05-2020,1111,22,7,0,719,29,385,-7,-1,-1,-1,-1
06-06-2020,1111,0,7,0,765,46,339,-46,-1,-1,-1,-1
06-07-2020,1154,43,7,0,777,12,370,31,-1,-1,-1,-1
06-08-2020,1154,0,7,0,779,2,368,-2,-1,-1,-1,-1
06-09-2020,1200,46,10,3,777,-2,413,45,-1,-1,-1,-1
06-10-2020,1200,0,10,0,912,135,278,-135,912,-1,278,-1
06-11-2020,1252,52,10,0,913,1,329,51,912,0,330,52
06-12-2020,1321,69,10,0,1104,191,207,-122,1104,192,207,-123
06-13-2020,1357,36,10,0,1104,0,243,36,1104,0,243,36
06-14-2020,1357,0,10,0,1104,0,243,0,1104,0,243,0
06-15-2020,1382,25,11,1,1142,38,229,-14,1142,38,229,-14
06-16-2020,1405,23,11,0,1142,0,252,23,1142,0,252,23
06-17-2020,1412,7,11,0,1142,0,259,7,1142,0,259,7
06-18-2020,1416,4,11,0,1144,2,261,2,1144,2,261,2
06-19-2020,1430,14,11,0,1194,50,225,-36,1194,50,225,-36
06-20-2020,1430,0,11,0,1194,0,225,0,1194,0,225,0
06-21-2020,1430,0,11,0,1194,0,225,0,1194,0,225,0
06-22-2020,1430,0,11,0,1194,0,225,0,1194,0,225,0
06-23-2020,1477,47,18,7,1213,19,246,21,1213,19,246,21
06-24-2020,1489,12,18,0,1223,10,248,2,1223,10,248,2
06-25-2020,1497,8,18,0,1223,0,256,8,1223,0,256,8
06-26-2020,1531,34,21,3,1233,10,277,21,1233,10,277,21
06-27-2020,1531,0,21,0,1259,26,251,-26,1233,0,277,0
06-28-2020,1557,26,22,1,1311,52,224,-27,1311,78,224,-53
06-29-2020,1568,11,22,0,1311,0,235,11,1311,0,235,11
06-30-2020,1568,0,22,0,1311,0,235,0,1311,0,235,0
07-01-2020,1632,64,30,8,1348,37,254,19,1348,37,254,19
07-02-2020,1632,0,30,0,1348,0,254,0,1348,0,254,0
07-03-2020,1632,0,30,0,1348,0,254,0,1348,0,254,0
07-04-2020,1632,0,30,0,1348,0,254,0,1348,0,254,0
07-05-2020,1632,0,30,0,1348,0,254,0,1348,0,254,0
07-06-2020,1632,0,30,0,1348,0,254,0,1348,0,254,0
07-07-2020,1632,0,30,0,1380,32,222,-32,1348,0,254,0
07-08-2020,1895,263,42,12,1378,-2,475,253,1348,0,505,251
07-09-2020,1895,0,42,0,1398,20,455,-20,1348,0,505,0
07-10-2020,1895,0,42,0,1435,37,418,-37,1348,0,505,0
07-11-2020,1895,0,42,0,1440,5,413,-5,1348,0,505,0
07-12-2020,1895,0,42,0,1462,22,391,-22,1348,0,505,0
07-13-2020,1895,0,42,0,1474,12,379,-12,1348,0,505,0
07-14-2020,2283,388,82,40,1439,-35,762,383,1348,0,853,348
07-15-2020,2283,0,82,0,1492,53,709,-53,1348,0,853,0
07-16-2020,2283,0,82,0,1492,0,709,0,1348,0,853,0
07-17-2020,2283,0,82,0,1495,3,706,-3,1348,0,853,0
07-18-2020,2980,697,109,27,1468,-27,1403,697,1462,114,1409,556
07-19-2020,2980,0,120,11,1462,-6,1398,-5,1462,0,1398,-11
07-20-2020,2980,0,120,0,1462,0,1398,0,1462,0,1398,0
07-21-2020,3326,346,128,8,1462,0,1736,338,1462,0,1736,338
07-22-2020,3583,257,128,0,1677,215,1778,42,1677,215,1778,42
07-23-2020,3583,0,128,0,1679,2,1776,-2,1677,0,1778,0
07-24-2020,3856,273,136,8,1941,262,1779,3,1941,264,1779,1
07-25-2020,4328,472,139,3,1953,12,2236,457,1953,12,2236,457
07-26-2020,4481,153,139,0,2350,397,1992,-244,2350,397,1992,-244
07-27-2020,4552,71,140,1,2815,465,1597,-395,2815,465,1597,-395
07-28-2020,5002,450,142,2,3195,380,1665,68,3195,380,1665,68
07-29-2020,5249,247,146,4,3285,90,1818,153,3285,90,1818,153
07-30-2020,5555,306,149,3,3289,4,2117,299,3289,4,2117,299
07-31-2020,5963,408,151,2,3803,514,2009,-108,3803,514,2009,-108
08-01-2020,6228,265,165,14,4130,327,1933,-76,4130,327,1933,-76
08-02-2020,6347,119,170,5,4493,363,1684,-249,4493,363,1684,-249
08-03-2020,6580,233,171,1,4701,208,1708,24,4701,208,1708,24
08-04-2020,6793,213,173,2,5109,408,1511,-197,5109,408,1511,-197
08-05-2020,7022,229,176,3,5667,558,1179,-332,5667,558,1179,-332
08-06-2020,7164,142,199,23,5786,119,1179,0,5786,119,1179,0
08-07-2020,7486,322,200,1,6264,478,1022,-157,6264,478,1022,-157
08-08-2020,7903,417,203,3,6431,167,1269,247,6431,167,1269,247
08-09-2020,8085,182,235,32,6698,267,1152,-117,6698,267,1152,-117
08-10-2020,8210,125,241,6,6802,104,1167,15,6802,104,1167,15
08-11-2020,8275,65,241,0,7004,202,1030,-137,7004,202,1030,-137
08-12-2020,8275,0,241,0,7004,0,1030,0,7004,0,1030,0
08-13-2020,8501,226,246,5,7004,0,1251,221,7004,0,1251,221
08-14-2020,8663,162,246,0,7004,0,1413,162,7004,0,1413,162
08-15-2020,9021,358,256,10,7004,0,1761,348,7004,0,1761,348
08-16-2020,9343,322,260,4,8412,1408,671,-1090,8412,1408,671,-1090
08-17-2020,9343,0,260,0,8412,0,671,0,8412,0,671,0
08-18-2020,9981,638,264,4,8776,364,941,270,8776,364,941,270
08-19-2020,9981,0,264,0,8776,0,941,0,8776,0,941,0
08-20-2020,10218,237,269,5,8776,0,1173,232,8776,0,1173,232
08-21-2020,10627,409,277,8,9437,661,913,-260,9437,661,913,-260
08-22-2020,10627,0,277,0,9437,0,913,0,9437,0,913,0
08-23-2020,11082,455,280,3,10062,625,740,-173,10062,625,740,-173
08-24-2020,11082,0,280,0,10062,0,740,0,10062,0,740,0
08-25-2020,11148,66,280,0,10062,0,806,66,10062,0,806,66
