date,Confirmed,newConfirmed,Deaths,newDeaths,Est.Recovered,newEst.Recovered,Est.Active,newEst.Active,Recovered,newRecovered,Active,newActive
03-01-2020,2,2,0,0,0,0,2,2,-1,-1,-1,-1
03-02-2020,9,7,0,0,0,0,9,7,-1,-1,-1,-1
03-03-2020,16,7,0,0,0,0,16,7,-1,-1,-1,-1
03-04-2020,26,10,0,0,0,0,26,10,-1,-1,-1,-1
03-05-2020,26,0,0,0,0,0,26,0,-1,-1,-1,-1
03-06-2020,28,2,0,0,0,0,28,2,-1,-1,-1,-1
03-07-2020,45,17,0,0,0,0,45,17,-1,-1,-1,-1
03-08-2020,55,10,0,0,0,0,55,10,-1,-1,-1,-1
03-09-2020,55,0,0,0,0,0,55,0,-1,-1,-1,-1
03-10-2020,61,6,0,0,0,0,61,6,-1,-1,-1,-1
03-11-2020,61,0,0,0,0,0,61,0,-1,-1,-1,-1
03-12-2020,61,0,0,0,0,0,61,0,-1,-1,-1,-1
03-13-2020,117,56,0,0,0,0,117,56,-1,-1,-1,-1
03-14-2020,138,21,0,0,0,0,138,21,-1,-1,-1,-1
03-15-2020,138,0,0,0,1,1,137,-1,-1,-1,-1,-1
03-16-2020,180,42,0,0,7,6,173,36,-1,-1,-1,-1
03-17-2020,225,45,0,0,12,5,213,40,-1,-1,-1,-1
03-18-2020,250,25,0,0,21,9,229,16,-1,-1,-1,-1
03-19-2020,330,80,0,0,21,0,309,80,-1,-1,-1,-1
03-20-2020,409,79,1,1,21,0,387,78,-1,-1,-1,-1
03-21-2020,473,64,1,0,35,14,437,50,-1,-1,-1,-1
03-22-2020,473,0,1,0,43,8,429,-8,-1,-1,-1,-1
03-23-2020,568,95,1,0,43,0,524,95,-1,-1,-1,-1
03-24-2020,588,20,2,1,47,4,539,15,-1,-1,-1,-1
03-25-2020,648,60,2,0,47,0,599,60,-1,-1,-1,-1
03-26-2020,737,89,2,0,47,0,688,89,-1,-1,-1,-1
03-27-2020,802,65,2,0,92,45,708,20,-1,-1,-1,-1
03-28-2020,890,88,2,0,109,17,779,71,-1,-1,-1,-1
03-29-2020,963,73,2,0,110,1,851,72,-1,-1,-1,-1
03-30-2020,1020,57,2,0,145,35,873,22,-1,-1,-1,-1
03-31-2020,1086,66,2,0,182,37,902,29,-1,-1,-1,-1
04-01-2020,1135,49,2,0,204,22,929,27,-1,-1,-1,-1
04-02-2020,1220,85,2,0,268,64,950,21,-1,-1,-1,-1
04-03-2020,1319,99,4,2,331,63,984,34,-1,-1,-1,-1
04-04-2020,1364,45,4,0,385,54,975,-9,-1,-1,-1,-1
04-05-2020,1417,53,4,0,386,1,1027,52,-1,-1,-1,-1
04-06-2020,1486,69,4,0,463,77,1019,-8,-1,-1,-1,-1
04-07-2020,1562,76,6,2,478,15,1078,59,-1,-1,-1,-1
04-08-2020,1586,24,6,0,527,49,1053,-25,-1,-1,-1,-1
04-09-2020,1616,30,6,0,599,72,1011,-42,-1,-1,-1,-1
04-10-2020,1648,32,6,0,660,61,982,-29,-1,-1,-1,-1
04-11-2020,1675,27,7,1,733,73,935,-47,-1,-1,-1,-1
04-12-2020,1689,14,8,1,791,58,890,-45,-1,-1,-1,-1
04-13-2020,1701,12,8,0,843,52,850,-40,-1,-1,-1,-1
04-14-2020,1711,10,8,0,903,60,800,-50,-1,-1,-1,-1
04-15-2020,1720,9,8,0,947,44,765,-35,-1,-1,-1,-1
04-16-2020,1727,7,8,0,1027,80,692,-73,-1,-1,-1,-1
04-17-2020,1739,12,8,0,1119,92,612,-80,-1,-1,-1,-1
04-18-2020,1754,15,8,0,1165,46,581,-31,-1,-1,-1,-1
04-19-2020,1760,6,9,1,1207,42,544,-37,-1,-1,-1,-1
04-20-2020,1771,11,9,0,1276,69,486,-58,-1,-1,-1,-1
04-21-2020,1773,2,10,1,1340,64,423,-63,-1,-1,-1,-1
04-22-2020,1778,5,10,0,1368,28,400,-23,-1,-1,-1,-1
04-23-2020,1785,7,10,0,1405,37,370,-30,-1,-1,-1,-1
04-24-2020,1789,4,10,0,1443,38,336,-34,-1,-1,-1,-1
04-25-2020,1789,0,10,0,1478,35,301,-35,-1,-1,-1,-1
04-26-2020,1790,1,10,0,1499,21,281,-20,-1,-1,-1,-1
04-27-2020,1792,2,10,0,1519,20,263,-18,-1,-1,-1,-1
04-28-2020,1792,0,10,0,1539,20,243,-20,-1,-1,-1,-1
04-29-2020,1795,3,10,0,1554,15,231,-12,-1,-1,-1,-1
04-30-2020,1797,2,10,0,1576,22,211,-20,-1,-1,-1,-1
05-01-2020,1797,0,10,0,1603,27,184,-27,-1,-1,-1,-1
05-02-2020,1798,1,10,0,1625,22,163,-21,-1,-1,-1,-1
05-03-2020,1798,0,10,0,1637,12,151,-12,-1,-1,-1,-1
05-04-2020,1799,1,10,0,1660,23,129,-22,-1,-1,-1,-1
05-05-2020,1799,0,10,0,1674,14,115,-14,-1,-1,-1,-1
05-06-2020,1799,0,10,0,1684,10,105,-10,-1,-1,-1,-1
05-07-2020,1799,0,10,0,1698,14,91,-14,-1,-1,-1,-1
05-08-2020,1801,2,10,0,1709,11,82,-9,-1,-1,-1,-1
05-09-2020,1801,0,10,0,1718,9,73,-9,-1,-1,-1,-1
05-10-2020,1801,0,10,0,1724,6,67,-6,-1,-1,-1,-1
05-11-2020,1801,0,10,0,1730,6,61,-6,-1,-1,-1,-1
05-12-2020,1801,0,10,0,1735,5,56,-5,-1,-1,-1,-1
05-13-2020,1801,0,10,0,1741,6,50,-6,-1,-1,-1,-1
05-14-2020,1802,1,10,0,1748,7,44,-6,-1,-1,-1,-1
05-15-2020,1802,0,10,0,1754,6,38,-6,-1,-1,-1,-1
05-16-2020,1802,0,10,0,1760,6,32,-6,-1,-1,-1,-1
05-17-2020,1802,0,10,0,1763,3,29,-3,-1,-1,-1,-1
05-18-2020,1802,0,10,0,1769,6,23,-6,-1,-1,-1,-1
05-19-2020,1802,0,10,0,1773,4,19,-4,-1,-1,-1,-1
05-20-2020,1802,0,10,0,1775,2,17,-2,-1,-1,-1,-1
05-21-2020,1803,1,10,0,1777,2,16,-1,-1,-1,-1,-1
05-22-2020,1803,0,10,0,1781,4,12,-4,-1,-1,-1,-1
05-23-2020,1803,0,10,0,1783,2,10,-2,-1,-1,-1,-1
05-24-2020,1804,1,10,0,1783,0,11,1,-1,-1,-1,-1
05-25-2020,1804,0,10,0,1784,1,10,-1,-1,-1,-1,-1
05-26-2020,1804,0,10,0,1785,1,9,-1,-1,-1,-1,-1
05-27-2020,1804,0,10,0,1786,1,8,-1,-1,-1,-1,-1
05-28-2020,1805,1,10,0,1787,1,8,0,-1,-1,-1,-1
05-29-2020,1805,0,10,0,1788,1,7,-1,-1,-1,-1,-1
05-30-2020,1805,0,10,0,1789,1,6,-1,-1,-1,-1,-1
05-31-2020,1806,1,10,0,1789,0,7,1,-1,-1,-1,-1
06-01-2020,1806,0,10,0,1790,1,6,-1,-1,-1,-1,-1
06-02-2020,1806,0,10,0,1790,0,6,0,-1,-1,-1,-1
06-03-2020,1806,0,10,0,1790,0,6,0,-1,-1,-1,-1
06-04-2020,1806,0,10,0,1791,1,5,-1,-1,-1,-1,-1
06-05-2020,1806,0,10,0,1792,1,4,-1,-1,-1,-1,-1
06-06-2020,1806,0,10,0,1792,0,4,0,-1,-1,-1,-1
06-07-2020,1806,0,10,0,1792,0,4,0,-1,-1,-1,-1
06-08-2020,1807,1,10,0,1792,0,5,1,-1,-1,-1,-1
06-09-2020,1807,0,10,0,1792,0,5,0,-1,-1,-1,-1
06-10-2020,1807,0,10,0,1794,2,3,-2,1794,-1,3,-1
06-11-2020,1807,0,10,0,1794,0,3,0,1794,0,3,0
06-12-2020,1807,0,10,0,1794,0,3,0,1794,0,3,0
06-13-2020,1808,1,10,0,1794,0,4,1,1794,0,4,1
06-14-2020,1808,0,10,0,1795,1,3,-1,1794,0,4,0
06-15-2020,1810,2,10,0,1796,1,4,1,1796,2,4,0
06-16-2020,1812,2,10,0,1796,0,6,2,1796,0,6,2
06-17-2020,1815,3,10,0,1797,1,8,2,1797,1,8,2
06-18-2020,1816,1,10,0,1801,4,5,-3,1801,4,5,-3
06-19-2020,1819,3,10,0,1801,0,8,3,1801,0,8,3
06-20-2020,1822,3,10,0,1805,4,7,-1,1805,4,7,-1
06-21-2020,1823,1,10,0,1805,0,8,1,1805,0,8,1
06-22-2020,1823,0,10,0,1805,0,8,0,1805,0,8,0
06-23-2020,1824,1,10,0,1806,1,8,0,1806,1,8,0
06-24-2020,1824,0,10,0,1806,0,8,0,1806,0,8,0
06-25-2020,1830,6,10,0,1811,5,9,1,1811,5,9,1
06-26-2020,1830,0,10,0,1811,0,9,0,1811,0,9,0
06-27-2020,1832,2,10,0,1811,0,11,2,1811,0,11,2
06-28-2020,1838,6,10,0,1816,5,12,1,1816,5,12,1
06-29-2020,1840,2,10,0,1818,2,12,0,1818,2,12,0
06-30-2020,1840,0,10,0,1818,0,12,0,1818,0,12,0
07-01-2020,1847,7,10,0,1823,5,14,2,1823,5,14,2
07-02-2020,1847,0,10,0,1823,0,14,0,1823,0,14,0
07-03-2020,1855,8,10,0,1832,9,13,-1,1832,9,13,-1
07-04-2020,1855,0,10,0,1832,0,13,0,1832,0,13,0
07-05-2020,1863,8,10,0,1833,1,20,7,1833,1,20,7
07-06-2020,1866,3,10,0,1840,7,16,-4,1840,7,16,-4
07-07-2020,1866,0,10,0,1840,0,16,0,1840,0,16,0
07-08-2020,1880,14,10,0,1850,10,20,4,1850,10,20,4
07-09-2020,1880,0,10,0,1850,0,20,0,1850,0,20,0
07-10-2020,1886,6,10,0,1859,9,17,-3,1859,9,17,-3
07-11-2020,1886,0,10,0,1859,0,17,0,1859,0,17,0
07-12-2020,1888,2,10,0,1859,0,19,2,1859,0,19,2
07-13-2020,1896,8,10,0,1859,0,27,8,1859,0,27,8
07-14-2020,1900,4,10,0,1859,0,31,4,1859,0,31,4
07-15-2020,1905,5,10,0,1859,0,36,5,1859,0,36,5
07-16-2020,1911,6,10,0,1859,0,42,6,1859,0,42,6
07-17-2020,1914,3,10,0,1892,33,12,-30,1892,33,12,-30
07-18-2020,1922,8,10,0,1902,10,10,-2,1902,10,10,-2
07-19-2020,1922,0,10,0,1902,0,10,0,1902,0,10,0
07-20-2020,1930,8,10,0,1902,0,18,8,1902,0,18,8
07-21-2020,1930,0,10,0,1902,0,18,0,1902,0,18,0
07-22-2020,1840,-90,10,0,1830,-72,0,-18,1822,-80,8,-10
07-23-2020,1840,0,10,0,1830,0,0,0,1822,0,8,0
07-24-2020,1843,3,10,0,1833,3,0,0,1823,1,10,2
07-25-2020,1843,0,10,0,1833,0,0,0,1823,0,10,0
07-26-2020,1847,4,10,0,1837,4,0,0,1823,0,14,4
07-27-2020,1854,7,10,0,1844,7,0,0,1823,0,21,7
07-28-2020,1857,3,10,0,1847,3,0,0,1823,0,24,3
07-29-2020,1861,4,10,0,1851,4,0,0,1823,0,28,4
07-30-2020,1872,11,10,0,1862,11,0,0,1823,0,39,11
07-31-2020,1885,13,10,0,1875,13,0,0,1825,2,50,11
08-01-2020,1893,8,10,0,1883,8,0,0,1825,0,58,8
08-02-2020,1907,14,10,0,1897,14,0,0,1825,0,72,14
08-03-2020,1915,8,10,0,1905,8,0,0,1825,0,80,8
08-04-2020,1918,3,10,0,1905,0,3,3,1825,0,83,3
08-05-2020,1926,8,10,0,1834,-71,82,79,1825,0,91,8
08-06-2020,1930,4,10,0,1835,1,85,3,1825,0,95,4
08-07-2020,1952,22,10,0,1838,3,104,19,1833,8,109,14
08-08-2020,1955,3,10,0,1838,0,107,3,1833,0,112,3
08-09-2020,1958,3,10,0,1842,4,106,-1,1834,1,114,2
08-10-2020,1962,4,10,0,1849,7,103,-3,1838,4,114,0
08-11-2020,1968,6,10,0,1852,3,106,3,1844,6,114,0
08-12-2020,1968,0,10,0,1856,4,102,-4,1844,0,114,0
08-13-2020,1972,4,10,0,1866,10,96,-6,1844,0,118,4
08-14-2020,1976,4,10,0,1877,11,89,-7,1844,0,122,4
08-15-2020,1983,7,10,0,1885,8,88,-1,1844,0,129,7
08-16-2020,2011,28,10,0,1896,11,105,17,1880,36,121,-8
08-17-2020,2011,0,10,0,1904,8,97,-8,1880,0,121,0
08-18-2020,2027,16,10,0,1907,3,110,13,1895,15,122,1
08-19-2020,2027,0,10,0,1901,-6,116,6,1895,0,122,0
08-20-2020,2035,8,10,0,1904,3,121,5,1895,0,130,8
08-21-2020,2040,5,10,0,1923,19,107,-14,1895,0,135,5
08-22-2020,2058,18,10,0,1925,2,123,16,1895,0,153,18
08-23-2020,2064,6,10,0,1939,14,115,-8,1939,44,115,-38
08-24-2020,2064,0,10,0,1939,0,115,0,1939,0,115,0
08-25-2020,2077,13,10,0,1953,14,114,-1,1953,14,114,-1
