date,Confirmed,newConfirmed,Deaths,newDeaths,Est.Recovered,newEst.Recovered,Est.Active,newEst.Active,Recovered,newRecovered,Active,newActive
01-22-2020,4,4,0,0,0,0,4,4,-1,-1,-1,-1
01-23-2020,4,0,0,0,0,0,4,0,-1,-1,-1,-1
01-24-2020,4,0,0,0,0,0,4,0,-1,-1,-1,-1
01-25-2020,4,0,0,0,0,0,4,0,-1,-1,-1,-1
01-26-2020,5,1,0,0,0,0,5,1,-1,-1,-1,-1
01-27-2020,8,3,0,0,0,0,8,3,-1,-1,-1,-1
01-28-2020,14,6,0,0,0,0,14,6,-1,-1,-1,-1
01-29-2020,14,0,0,0,0,0,14,0,-1,-1,-1,-1
01-30-2020,14,0,0,0,0,0,14,0,-1,-1,-1,-1
01-31-2020,19,5,0,0,0,0,19,5,-1,-1,-1,-1
02-01-2020,19,0,0,0,0,0,19,0,-1,-1,-1,-1
02-02-2020,19,0,0,0,0,0,19,0,-1,-1,-1,-1
02-03-2020,19,0,0,0,0,0,19,0,-1,-1,-1,-1
02-04-2020,25,6,0,0,0,0,25,6,-1,-1,-1,-1
02-05-2020,25,0,0,0,3,3,22,-3,-1,-1,-1,-1
02-06-2020,25,0,0,0,3,0,22,0,-1,-1,-1,-1
02-07-2020,25,0,0,0,3,0,22,0,-1,-1,-1,-1
02-08-2020,32,7,0,0,3,0,29,7,-1,-1,-1,-1
02-09-2020,32,0,0,0,4,1,28,-1,-1,-1,-1,-1
02-10-2020,32,0,0,0,6,2,26,-2,-1,-1,-1,-1
02-11-2020,33,1,0,0,11,5,22,-4,-1,-1,-1,-1
02-12-2020,33,0,0,0,11,0,22,0,-1,-1,-1,-1
02-13-2020,33,0,0,0,11,0,22,0,-1,-1,-1,-1
02-14-2020,33,0,0,0,15,4,18,-4,-1,-1,-1,-1
02-15-2020,34,1,0,0,15,0,19,1,-1,-1,-1,-1
02-16-2020,34,0,0,0,15,0,19,0,-1,-1,-1,-1
02-17-2020,35,1,0,0,15,0,20,1,-1,-1,-1,-1
02-18-2020,35,0,0,0,20,5,15,-5,-1,-1,-1,-1
02-19-2020,35,0,0,0,20,0,15,0,-1,-1,-1,-1
02-20-2020,35,0,0,0,20,0,15,0,-1,-1,-1,-1
02-21-2020,35,0,0,0,20,0,15,0,-1,-1,-1,-1
02-22-2020,35,0,0,0,26,6,9,-6,-1,-1,-1,-1
02-23-2020,35,0,0,0,26,0,9,0,-1,-1,-1,-1
02-24-2020,35,0,0,0,27,1,8,-1,-1,-1,-1,-1
02-25-2020,37,2,0,0,28,1,9,1,-1,-1,-1,-1
02-26-2020,40,3,0,0,28,0,12,3,-1,-1,-1,-1
02-27-2020,40,0,0,0,28,0,12,0,-1,-1,-1,-1
02-28-2020,41,1,0,0,29,1,12,0,-1,-1,-1,-1
02-29-2020,42,1,0,0,30,1,12,0,-1,-1,-1,-1
03-01-2020,42,0,1,1,29,-1,12,0,-1,-1,-1,-1
03-02-2020,43,1,1,0,30,1,12,0,-1,-1,-1,-1
03-03-2020,43,0,1,0,30,0,12,0,-1,-1,-1,-1
03-04-2020,43,0,1,0,31,1,11,-1,-1,-1,-1,-1
03-05-2020,47,4,1,0,31,0,15,4,-1,-1,-1,-1
03-06-2020,48,1,1,0,31,0,16,1,-1,-1,-1,-1
03-07-2020,50,2,1,0,32,1,17,1,-1,-1,-1,-1
03-08-2020,50,0,1,0,32,0,17,0,-1,-1,-1,-1
03-09-2020,50,0,1,0,32,0,17,0,-1,-1,-1,-1
03-10-2020,53,3,1,0,34,2,18,1,-1,-1,-1,-1
03-11-2020,59,6,1,0,36,2,22,4,-1,-1,-1,-1
03-12-2020,70,11,1,0,36,0,33,11,-1,-1,-1,-1
03-13-2020,75,5,1,0,37,1,37,4,-1,-1,-1,-1
03-14-2020,75,0,1,0,38,1,36,-1,-1,-1,-1,-1
03-15-2020,114,39,1,0,38,0,75,39,-1,-1,-1,-1
03-16-2020,147,33,1,0,39,1,107,32,-1,-1,-1,-1
03-17-2020,177,30,1,0,39,0,137,30,-1,-1,-1,-1
03-18-2020,212,35,1,0,39,0,172,35,-1,-1,-1,-1
03-19-2020,322,110,1,0,43,4,278,106,-1,-1,-1,-1
03-20-2020,322,0,1,0,44,1,277,-1,-1,-1,-1,-1
03-21-2020,411,89,1,0,46,2,364,87,-1,-1,-1,-1
03-22-2020,599,188,1,0,46,0,552,188,-1,-1,-1,-1
03-23-2020,721,122,1,0,46,0,674,122,-1,-1,-1,-1
03-24-2020,827,106,4,3,45,-1,778,104,-1,-1,-1,-1
03-25-2020,934,107,4,0,51,6,879,101,-1,-1,-1,-1
03-26-2020,1045,111,4,0,59,8,982,103,-1,-1,-1,-1
03-27-2020,1136,91,5,1,63,4,1068,86,-1,-1,-1,-1
03-28-2020,1136,0,5,0,63,0,1068,0,-1,-1,-1,-1
03-29-2020,1388,252,7,2,92,29,1289,221,-1,-1,-1,-1
03-30-2020,1524,136,9,2,117,25,1398,109,-1,-1,-1,-1
03-31-2020,1651,127,10,1,141,24,1500,102,-1,-1,-1,-1
04-01-2020,1771,120,12,2,167,26,1592,92,-1,-1,-1,-1
04-02-2020,1875,104,15,3,254,87,1606,14,-1,-1,-1,-1
04-03-2020,1978,103,19,4,250,-4,1709,103,-1,-1,-1,-1
04-04-2020,2067,89,20,1,321,71,1726,17,-1,-1,-1,-1
04-05-2020,2169,102,23,3,470,149,1676,-50,-1,-1,-1,-1
04-06-2020,2220,51,26,3,566,96,1628,-48,-1,-1,-1,-1
04-07-2020,2258,38,27,1,652,86,1579,-49,-1,-1,-1,-1
04-08-2020,2369,111,30,3,736,84,1603,24,-1,-1,-1,-1
04-09-2020,2423,54,32,2,826,90,1565,-38,-1,-1,-1,-1
04-10-2020,2473,50,33,1,899,73,1541,-24,-1,-1,-1,-1
04-11-2020,2518,45,35,2,897,-2,1586,45,-1,-1,-1,-1
04-12-2020,2551,33,38,3,1104,207,1409,-177,-1,-1,-1,-1
04-13-2020,2579,28,40,2,1217,113,1322,-87,-1,-1,-1,-1
04-14-2020,2613,34,41,1,1323,106,1249,-73,-1,-1,-1,-1
04-15-2020,2643,30,43,2,1423,100,1177,-72,-1,-1,-1,-1
04-16-2020,2672,29,46,3,1520,97,1106,-71,-1,-1,-1,-1
04-17-2020,2700,28,47,1,1602,82,1051,-55,-1,-1,-1,-1
04-18-2020,2733,33,47,0,1687,85,999,-52,-1,-1,-1,-1
04-19-2020,2765,32,47,0,1796,109,922,-77,-1,-1,-1,-1
04-20-2020,2792,27,47,0,1854,58,891,-31,-1,-1,-1,-1
04-21-2020,2811,19,48,1,1899,45,864,-27,-1,-1,-1,-1
04-22-2020,2826,15,49,1,2003,104,774,-90,-1,-1,-1,-1
04-23-2020,2839,13,50,1,2062,59,727,-47,-1,-1,-1,-1
04-24-2020,2854,15,50,0,2115,53,689,-38,-1,-1,-1,-1
04-25-2020,2907,53,51,1,2151,36,705,16,-1,-1,-1,-1
04-26-2020,2922,15,51,0,2215,64,656,-49,-1,-1,-1,-1
04-27-2020,2931,9,52,1,2257,42,622,-34,-1,-1,-1,-1
04-28-2020,2938,7,54,2,2302,45,582,-40,-1,-1,-1,-1
04-29-2020,2947,9,54,0,2345,43,548,-34,-1,-1,-1,-1
04-30-2020,2954,7,54,0,2388,43,512,-36,-1,-1,-1,-1
05-01-2020,2960,6,54,0,2426,38,480,-32,-1,-1,-1,-1
05-02-2020,2966,6,54,0,2469,43,443,-37,-1,-1,-1,-1
05-03-2020,2969,3,54,0,2519,50,396,-47,-1,-1,-1,-1
05-04-2020,2987,18,54,0,2554,35,379,-17,-1,-1,-1,-1
05-05-2020,2988,1,54,0,2580,26,354,-25,-1,-1,-1,-1
05-06-2020,2989,1,55,1,2612,32,322,-32,-1,-1,-1,-1
05-07-2020,2992,3,55,0,2636,24,301,-21,-1,-1,-1,-1
05-08-2020,3000,8,55,0,2659,23,286,-15,-1,-1,-1,-1
05-09-2020,3004,4,56,1,2707,48,241,-45,-1,-1,-1,-1
05-10-2020,3009,5,56,0,2737,30,216,-25,-1,-1,-1,-1
05-11-2020,3015,6,56,0,2755,18,204,-12,-1,-1,-1,-1
05-12-2020,3017,2,56,0,2772,17,189,-15,-1,-1,-1,-1
05-13-2020,3017,0,56,0,2789,17,172,-17,-1,-1,-1,-1
05-14-2020,3018,1,56,0,2804,15,158,-14,-1,-1,-1,-1
05-15-2020,3025,7,56,0,2818,14,151,-7,-1,-1,-1,-1
05-16-2020,3025,0,56,0,2832,14,137,-14,-1,-1,-1,-1
05-17-2020,3028,3,56,0,2844,12,128,-9,-1,-1,-1,-1
05-18-2020,3031,3,56,0,2865,21,110,-18,-1,-1,-1,-1
05-19-2020,3033,2,56,0,2870,5,107,-3,-1,-1,-1,-1
05-20-2020,3034,1,56,0,2879,9,99,-8,-1,-1,-1,-1
05-21-2020,3037,3,56,0,2886,7,95,-4,-1,-1,-1,-1
05-22-2020,3037,0,56,0,2897,11,84,-11,-1,-1,-1,-1
05-23-2020,3040,3,56,0,2910,13,74,-10,-1,-1,-1,-1
05-24-2020,3040,0,56,0,2917,7,67,-7,-1,-1,-1,-1
05-25-2020,3042,2,57,1,2924,7,61,-6,-1,-1,-1,-1
05-26-2020,3045,3,57,0,2928,4,60,-1,-1,-1,-1,-1
05-27-2020,3054,9,57,0,2931,3,66,6,-1,-1,-1,-1
05-28-2020,3065,11,57,0,2934,3,74,8,-1,-1,-1,-1
05-29-2020,3076,11,57,0,2942,8,77,3,-1,-1,-1,-1
05-30-2020,3077,1,57,0,2945,3,75,-2,-1,-1,-1,-1
05-31-2020,3081,4,57,0,2949,4,75,0,-1,-1,-1,-1
06-01-2020,3082,1,57,0,2955,6,70,-5,-1,-1,-1,-1
06-02-2020,3083,1,58,1,2957,2,68,-2,-1,-1,-1,-1
06-03-2020,3084,1,58,0,2959,2,67,-1,-1,-1,-1,-1
06-04-2020,3101,17,58,0,2962,3,81,14,-1,-1,-1,-1
06-05-2020,3102,1,58,0,2964,2,80,-1,-1,-1,-1,-1
06-06-2020,3104,2,58,0,2970,6,76,-4,-1,-1,-1,-1
06-07-2020,3112,8,58,0,2971,1,83,7,-1,-1,-1,-1
06-08-2020,3119,7,58,0,2974,3,87,4,-1,-1,-1,-1
06-09-2020,3121,2,58,0,2977,3,86,-1,-1,-1,-1,-1
06-10-2020,3125,4,58,0,2985,8,82,-4,2981,-1,86,-1
06-11-2020,3125,0,58,0,2994,9,73,-9,2987,6,80,-6
06-12-2020,3129,4,58,0,3005,11,66,-7,2987,0,84,4
06-13-2020,3134,5,58,0,3006,1,70,4,2987,0,89,5
06-14-2020,3135,1,58,0,3009,3,68,-2,2987,0,90,1
06-15-2020,3135,0,58,0,3012,3,65,-3,2987,0,90,0
06-16-2020,3135,0,58,0,3013,1,64,-1,2993,6,84,-6
06-17-2020,3135,0,58,0,3014,1,63,-1,2996,3,81,-3
06-18-2020,3141,6,58,0,3028,14,55,-8,2997,1,86,5
06-19-2020,3146,5,58,0,3029,1,59,4,3008,11,80,-6
06-20-2020,3147,1,58,0,3032,3,57,-2,3018,10,71,-9
06-21-2020,3148,1,58,0,3038,6,52,-5,3018,0,72,1
06-22-2020,3151,3,58,0,3045,7,48,-4,3022,4,71,-1
06-23-2020,3156,5,58,0,3047,2,51,3,3023,1,75,4
06-24-2020,3157,1,58,0,3051,4,48,-3,3026,3,73,-2
06-25-2020,3158,1,58,0,3053,2,47,-1,3038,12,62,-11
06-26-2020,3162,4,58,0,3058,5,46,-1,3040,2,64,2
06-27-2020,3162,0,58,0,3062,4,42,-4,3053,13,51,-13
06-28-2020,3162,0,58,0,3064,2,40,-2,3053,0,51,0
06-29-2020,3169,7,58,0,3064,0,47,7,3053,0,58,7
06-30-2020,3171,2,58,0,3064,0,49,2,3056,3,57,-1
07-01-2020,3173,2,58,0,3064,0,51,2,3059,3,56,-1
07-02-2020,3179,6,58,0,3072,8,49,-2,3059,0,62,6
07-03-2020,3180,1,58,0,3076,4,46,-3,3066,7,56,-6
07-04-2020,3185,5,58,0,3077,1,50,4,3066,0,61,5
07-05-2020,3190,5,58,0,3079,2,53,3,3071,5,61,0
07-06-2020,3195,5,58,0,3083,4,54,1,3072,1,65,4
07-07-2020,3195,0,58,0,3087,4,50,-4,3072,0,65,0
07-08-2020,3197,2,58,0,3089,2,50,0,3074,2,65,0
07-09-2020,3202,5,58,0,3090,1,54,4,3085,11,59,-6
07-10-2020,3202,0,58,0,3095,5,49,-5,3085,0,59,0
07-11-2020,3216,14,58,0,3095,0,63,14,3088,3,70,11
07-12-2020,3217,1,58,0,3096,1,63,0,3088,0,71,1
07-13-2020,3220,3,58,0,3101,5,61,-2,-1,-1,-1,-1
07-14-2020,3227,7,58,0,3103,2,66,5,3091,-1,78,-1
07-15-2020,3232,5,58,0,3105,2,69,3,3092,1,82,4
07-16-2020,3236,4,58,0,3111,6,67,-2,3095,3,83,1
07-17-2020,3239,3,58,0,3113,2,68,1,3096,1,85,2
07-18-2020,3246,7,58,0,3117,4,71,3,3096,0,92,7
07-19-2020,3249,3,58,0,3122,5,69,-2,3096,0,95,3
07-20-2020,3250,1,58,0,3127,5,65,-4,3096,0,96,1
07-21-2020,3255,5,58,0,3127,0,70,5,3105,9,92,-4
07-22-2020,3261,6,58,0,3129,2,74,4,3105,0,98,6
07-23-2020,3269,8,58,0,3133,4,78,4,3105,0,106,8
07-24-2020,3279,10,58,0,3134,1,87,9,3107,2,114,8
07-25-2020,3282,3,58,0,3146,12,78,-9,3109,2,115,1
07-26-2020,3291,9,58,0,3147,1,86,8,3109,0,124,9
07-27-2020,3295,4,58,0,3150,3,87,1,3111,2,126,2
07-28-2020,3297,2,58,0,3156,6,83,-4,3111,0,128,2
07-29-2020,3298,1,58,0,3160,4,80,-3,3111,0,129,1
07-30-2020,3304,6,58,0,3165,5,81,1,3111,0,135,6
07-31-2020,3310,6,58,0,3168,3,84,3,3125,14,127,-8
08-01-2020,3312,2,58,0,3174,6,80,-4,3135,10,119,-8
08-02-2020,3317,5,58,0,3177,3,82,2,3142,7,117,-2
08-03-2020,3320,3,58,0,3179,2,83,1,3142,0,120,3
08-04-2020,3321,1,58,0,3183,4,80,-3,3142,0,121,1
08-05-2020,3328,7,58,0,3188,5,82,2,3144,2,126,5
08-06-2020,3330,2,58,0,3196,8,76,-6,3148,4,124,-2
08-07-2020,3345,15,58,0,3204,8,83,7,3148,0,139,15
08-08-2020,3348,3,58,0,3208,4,82,-1,3150,2,140,1
08-09-2020,3351,3,58,0,3216,8,77,-5,3151,1,142,2
08-10-2020,3351,0,58,0,3220,4,73,-4,3160,9,133,-9
08-11-2020,3351,0,58,0,3222,2,71,-2,3163,3,130,-3
08-12-2020,3356,5,58,0,3224,2,74,3,3169,6,129,-1
08-13-2020,3359,3,58,0,3230,6,71,-3,3169,0,132,3
08-14-2020,3376,17,58,0,3235,5,83,12,3173,4,145,13
08-15-2020,3376,0,58,0,3238,3,80,-3,3193,20,125,-20
08-16-2020,3377,1,58,0,3243,5,76,-4,3194,1,125,0
08-17-2020,3378,1,58,0,3245,2,75,-1,3194,0,126,1
08-18-2020,3381,3,58,0,3247,2,76,1,3198,4,125,-1
08-19-2020,3382,1,58,0,3254,7,70,-6,3199,1,125,0
08-20-2020,3389,7,58,0,3257,3,74,4,3218,19,113,-12
08-21-2020,3390,1,58,0,3270,13,62,-12,3219,1,113,0
08-22-2020,3390,0,58,0,3274,4,58,-4,3220,1,112,-1
08-23-2020,3395,5,58,0,3277,3,60,2,3221,1,116,4
08-24-2020,3397,2,58,0,3278,1,61,1,3222,1,117,1
08-25-2020,3402,5,58,0,3279,1,65,4,3229,7,115,-2
