date,Confirmed,newConfirmed,Deaths,newDeaths,Est.Recovered,newEst.Recovered,Est.Active,newEst.Active,Recovered,newRecovered,Active,newActive
03-02-2020,1,1,0,0,0,0,1,1,-1,-1,-1,-1
03-03-2020,1,0,0,0,0,0,1,0,-1,-1,-1,-1
03-04-2020,2,1,0,0,0,0,2,1,-1,-1,-1,-1
03-05-2020,5,3,0,0,0,0,5,3,-1,-1,-1,-1
03-06-2020,5,0,0,0,0,0,5,0,-1,-1,-1,-1
03-07-2020,7,2,0,0,0,0,7,2,-1,-1,-1,-1
03-08-2020,11,4,0,0,0,0,11,4,-1,-1,-1,-1
03-09-2020,15,4,0,0,0,0,15,4,-1,-1,-1,-1
03-10-2020,20,5,0,0,0,0,20,5,-1,-1,-1,-1
03-11-2020,21,1,0,0,0,0,21,1,-1,-1,-1,-1
03-12-2020,21,0,0,0,0,0,21,0,-1,-1,-1,-1
03-13-2020,21,0,0,0,0,0,21,0,-1,-1,-1,-1
03-14-2020,103,82,0,0,0,0,103,82,-1,-1,-1,-1
03-15-2020,103,0,0,0,0,0,103,0,-1,-1,-1,-1
03-16-2020,133,30,0,0,0,0,133,30,-1,-1,-1,-1
03-17-2020,171,38,0,0,0,0,171,38,-1,-1,-1,-1
03-18-2020,238,67,0,0,1,1,237,66,-1,-1,-1,-1
03-19-2020,238,0,0,0,4,3,234,-3,-1,-1,-1,-1
03-20-2020,274,36,0,0,4,0,270,36,-1,-1,-1,-1
03-21-2020,392,118,0,0,5,1,387,117,-1,-1,-1,-1
03-22-2020,511,119,0,0,8,3,503,116,-1,-1,-1,-1
03-23-2020,562,51,0,0,12,4,550,47,-1,-1,-1,-1
03-24-2020,767,205,1,1,15,3,751,201,-1,-1,-1,-1
03-25-2020,900,133,2,1,15,0,883,132,-1,-1,-1,-1
03-26-2020,1012,112,3,1,14,-1,995,112,-1,-1,-1,-1
03-27-2020,1104,92,3,0,14,0,1087,92,-1,-1,-1,-1
03-28-2020,1203,99,4,1,79,65,1120,33,-1,-1,-1,-1
03-29-2020,1299,96,8,4,75,-4,1216,96,-1,-1,-1,-1
03-30-2020,1453,154,8,0,99,24,1346,130,-1,-1,-1,-1
03-31-2020,1563,110,10,2,128,29,1425,79,-1,-1,-1,-1
04-01-2020,1720,157,16,6,177,49,1527,102,-1,-1,-1,-1
04-02-2020,1885,165,21,5,172,-5,1692,165,-1,-1,-1,-1
04-03-2020,2039,154,25,4,197,25,1817,125,-1,-1,-1,-1
04-04-2020,2179,140,29,4,289,92,1861,44,-1,-1,-1,-1
04-05-2020,2385,206,34,5,381,92,1970,109,-1,-1,-1,-1
04-06-2020,2523,138,38,4,419,38,2066,96,-1,-1,-1,-1
04-07-2020,2795,272,41,3,583,164,2171,105,-1,-1,-1,-1
04-08-2020,2932,137,41,0,690,107,2201,30,-1,-1,-1,-1
04-09-2020,3287,355,44,3,778,88,2465,264,-1,-1,-1,-1
04-10-2020,3651,364,47,3,850,72,2754,289,-1,-1,-1,-1
04-11-2020,4033,382,52,5,936,86,3045,291,-1,-1,-1,-1
04-12-2020,4462,429,59,7,1007,71,3396,351,-1,-1,-1,-1
04-13-2020,4934,472,65,6,1130,123,3739,343,-1,-1,-1,-1
04-14-2020,5369,435,73,8,1217,87,4079,340,-1,-1,-1,-1
04-15-2020,5862,493,79,6,1347,130,4436,357,-1,-1,-1,-1
04-16-2020,6380,518,83,4,1477,130,4820,384,-1,-1,-1,-1
04-17-2020,7142,762,87,4,1603,126,5452,632,-1,-1,-1,-1
04-18-2020,8274,1132,92,5,1728,125,6454,1002,-1,-1,-1,-1
04-19-2020,9362,1088,97,5,1906,178,7359,905,-1,-1,-1,-1
04-20-2020,10484,1122,103,6,2020,114,8361,1002,-1,-1,-1,-1
04-21-2020,11631,1147,109,6,2263,243,9259,898,-1,-1,-1,-1
04-22-2020,12772,1141,114,5,2387,124,10271,1012,-1,-1,-1,-1
04-23-2020,13930,1158,121,7,2684,297,11125,854,-1,-1,-1,-1
04-24-2020,15102,1172,127,6,2985,301,11990,865,-1,-1,-1,-1
04-25-2020,16299,1197,136,9,3304,319,12859,869,-1,-1,-1,-1
04-26-2020,17522,1223,139,3,3662,358,13721,862,-1,-1,-1,-1
04-27-2020,18811,1289,144,5,4062,400,14605,884,-1,-1,-1,-1
04-28-2020,20077,1266,152,8,4424,362,15501,896,-1,-1,-1,-1
04-29-2020,21402,1325,157,5,4843,419,16402,901,-1,-1,-1,-1
04-30-2020,22753,1351,162,5,5281,438,17310,908,-1,-1,-1,-1
05-01-2020,24097,1344,169,7,5915,634,18013,703,-1,-1,-1,-1
05-02-2020,25459,1362,176,7,6850,935,18433,420,-1,-1,-1,-1
05-03-2020,27011,1552,184,8,7758,908,19069,636,-1,-1,-1,-1
05-04-2020,28656,1645,191,7,8682,924,19783,714,-1,-1,-1,-1
05-05-2020,30251,1595,200,9,9650,968,20401,618,-1,-1,-1,-1
05-06-2020,31938,1687,209,9,10591,941,21138,737,-1,-1,-1,-1
05-07-2020,33731,1793,219,10,11575,984,21937,799,-1,-1,-1,-1
05-08-2020,35432,1701,229,10,12569,994,22634,697,-1,-1,-1,-1
05-09-2020,37136,1704,239,10,13587,1018,23310,676,-1,-1,-1,-1
05-10-2020,39048,1912,246,7,14636,1049,24166,856,-1,-1,-1,-1
05-11-2020,41014,1966,255,9,15745,1109,25014,848,-1,-1,-1,-1
05-12-2020,42925,1911,264,9,16828,1083,25833,819,-1,-1,-1,-1
05-13-2020,44830,1905,273,9,17969,1141,26588,755,-1,-1,-1,-1
05-14-2020,46869,2039,283,10,19134,1165,27452,864,-1,-1,-1,-1
05-15-2020,49176,2307,292,9,20328,1194,28556,1104,-1,-1,-1,-1
05-16-2020,52016,2840,302,10,21587,1259,30127,1571,-1,-1,-1,-1
05-17-2020,54752,2736,312,10,22996,1409,31444,1317,-1,-1,-1,-1
05-18-2020,57345,2593,320,8,24485,1489,32540,1096,-1,-1,-1,-1
05-19-2020,59854,2509,329,9,25942,1457,33583,1043,-1,-1,-1,-1
05-20-2020,62545,2691,339,10,27465,1523,34741,1158,-1,-1,-1,-1
05-21-2020,65077,2532,351,12,29085,1620,35641,900,-1,-1,-1,-1
05-22-2020,65077,0,351,0,30645,1560,34081,-1560,-1,-1,-1,-1
05-23-2020,67719,2642,364,13,32199,1554,35156,1075,-1,-1,-1,-1
05-24-2020,70161,2442,379,15,33926,1727,35856,700,-1,-1,-1,-1
05-25-2020,72560,2399,390,11,35711,1785,36459,603,-1,-1,-1,-1
05-26-2020,74795,2235,399,9,37449,1738,36947,488,-1,-1,-1,-1
05-27-2020,76726,1931,411,12,39190,1741,37125,178,-1,-1,-1,-1
05-28-2020,78541,1815,425,14,41043,1853,37073,-52,-1,-1,-1,-1
05-29-2020,80185,1644,441,16,43122,2079,36622,-451,-1,-1,-1,-1
05-30-2020,81766,1581,458,17,45652,2530,35656,-966,-1,-1,-1,-1
05-31-2020,83384,1618,480,22,48118,2466,34786,-870,-1,-1,-1,-1
06-01-2020,85261,1877,503,23,50482,2364,34276,-510,-1,-1,-1,-1
06-02-2020,87142,1881,525,22,52773,2291,33844,-432,-1,-1,-1,-1
06-03-2020,89011,1869,549,24,55222,2449,33240,-604,-1,-1,-1,-1
06-04-2020,93157,4146,611,62,68965,13743,23581,-9659,68965,-1,23581,-1
06-05-2020,95748,2591,642,31,70616,1651,24490,909,70616,1651,24490,909
06-06-2020,98869,3121,676,34,71791,1175,26402,1912,71791,1175,26402,1912
06-07-2020,101914,3045,712,36,72817,1026,28385,1983,72817,1026,28385,1983
06-08-2020,105283,3369,746,34,74524,1707,30013,1628,74524,1707,30013,1628
06-09-2020,108571,3288,783,37,76339,1815,31449,1436,76339,1815,31449,1436
06-10-2020,112288,3717,819,36,77954,1615,33515,2066,77954,1615,33515,2066
06-11-2020,116021,3733,857,38,80019,2065,35145,1630,80019,2065,35145,1630
06-12-2020,119942,3921,893,36,81029,1010,38020,2875,81029,1010,38020,2875
06-13-2020,123308,3366,932,39,82548,1519,39828,1808,82548,1519,39828,1808
06-14-2020,127541,4233,972,40,84720,2172,41849,2021,84720,2172,41849,2021
06-15-2020,132048,4507,1011,39,87890,3170,43147,1298,87890,3170,43147,1298
06-16-2020,136315,4267,1052,41,89540,1650,45723,2576,89540,1650,45723,2576
06-17-2020,141234,4919,1091,39,91662,2122,48481,2758,91662,2122,48481,2758
06-18-2020,145991,4757,1139,48,93915,2253,50937,2456,93915,2253,50937,2456
06-19-2020,150292,4301,1184,45,95764,1849,53344,2407,95764,1849,53344,2407
06-20-2020,154233,3941,1230,46,98917,3153,54086,742,98917,3153,54086,742
06-21-2020,157612,3379,1267,37,101130,2213,55215,1129,101130,2213,55215,1129
06-22-2020,161005,3393,1307,40,105175,4045,54523,-692,105175,4045,54523,-692
06-23-2020,164144,3139,1346,39,109885,4710,52913,-1610,109885,4710,52913,-1610
06-24-2020,167267,3123,1387,41,112797,2912,53083,170,112797,2912,53083,170
06-25-2020,170639,3372,1428,41,117882,5085,51329,-1754,117882,5085,51329,-1754
06-26-2020,174577,3938,1474,46,120471,2589,52632,1303,120471,2589,52632,1303
06-27-2020,178504,3927,1511,37,122128,1657,54865,2233,122128,1657,54865,2233
06-28-2020,182551,4047,1511,0,124755,2627,56285,1420,124755,2627,56285,1420
06-29-2020,186436,3885,1599,88,127118,2363,57719,1434,127118,2363,57719,1434
06-30-2020,190823,4387,1649,50,130766,3648,58408,689,130766,3648,58408,689
07-01-2020,194225,3402,1698,49,132760,1994,59767,1359,132760,1994,59767,1359
07-02-2020,197608,3383,1752,54,137669,4909,58187,-1580,137669,4909,58187,-1580
07-03-2020,201801,4193,1802,50,140614,2945,59385,1198,140614,2945,59385,1198
07-04-2020,205929,4128,1858,56,143256,2642,60815,1430,143256,2642,60815,1430
07-05-2020,209509,3580,1916,58,145235,1979,62358,1543,145235,1979,62358,1543
07-06-2020,213716,4207,1968,52,149634,4399,62114,-244,149634,4399,62114,-244
07-07-2020,217108,3392,2017,49,154839,5205,60252,-1862,154839,5205,60252,-1862
07-08-2020,220144,3036,2059,42,158050,3211,60035,-217,158050,3211,60035,-217
07-09-2020,223327,3183,2100,41,161096,3046,60131,96,161096,3046,60131,96
07-10-2020,226486,3159,2151,51,163026,1930,61309,1178,163026,1930,61309,1178
07-11-2020,229480,2994,2181,30,165396,2370,61903,594,165396,2370,61903,594
07-12-2020,232259,2779,2779,598,167138,1742,62342,439,167138,1742,62342,439
07-13-2020,235111,2852,2704,-75,171058,3920,61349,-993,169842,2704,62565,223
07-14-2020,237803,2692,2283,-421,177560,6502,57960,-3389,177560,7718,57960,-4605
07-15-2020,237803,0,2283,0,179262,1702,56258,-1702,177560,0,57960,0
07-16-2020,243238,5435,2370,87,187622,8360,53246,-3012,187622,10062,53246,-4714
07-17-2020,245851,2613,2407,37,191161,3539,52283,-963,191161,3539,52283,-963
07-18-2020,248416,2565,2447,40,194218,3057,51751,-532,194218,3057,51751,-532
07-19-2020,250920,2504,2486,39,197735,3517,50699,-1052,197735,3517,50699,-1052
07-20-2020,253349,2429,2523,37,203259,5524,47567,-3132,203259,5524,47567,-3132
07-21-2020,255825,2476,2523,0,207259,4000,46043,-1524,207259,4000,46043,-1524
07-22-2020,258156,2331,2601,78,210398,3139,45157,-886,210398,3139,45157,-886
07-23-2020,260394,2238,2635,34,213490,3092,44269,-888,213490,3092,44269,-888
07-24-2020,262772,2378,2672,37,215731,2241,44369,100,215731,2241,44369,100
07-25-2020,264973,2201,2703,31,217782,2051,44488,119,217782,2051,44488,119
07-26-2020,266941,1968,2733,30,220323,2541,43885,-603,220323,2541,43885,-603
07-27-2020,268934,1993,2760,27,222936,2613,43238,-647,222936,2613,43238,-647
07-28-2020,270831,1897,2789,29,225624,2688,42418,-820,225624,2688,42418,-820
07-29-2020,272590,1759,2816,27,228569,2945,41205,-1213,228569,2945,41205,-1213
07-30-2020,274219,1629,2842,26,231198,2629,40179,-1026,231198,2629,40179,-1026
07-31-2020,275905,1686,2869,27,235658,4460,37378,-2801,235658,4460,37378,-2801
08-01-2020,277478,1573,2887,18,237548,1890,37043,-335,237548,1890,37043,-335
08-02-2020,278835,1357,2917,30,240081,2533,35837,-1206,240081,2533,35837,-1206
08-03-2020,280093,1258,2949,32,242055,1974,35089,-748,242055,1974,35089,-748
08-04-2020,281435,1342,2984,35,243688,1633,34763,-326,243688,1633,34763,-326
08-05-2020,282824,1389,3020,36,245314,1626,34490,-273,245314,1626,34490,-273
08-06-2020,284226,1402,3055,35,247661,2347,33510,-980,247089,1775,34082,-408
08-07-2020,285793,1567,3093,38,250189,2528,32511,-999,248948,1859,33752,-330
08-08-2020,287262,1469,3130,37,252550,2361,31582,-929,250440,1492,33692,-60
08-09-2020,288690,1428,3167,37,254699,2149,30824,-758,252039,1599,33484,-208
08-10-2020,289947,1257,3199,32,256874,2175,29874,-950,253478,1439,33270,-214
08-11-2020,291468,1521,3233,34,258973,2099,29262,-612,255118,1640,33117,-153
08-12-2020,293037,1569,3269,36,260532,1559,29236,-26,257269,2151,32499,-618
08-13-2020,294519,1482,3303,34,262748,2216,28468,-768,260393,3124,30823,-1676
08-14-2020,295902,1383,3338,35,264654,1906,27910,-558,262959,2566,29605,-1218
08-15-2020,297315,1413,3369,31,266462,1808,27484,-426,264487,1528,29459,-146
08-16-2020,298542,1227,3408,39,268052,1590,27082,-402,266953,2466,28181,-1278
08-17-2020,299914,1372,3436,28,269593,1541,26885,-197,268385,1432,28093,-88
08-18-2020,301323,1409,3470,34,272911,3318,24942,-1943,272911,4526,24942,-3151
08-19-2020,302686,1363,3506,36,274091,1180,25089,147,274091,1180,25089,147
08-20-2020,303973,1287,3548,42,275476,1385,24949,-140,275476,1385,24949,-140
08-21-2020,305186,1213,3580,32,277067,1591,24539,-410,277067,1591,24539,-410
08-22-2020,306370,1184,3619,39,278441,1374,24310,-229,278441,1374,24310,-229
08-23-2020,307479,1109,3649,30,280143,1702,23687,-623,280143,1702,23687,-623
08-24-2020,308654,1175,3691,42,282888,2745,22075,-1612,282888,2745,22075,-1612
08-25-2020,309768,1114,3722,31,283932,1044,22114,39,283932,1044,22114,39
