date,Confirmed,newConfirmed,Deaths,newDeaths,Est.Recovered,newEst.Recovered,Est.Active,newEst.Active,Recovered,newRecovered,Active,newActive
01-22-2020,4,4,0,0,0,0,4,4,0,0,4,4
01-23-2020,5,1,0,0,0,0,5,1,0,0,5,1
01-24-2020,8,3,0,0,0,0,8,3,0,0,8,3
01-25-2020,19,11,0,0,0,0,19,11,0,0,19,11
01-26-2020,22,3,0,0,0,0,22,3,0,0,22,3
01-27-2020,33,11,1,1,0,0,32,10,0,0,32,10
01-28-2020,43,10,1,0,0,0,42,10,0,0,42,10
01-29-2020,43,0,1,0,0,0,42,0,0,0,42,0
01-30-2020,50,7,1,0,1,1,48,6,1,1,48,6
01-31-2020,52,2,1,0,1,0,50,2,1,0,50,2
02-01-2020,63,11,1,0,1,0,61,11,1,0,61,11
02-02-2020,71,8,1,0,4,3,66,5,4,3,66,5
02-03-2020,79,8,1,0,4,0,74,8,4,0,74,8
02-04-2020,91,12,1,0,4,0,86,12,4,0,86,12
02-05-2020,99,8,1,0,5,1,93,7,5,1,93,7
02-06-2020,106,7,2,1,8,3,96,3,8,3,96,3
02-07-2020,117,11,2,0,10,2,105,9,10,2,105,9
02-08-2020,128,11,2,0,15,5,111,6,15,5,111,6
02-09-2020,136,8,3,1,19,4,114,3,19,4,114,3
02-10-2020,138,2,3,0,23,4,112,-2,19,0,116,2
02-11-2020,151,13,3,0,31,8,117,5,20,1,128,12
02-12-2020,157,6,4,1,30,-1,123,6,27,7,126,-2
02-13-2020,158,1,4,0,36,6,118,-5,30,3,124,-2
02-14-2020,162,4,4,0,38,2,120,2,38,8,120,-4
02-15-2020,162,0,4,0,47,9,111,-9,39,1,119,-1
02-16-2020,162,0,4,0,53,6,105,-6,52,13,106,-13
02-17-2020,163,1,4,0,59,6,100,-5,59,7,100,-6
02-18-2020,163,0,4,0,69,10,90,-10,59,0,100,0
02-19-2020,168,5,4,0,84,15,80,-10,84,25,80,-20
02-20-2020,168,0,4,0,89,5,75,-5,89,5,75,-5
02-21-2020,168,0,4,0,96,7,68,-7,96,7,68,-7
02-22-2020,168,0,4,0,104,8,60,-8,104,8,60,-8
02-23-2020,168,0,5,1,108,4,55,-5,106,2,57,-3
02-24-2020,168,0,5,0,116,8,47,-8,116,10,47,-10
02-25-2020,168,0,5,0,124,8,39,-8,124,8,39,-8
02-26-2020,168,0,5,0,129,5,34,-5,129,5,34,-5
02-27-2020,168,0,5,0,132,3,31,-3,132,3,31,-3
02-28-2020,168,0,5,0,136,4,27,-4,136,4,27,-4
02-29-2020,168,0,5,0,148,12,15,-12,148,12,15,-12
03-01-2020,168,0,5,0,151,3,12,-3,151,3,12,-3
03-02-2020,168,0,5,0,151,0,12,0,151,0,12,0
03-03-2020,168,0,5,0,155,4,8,-4,155,4,8,-4
03-04-2020,168,0,5,0,158,3,5,-3,158,3,5,-3
03-05-2020,168,0,6,1,158,0,4,-1,158,0,4,-1
03-06-2020,168,0,6,0,158,0,4,0,158,0,4,0
03-07-2020,168,0,6,0,158,0,4,0,158,0,4,0
03-08-2020,168,0,6,0,159,1,3,-1,159,1,3,-1
03-09-2020,168,0,6,0,159,0,3,0,159,0,3,0
03-10-2020,168,0,6,0,159,0,3,0,159,0,3,0
03-11-2020,168,0,6,0,159,0,3,0,159,0,3,0
03-12-2020,168,0,6,0,160,1,2,-1,160,1,2,-1
03-13-2020,168,0,6,0,160,0,2,0,160,0,2,0
03-14-2020,168,0,6,0,160,0,2,0,160,0,2,0
03-15-2020,168,0,6,0,160,0,2,0,160,0,2,0
03-16-2020,168,0,6,0,161,1,1,-1,161,1,1,-1
03-17-2020,168,0,6,0,161,0,1,0,161,0,1,0
03-18-2020,168,0,6,0,161,0,1,0,161,0,1,0
03-19-2020,168,0,6,0,161,0,1,0,161,0,1,0
03-20-2020,168,0,6,0,161,0,1,0,161,0,1,0
03-21-2020,168,0,6,0,161,0,1,0,161,0,1,0
03-22-2020,168,0,6,0,161,0,1,0,161,0,1,0
03-23-2020,168,0,6,0,161,0,1,0,161,0,1,0
03-24-2020,168,0,6,0,162,1,0,-1,162,1,0,-1
03-25-2020,168,0,6,0,162,0,0,0,162,0,0,0
03-26-2020,168,0,6,0,162,0,0,0,162,0,0,0
03-27-2020,168,0,6,0,162,0,0,0,162,0,0,0
03-28-2020,168,0,6,0,162,0,0,0,162,0,0,0
03-29-2020,168,0,6,0,162,0,0,0,162,0,0,0
03-30-2020,168,0,6,0,162,0,0,0,162,0,0,0
03-31-2020,168,0,6,0,162,0,0,0,162,0,0,0
04-01-2020,168,0,6,0,162,0,0,0,162,0,0,0
04-02-2020,168,0,6,0,162,0,0,0,162,0,0,0
04-03-2020,168,0,6,0,162,0,0,0,162,0,0,0
04-04-2020,168,0,6,0,162,0,0,0,162,0,0,0
04-05-2020,168,0,6,0,162,0,0,0,162,0,0,0
04-06-2020,168,0,6,0,162,0,0,0,162,0,0,0
04-07-2020,168,0,6,0,162,0,0,0,162,0,0,0
04-08-2020,168,0,6,0,162,0,0,0,162,0,0,0
04-09-2020,168,0,6,0,162,0,0,0,162,0,0,0
04-10-2020,168,0,6,0,162,0,0,0,162,0,0,0
04-11-2020,168,0,6,0,162,0,0,0,162,0,0,0
04-12-2020,168,0,6,0,162,0,0,0,162,0,0,0
04-13-2020,168,0,6,0,162,0,0,0,162,0,0,0
04-14-2020,168,0,6,0,162,0,0,0,162,0,0,0
04-15-2020,168,0,6,0,162,0,0,0,162,0,0,0
04-16-2020,168,0,6,0,162,0,0,0,162,0,0,0
04-17-2020,168,0,6,0,162,0,0,0,162,0,0,0
04-18-2020,168,0,6,0,162,0,0,0,162,0,0,0
04-19-2020,168,0,6,0,162,0,0,0,162,0,0,0
04-20-2020,168,0,6,0,162,0,0,0,162,0,0,0
04-21-2020,168,0,6,0,162,0,0,0,162,0,0,0
04-22-2020,168,0,6,0,162,0,0,0,162,0,0,0
04-23-2020,168,0,6,0,162,0,0,0,162,0,0,0
04-24-2020,168,0,6,0,162,0,0,0,162,0,0,0
04-25-2020,168,0,6,0,162,0,0,0,162,0,0,0
04-26-2020,168,0,6,0,162,0,0,0,162,0,0,0
04-27-2020,168,0,6,0,162,0,0,0,162,0,0,0
04-28-2020,168,0,6,0,162,0,0,0,162,0,0,0
04-29-2020,168,0,6,0,162,0,0,0,162,0,0,0
04-30-2020,168,0,6,0,162,0,0,0,162,0,0,0
05-01-2020,168,0,6,0,162,0,0,0,162,0,0,0
05-02-2020,168,0,6,0,162,0,0,0,162,0,0,0
05-03-2020,168,0,6,0,162,0,0,0,162,0,0,0
05-04-2020,168,0,6,0,162,0,0,0,162,0,0,0
05-05-2020,168,0,6,0,162,0,0,0,162,0,0,0
05-06-2020,168,0,6,0,162,0,0,0,162,0,0,0
05-07-2020,168,0,6,0,162,0,0,0,162,0,0,0
05-08-2020,168,0,6,0,162,0,0,0,162,0,0,0
05-09-2020,168,0,6,0,162,0,0,0,162,0,0,0
05-10-2020,168,0,6,0,162,0,0,0,162,0,0,0
05-11-2020,168,0,6,0,162,0,0,0,162,0,0,0
05-12-2020,168,0,6,0,162,0,0,0,162,0,0,0
05-13-2020,168,0,6,0,162,0,0,0,162,0,0,0
05-14-2020,168,0,6,0,162,0,0,0,162,0,0,0
05-15-2020,169,1,6,0,162,0,1,1,162,0,1,1
05-16-2020,169,0,6,0,162,0,1,0,162,0,1,0
05-17-2020,169,0,6,0,162,0,1,0,162,0,1,0
05-18-2020,169,0,6,0,162,0,1,0,162,0,1,0
05-19-2020,169,0,6,0,162,0,1,0,162,0,1,0
05-20-2020,169,0,6,0,162,0,1,0,162,0,1,0
05-21-2020,169,0,6,0,162,0,1,0,162,0,1,0
05-22-2020,169,0,6,0,162,0,1,0,162,0,1,0
05-23-2020,169,0,6,0,162,0,1,0,162,0,1,0
05-24-2020,169,0,6,0,162,0,1,0,162,0,1,0
05-25-2020,169,0,6,0,162,0,1,0,162,0,1,0
05-26-2020,169,0,6,0,162,0,1,0,162,0,1,0
05-27-2020,169,0,6,0,162,0,1,0,162,0,1,0
05-28-2020,169,0,6,0,162,0,1,0,162,0,1,0
05-29-2020,169,0,6,0,163,1,0,-1,163,1,0,-1
05-30-2020,169,0,6,0,163,0,0,0,163,0,0,0
05-31-2020,169,0,6,0,163,0,0,0,163,0,0,0
06-01-2020,169,0,6,0,163,0,0,0,163,0,0,0
06-02-2020,169,0,6,0,163,0,0,0,163,0,0,0
06-03-2020,169,0,6,0,163,0,0,0,163,0,0,0
06-04-2020,169,0,6,0,163,0,0,0,163,0,0,0
06-05-2020,169,0,6,0,163,0,0,0,163,0,0,0
06-06-2020,169,0,6,0,163,0,0,0,163,0,0,0
06-07-2020,170,1,6,0,162,-1,2,2,162,-1,2,2
06-08-2020,170,0,6,0,162,0,2,0,162,0,2,0
06-09-2020,170,0,6,0,162,0,2,0,162,0,2,0
06-10-2020,170,0,6,0,162,0,2,0,162,0,2,0
06-11-2020,170,0,6,0,162,0,2,0,162,0,2,0
06-12-2020,170,0,6,0,162,0,2,0,162,0,2,0
06-13-2020,170,0,6,0,162,0,2,0,162,0,2,0
06-14-2020,170,0,6,0,162,0,2,0,162,0,2,0
06-15-2020,170,0,6,0,162,0,2,0,162,0,2,0
06-16-2020,169,-1,6,0,162,0,1,-1,162,0,1,-1
06-17-2020,169,0,6,0,162,0,1,0,162,0,1,0
06-18-2020,169,0,6,0,162,0,1,0,162,0,1,0
06-19-2020,169,0,6,0,162,0,1,0,162,0,1,0
06-20-2020,169,0,6,0,162,0,1,0,162,0,1,0
06-21-2020,169,0,6,0,163,1,0,-1,162,0,1,0
06-22-2020,169,0,6,0,163,0,0,0,162,0,1,0
06-23-2020,171,2,6,0,163,0,2,2,163,1,2,1
06-24-2020,171,0,6,0,163,0,2,0,163,0,2,0
06-25-2020,171,0,6,0,163,0,2,0,163,0,2,0
06-26-2020,171,0,6,0,163,0,2,0,163,0,2,0
06-27-2020,171,0,6,0,163,0,2,0,163,0,2,0
06-28-2020,171,0,6,0,163,0,2,0,163,0,2,0
06-29-2020,171,0,6,0,163,0,2,0,163,0,2,0
06-30-2020,171,0,6,0,165,2,0,-2,165,2,0,-2
07-01-2020,171,0,6,0,165,0,0,0,165,0,0,0
07-02-2020,171,0,6,0,165,0,0,0,165,0,0,0
07-03-2020,171,0,6,0,165,0,0,0,165,0,0,0
07-04-2020,171,0,6,0,165,0,0,0,165,0,0,0
07-05-2020,171,0,6,0,165,0,0,0,165,0,0,0
07-06-2020,171,0,6,0,165,0,0,0,165,0,0,0
07-07-2020,171,0,6,0,165,0,0,0,165,0,0,0
07-08-2020,171,0,6,0,165,0,0,0,165,0,0,0
07-09-2020,171,0,6,0,165,0,0,0,165,0,0,0
07-10-2020,171,0,6,0,165,0,0,0,165,0,0,0
07-11-2020,171,0,6,0,165,0,0,0,165,0,0,0
07-12-2020,171,0,6,0,165,0,0,0,165,0,0,0
07-13-2020,171,0,6,0,165,0,0,0,165,0,0,0
07-14-2020,171,0,6,0,165,0,0,0,165,0,0,0
07-15-2020,171,0,6,0,165,0,0,0,165,0,0,0
07-16-2020,171,0,6,0,165,0,0,0,165,0,0,0
07-17-2020,171,0,6,0,165,0,0,0,165,0,0,0
07-18-2020,171,0,6,0,165,0,0,0,165,0,0,0
07-19-2020,171,0,6,0,165,0,0,0,165,0,0,0
07-20-2020,171,0,6,0,165,0,0,0,165,0,0,0
07-21-2020,171,0,6,0,165,0,0,0,165,0,0,0
07-22-2020,171,0,6,0,165,0,0,0,165,0,0,0
07-23-2020,171,0,6,0,165,0,0,0,165,0,0,0
07-24-2020,171,0,6,0,165,0,0,0,165,0,0,0
07-25-2020,171,0,6,0,165,0,0,0,165,0,0,0
07-26-2020,171,0,6,0,165,0,0,0,165,0,0,0
07-27-2020,171,0,6,0,165,0,0,0,165,0,0,0
07-28-2020,171,0,6,0,165,0,0,0,165,0,0,0
07-29-2020,171,0,6,0,165,0,0,0,165,0,0,0
07-30-2020,171,0,6,0,165,0,0,0,165,0,0,0
07-31-2020,171,0,6,0,165,0,0,0,165,0,0,0
08-01-2020,171,0,6,0,165,0,0,0,165,0,0,0
08-02-2020,171,0,6,0,165,0,0,0,165,0,0,0
08-03-2020,171,0,6,0,165,0,0,0,165,0,0,0
08-04-2020,171,0,6,0,165,0,0,0,165,0,0,0
08-05-2020,171,0,6,0,165,0,0,0,165,0,0,0
08-06-2020,171,0,6,0,165,0,0,0,165,0,0,0
08-07-2020,171,0,6,0,165,0,0,0,165,0,0,0
08-08-2020,171,0,6,0,165,0,0,0,165,0,0,0
08-09-2020,171,0,6,0,165,0,0,0,165,0,0,0
08-10-2020,171,0,6,0,165,0,0,0,165,0,0,0
08-11-2020,171,0,6,0,165,0,0,0,165,0,0,0
08-12-2020,171,0,6,0,165,0,0,0,165,0,0,0
08-13-2020,171,0,6,0,165,0,0,0,165,0,0,0
08-14-2020,171,0,6,0,165,0,0,0,165,0,0,0
08-15-2020,171,0,6,0,165,0,0,0,165,0,0,0
08-16-2020,171,0,6,0,165,0,0,0,165,0,0,0
08-17-2020,171,0,6,0,165,0,0,0,165,0,0,0
08-18-2020,171,0,6,0,165,0,0,0,165,0,0,0
08-19-2020,171,0,6,0,165,0,0,0,165,0,0,0
08-20-2020,171,0,6,0,165,0,0,0,165,0,0,0
08-21-2020,171,0,6,0,165,0,0,0,165,0,0,0
08-22-2020,171,0,6,0,165,0,0,0,165,0,0,0
08-23-2020,171,0,6,0,165,0,0,0,165,0,0,0
08-24-2020,171,0,6,0,165,0,0,0,165,0,0,0
08-25-2020,171,0,6,0,165,0,0,0,165,0,0,0
