date,Confirmed,newConfirmed,Deaths,newDeaths,Est.Recovered,newEst.Recovered,Est.Active,newEst.Active,Recovered,newRecovered,Active,newActive
03-10-2020,1,1,0,0,0,0,1,1,-1,-1,-1,-1
03-11-2020,1,0,0,0,0,0,1,0,-1,-1,-1,-1
03-12-2020,1,0,0,0,0,0,1,0,-1,-1,-1,-1
03-13-2020,1,0,0,0,0,0,1,0,-1,-1,-1,-1
03-14-2020,1,0,0,0,0,0,1,0,-1,-1,-1,-1
03-15-2020,1,0,0,0,0,0,1,0,-1,-1,-1,-1
03-16-2020,4,3,0,0,0,0,4,3,-1,-1,-1,-1
03-17-2020,4,0,0,0,0,0,4,0,-1,-1,-1,-1
03-18-2020,5,1,0,0,0,0,5,1,-1,-1,-1,-1
03-19-2020,6,1,0,0,0,0,6,1,-1,-1,-1,-1
03-20-2020,6,0,0,0,0,0,6,0,-1,-1,-1,-1
03-21-2020,10,4,0,0,0,0,10,4,-1,-1,-1,-1
03-22-2020,10,0,0,0,0,0,10,0,-1,-1,-1,-1
03-23-2020,10,0,0,0,0,0,10,0,-1,-1,-1,-1
03-24-2020,10,0,0,0,0,0,10,0,-1,-1,-1,-1
03-25-2020,10,0,0,0,0,0,10,0,-1,-1,-1,-1
03-26-2020,11,1,0,0,0,0,11,1,-1,-1,-1,-1
03-27-2020,11,0,0,0,0,0,11,0,-1,-1,-1,-1
03-28-2020,12,1,0,0,0,0,12,1,-1,-1,-1,-1
03-29-2020,12,0,0,0,0,0,12,0,-1,-1,-1,-1
03-30-2020,12,0,0,0,3,3,9,-3,-1,-1,-1,-1
03-31-2020,12,0,0,0,3,0,9,0,-1,-1,-1,-1
04-01-2020,14,2,0,0,4,1,10,1,-1,-1,-1,-1
04-02-2020,14,0,0,0,4,0,10,0,-1,-1,-1,-1
04-03-2020,14,0,0,0,4,0,10,0,-1,-1,-1,-1
04-04-2020,14,0,0,0,8,4,6,-4,-1,-1,-1,-1
04-05-2020,14,0,0,0,8,0,6,0,-1,-1,-1,-1
04-06-2020,15,1,0,0,8,0,7,1,-1,-1,-1,-1
04-07-2020,15,0,0,0,8,0,7,0,-1,-1,-1,-1
04-08-2020,16,1,0,0,8,0,8,1,-1,-1,-1,-1
04-09-2020,16,0,0,0,9,1,7,-1,-1,-1,-1,-1
04-10-2020,16,0,0,0,9,0,7,0,-1,-1,-1,-1
04-11-2020,16,0,0,0,9,0,7,0,-1,-1,-1,-1
04-12-2020,16,0,0,0,9,0,7,0,-1,-1,-1,-1
04-13-2020,16,0,0,0,10,1,6,-1,-1,-1,-1,-1
04-14-2020,30,14,0,0,10,0,20,14,-1,-1,-1,-1
04-15-2020,30,0,0,0,12,2,18,-2,-1,-1,-1,-1
04-16-2020,31,1,0,0,12,0,19,1,-1,-1,-1,-1
04-17-2020,31,0,0,0,12,0,19,0,-1,-1,-1,-1
04-18-2020,31,0,0,0,12,0,19,0,-1,-1,-1,-1
04-19-2020,32,1,0,0,12,0,20,1,-1,-1,-1,-1
04-20-2020,33,1,0,0,13,1,20,0,-1,-1,-1,-1
04-21-2020,34,1,0,0,13,0,21,1,-1,-1,-1,-1
04-22-2020,35,1,0,0,14,1,21,0,-1,-1,-1,-1
04-23-2020,35,0,0,0,14,0,21,0,-1,-1,-1,-1
04-24-2020,36,1,0,0,14,0,22,1,-1,-1,-1,-1
04-25-2020,36,0,0,0,14,0,22,0,-1,-1,-1,-1
04-26-2020,37,1,0,0,14,0,23,1,-1,-1,-1,-1
04-27-2020,38,1,0,0,14,0,24,1,-1,-1,-1,-1
04-28-2020,38,0,0,0,26,12,12,-12,-1,-1,-1,-1
04-29-2020,38,0,0,0,26,0,12,0,-1,-1,-1,-1
04-30-2020,38,0,0,0,27,1,11,-1,-1,-1,-1,-1
05-01-2020,38,0,0,0,27,0,11,0,-1,-1,-1,-1
05-02-2020,38,0,0,0,27,0,11,0,-1,-1,-1,-1
05-03-2020,39,1,0,0,28,1,11,0,-1,-1,-1,-1
05-04-2020,40,1,0,0,29,1,11,0,-1,-1,-1,-1
05-05-2020,41,1,0,0,30,1,11,0,-1,-1,-1,-1
05-06-2020,41,0,0,0,31,1,10,-1,-1,-1,-1,-1
05-07-2020,41,0,0,0,31,0,10,0,-1,-1,-1,-1
05-08-2020,42,1,0,0,31,0,11,1,-1,-1,-1,-1
05-09-2020,42,0,0,0,32,1,10,-1,-1,-1,-1,-1
05-10-2020,42,0,0,0,32,0,10,0,-1,-1,-1,-1
05-11-2020,42,0,0,0,33,1,9,-1,-1,-1,-1,-1
05-12-2020,42,0,0,0,35,2,7,-2,-1,-1,-1,-1
05-13-2020,42,0,0,0,35,0,7,0,-1,-1,-1,-1
05-14-2020,42,0,0,0,35,0,7,0,-1,-1,-1,-1
05-15-2020,98,56,0,0,35,0,63,56,-1,-1,-1,-1
05-16-2020,135,37,0,0,35,0,100,37,-1,-1,-1,-1
05-17-2020,136,1,0,0,36,1,100,0,-1,-1,-1,-1
05-18-2020,140,4,0,0,37,1,103,3,-1,-1,-1,-1
05-19-2020,140,0,0,0,38,1,102,-1,-1,-1,-1,-1
05-20-2020,140,0,0,0,38,0,102,0,-1,-1,-1,-1
05-21-2020,140,0,0,0,38,0,102,0,-1,-1,-1,-1
05-22-2020,141,1,0,0,39,1,102,0,-1,-1,-1,-1
05-23-2020,141,0,0,0,39,0,102,0,-1,-1,-1,-1
05-24-2020,141,0,0,0,40,1,101,-1,-1,-1,-1,-1
05-25-2020,141,0,0,0,40,0,101,0,-1,-1,-1,-1
05-26-2020,141,0,0,0,40,0,101,0,-1,-1,-1,-1
05-27-2020,148,7,0,0,40,0,108,7,-1,-1,-1,-1
05-28-2020,161,13,0,0,40,0,121,13,-1,-1,-1,-1
05-29-2020,179,18,0,0,86,46,93,-28,-1,-1,-1,-1
05-30-2020,179,0,0,0,116,30,63,-30,-1,-1,-1,-1
05-31-2020,179,0,0,0,117,1,62,-1,-1,-1,-1,-1
06-01-2020,179,0,0,0,120,3,59,-3,-1,-1,-1,-1
06-02-2020,185,6,0,0,120,0,65,6,-1,-1,-1,-1
06-03-2020,185,0,0,0,120,0,65,0,-1,-1,-1,-1
06-04-2020,185,0,0,0,120,0,65,0,-1,-1,-1,-1
06-05-2020,186,1,0,0,121,1,65,0,-1,-1,-1,-1
06-06-2020,191,5,0,0,121,0,70,5,-1,-1,-1,-1
06-07-2020,193,2,0,0,121,0,72,2,-1,-1,-1,-1
06-08-2020,193,0,0,0,121,0,72,0,-1,-1,-1,-1
06-09-2020,194,1,0,0,121,0,73,1,-1,-1,-1,-1
06-10-2020,194,0,0,0,127,6,67,-6,75,-1,119,-1
06-11-2020,194,0,0,0,138,11,56,-11,75,0,119,0
06-12-2020,197,3,0,0,160,22,37,-19,95,20,102,-17
06-13-2020,197,0,0,0,165,5,32,-5,95,0,102,0
06-14-2020,197,0,0,0,165,0,32,0,95,0,102,0
06-15-2020,197,0,0,0,166,1,31,-1,95,0,102,0
06-16-2020,197,0,0,0,171,5,26,-5,109,14,88,-14
06-17-2020,197,0,0,0,171,0,26,0,111,2,86,-2
06-18-2020,201,4,0,0,171,0,30,4,127,16,74,-12
06-19-2020,204,3,0,0,172,1,32,2,132,5,72,-2
06-20-2020,204,0,0,0,176,4,28,-4,132,0,72,0
06-21-2020,206,2,0,0,178,2,28,0,139,7,67,-5
06-22-2020,213,7,0,0,178,0,35,7,153,14,60,-7
06-23-2020,215,2,0,0,178,0,37,2,158,5,57,-3
06-24-2020,215,0,0,0,179,1,36,-1,168,10,47,-10
06-25-2020,216,1,0,0,181,2,35,-1,169,1,47,0
06-26-2020,219,3,0,0,189,8,30,-5,170,1,49,2
06-27-2020,219,0,0,0,191,2,28,-2,170,0,49,0
06-28-2020,219,0,0,0,191,0,28,0,170,0,49,0
06-29-2020,220,1,0,0,191,0,29,1,175,5,45,-4
06-30-2020,220,0,0,0,192,1,28,-1,175,0,45,0
07-01-2020,220,0,0,0,192,0,28,0,175,0,45,0
07-02-2020,220,0,0,0,195,3,25,-3,175,0,45,0
07-03-2020,220,0,0,0,198,3,22,-3,175,0,45,0
07-04-2020,220,0,0,0,199,1,21,-1,175,0,45,0
07-05-2020,220,0,0,0,200,1,20,-1,175,0,45,0
07-06-2020,220,0,0,0,206,6,14,-6,175,0,45,0
07-07-2020,220,0,0,0,208,2,12,-2,175,0,45,0
07-08-2020,227,7,0,0,208,0,19,7,195,20,32,-13
07-09-2020,227,0,0,0,210,2,17,-2,195,0,32,0
07-10-2020,227,0,0,0,213,3,14,-3,195,0,32,0
07-11-2020,227,0,0,0,213,0,14,0,195,0,32,0
07-12-2020,227,0,0,0,213,0,14,0,195,0,32,0
07-13-2020,230,3,0,0,214,1,16,2,195,0,35,3
07-14-2020,230,0,0,0,215,1,15,-1,195,0,35,0
07-15-2020,243,13,0,0,215,0,28,13,195,0,48,13
07-16-2020,261,18,0,0,215,0,46,18,195,0,66,18
07-17-2020,262,1,0,0,216,1,46,0,211,16,51,-15
07-18-2020,287,25,0,0,216,0,71,25,211,0,76,25
07-19-2020,287,0,0,0,216,0,71,0,211,0,76,0
07-20-2020,287,0,0,0,217,1,70,-1,211,0,76,0
07-21-2020,287,0,0,0,218,1,69,-1,211,0,76,0
07-22-2020,287,0,0,0,223,5,64,-5,211,0,76,0
07-23-2020,287,0,0,0,223,0,64,0,211,0,76,0
07-24-2020,288,1,0,0,224,1,64,0,217,6,71,-5
07-25-2020,288,0,0,0,224,0,64,0,217,0,71,0
07-26-2020,288,0,0,0,224,0,64,0,217,0,71,0
07-27-2020,288,0,0,0,226,2,62,-2,217,0,71,0
07-28-2020,289,1,0,0,226,0,63,1,222,5,67,-4
07-29-2020,291,2,0,0,237,11,54,-9,225,3,66,-1
07-30-2020,291,0,0,0,252,15,39,-15,225,0,66,0
07-31-2020,291,0,0,0,253,1,38,-1,225,0,66,0
08-01-2020,291,0,0,0,273,20,18,-20,225,0,66,0
08-02-2020,293,2,0,0,273,0,20,2,230,5,63,-3
08-03-2020,293,0,0,0,273,0,20,0,230,0,63,0
08-04-2020,293,0,0,0,274,1,19,-1,230,0,63,0
08-05-2020,293,0,0,0,275,1,18,-1,230,0,63,0
08-06-2020,293,0,0,0,275,0,18,0,230,0,63,0
08-07-2020,293,0,0,0,276,1,17,-1,260,30,33,-30
08-08-2020,293,0,0,0,276,0,17,0,260,0,33,0
08-09-2020,293,0,0,0,276,0,17,0,263,3,30,-3
08-10-2020,293,0,0,0,276,0,17,0,263,0,30,0
08-11-2020,293,0,0,0,277,1,16,-1,263,0,30,0
08-12-2020,293,0,0,0,280,3,13,-3,263,0,30,0
08-13-2020,297,4,0,0,283,3,14,1,269,6,28,-2
08-14-2020,297,0,0,0,283,0,14,0,269,0,28,0
08-15-2020,298,1,0,0,286,3,12,-2,272,3,26,-2
08-16-2020,298,0,0,0,288,2,10,-2,272,0,26,0
08-17-2020,298,0,0,0,288,0,10,0,272,0,26,0
08-18-2020,298,0,0,0,288,0,10,0,272,0,26,0
08-19-2020,298,0,0,0,288,0,10,0,272,0,26,0
08-20-2020,298,0,0,0,288,0,10,0,272,0,26,0
08-21-2020,298,0,0,0,289,1,9,-1,272,0,26,0
08-22-2020,298,0,0,0,289,0,9,0,272,0,26,0
08-23-2020,298,0,0,0,289,0,9,0,272,0,26,0
08-24-2020,298,0,0,0,289,0,9,0,272,0,26,0
08-25-2020,298,0,0,0,289,0,9,0,272,0,26,0
