date,Confirmed,newConfirmed,Deaths,newDeaths,Est.Recovered,newEst.Recovered,Est.Active,newEst.Active,Recovered,newRecovered,Active,newActive
03-03-2020,1,1,0,0,0,0,1,1,0,0,1,1
03-04-2020,1,0,0,0,0,0,1,0,0,0,1,0
03-05-2020,1,0,0,0,0,0,1,0,0,0,1,0
03-06-2020,2,1,0,0,0,0,2,1,0,0,2,1
03-07-2020,2,0,0,0,0,0,2,0,0,0,2,0
03-08-2020,2,0,0,0,0,0,2,0,0,0,2,0
03-09-2020,7,5,0,0,0,0,7,5,0,0,7,5
03-10-2020,7,0,0,0,0,0,7,0,0,0,7,0
03-11-2020,9,2,0,0,0,0,9,2,0,0,9,2
03-12-2020,17,8,0,0,0,0,17,8,0,0,17,8
03-13-2020,19,2,0,0,0,0,19,2,0,0,19,2
03-14-2020,26,7,0,0,0,0,26,7,0,0,26,7
03-15-2020,33,7,0,0,0,0,33,7,0,0,33,7
03-16-2020,41,8,0,0,0,0,41,8,0,0,41,8
03-17-2020,66,25,0,0,0,0,66,25,0,0,66,25
03-18-2020,92,26,0,0,0,0,92,26,0,0,92,26
03-19-2020,139,47,0,0,0,0,139,47,0,0,139,47
03-20-2020,188,49,0,0,1,1,187,48,0,0,188,49
03-21-2020,283,95,0,0,1,0,282,95,0,0,283,95
03-22-2020,311,28,0,0,1,0,310,28,0,0,311,28
03-23-2020,420,109,0,0,5,4,415,105,0,0,420,109
03-24-2020,512,92,0,0,5,0,507,92,0,0,512,92
03-25-2020,625,113,2,2,5,0,618,111,0,0,623,111
03-26-2020,755,130,3,1,10,5,742,124,0,0,752,129
03-27-2020,944,189,5,2,10,0,929,187,0,0,939,187
03-28-2020,1062,118,5,0,16,6,1041,112,0,0,1057,118
03-29-2020,1189,127,6,1,20,4,1163,122,0,0,1183,126
03-30-2020,1379,190,8,2,25,5,1346,183,0,0,1371,188
03-31-2020,1561,182,12,4,41,16,1508,162,0,0,1549,178
04-01-2020,1768,207,16,4,58,17,1694,186,0,0,1752,203
04-02-2020,2041,273,21,5,91,33,1929,235,0,0,2020,268
04-03-2020,2336,295,30,9,122,31,2184,255,0,0,2306,286
04-04-2020,2549,213,35,5,194,72,2320,136,0,0,2514,208
04-05-2020,2683,134,41,6,211,17,2431,111,0,0,2642,128
04-06-2020,3054,371,50,9,291,80,2713,282,0,0,3004,362
04-07-2020,3347,293,58,8,357,66,2932,219,190,190,3099,95
04-08-2020,3576,229,67,9,440,83,3069,137,210,20,3299,200
04-09-2020,3844,268,82,15,531,91,3231,162,281,71,3481,182
04-10-2020,4090,246,87,5,680,149,3323,92,284,3,3719,238
04-11-2020,4401,311,89,2,774,94,3538,215,313,29,3999,280
04-12-2020,4602,201,91,2,876,102,3635,97,325,12,4186,187
04-13-2020,5007,405,111,20,1011,135,3885,250,325,0,4571,385
04-14-2020,5170,163,120,9,1153,142,3897,12,883,558,4167,-404
04-15-2020,5424,254,138,18,1307,154,3979,82,900,17,4386,219
04-16-2020,5668,244,155,17,1517,210,3996,17,964,64,4549,163
04-17-2020,6198,530,181,26,1737,220,4280,284,997,33,5020,471
04-18-2020,6376,178,191,10,1913,176,4272,-8,1177,180,5008,-12
04-19-2020,6605,229,200,9,2016,103,4389,117,1177,0,5228,220
04-20-2020,6979,374,220,20,2312,296,4447,58,1247,70,5512,284
04-21-2020,7135,156,245,25,2538,226,4352,-95,1302,55,5588,76
04-22-2020,7545,410,267,22,2717,179,4561,209,1302,0,5976,388
04-23-2020,7820,275,281,14,2939,222,4600,39,1302,0,6237,261
04-24-2020,8290,470,295,14,3151,212,4844,244,1302,0,6693,456
04-25-2020,8768,478,305,10,3409,258,5054,210,1356,54,7107,414
04-26-2020,8997,229,324,19,3571,162,5102,48,1472,116,7201,94
04-27-2020,9428,431,340,16,3910,339,5178,76,1709,237,7379,178
04-28-2020,9755,327,363,23,4046,136,5346,168,1709,0,7683,304
04-29-2020,10180,425,382,19,4263,217,5535,189,1808,99,7990,307
04-30-2020,10754,574,406,24,4477,214,5871,336,1812,4,8536,546
05-01-2020,11070,316,419,13,4937,460,5714,-157,1812,0,8839,303
05-02-2020,11588,518,431,12,5104,167,6053,339,1812,0,9345,506
05-03-2020,11770,182,434,3,5307,203,6029,-24,1812,0,9524,179
05-04-2020,11971,201,442,8,5659,352,5870,-159,1802,-10,9727,203
05-05-2020,12510,539,472,30,5801,142,6237,367,1802,0,10236,509
05-06-2020,13053,543,492,20,6151,350,6410,173,1802,0,10759,523
05-07-2020,13540,487,513,21,6397,246,6630,220,1802,0,11225,466
05-08-2020,14006,466,530,17,6804,407,6672,42,1802,0,11674,449
05-09-2020,14478,472,551,21,7220,416,6707,35,2138,336,11789,115
05-10-2020,14938,460,564,13,7427,207,6947,240,2426,288,11948,159
05-11-2020,15274,336,576,12,7830,403,6868,-79,2426,0,12272,324
05-12-2020,15622,348,600,24,9115,1285,5907,-961,9115,6689,5907,-6365
05-13-2020,16350,728,625,25,9115,0,6610,703,9115,0,6610,703
05-14-2020,16966,616,641,16,9115,0,7210,600,9115,0,7210,600
05-15-2020,17494,528,667,26,9284,169,7543,333,9115,0,7712,502
05-16-2020,18130,636,676,9,9730,446,7724,181,9115,0,8339,627
05-17-2020,18673,543,686,10,9906,176,8081,357,9115,0,8872,533
05-18-2020,19208,535,693,7,11637,1731,6878,-1203,11637,2522,6878,-1994
05-19-2020,19239,31,693,0,11637,0,6909,31,11637,0,6909,31
05-20-2020,20262,1023,726,33,11637,0,7899,990,11637,0,7899,990
05-21-2020,20512,250,728,2,11637,0,8147,248,11637,0,8147,248
05-22-2020,22111,1599,775,47,11934,297,9402,1255,11637,0,9699,1552
05-23-2020,22865,754,778,3,12396,462,9691,289,11637,0,10450,751
05-24-2020,23366,501,784,6,12805,409,9777,86,11637,0,10945,495
05-25-2020,24058,692,790,6,13152,347,10116,339,11637,0,11631,686
05-26-2020,24456,398,801,11,14954,1802,8701,-1415,14954,3317,8701,-2930
05-27-2020,24917,461,844,43,14954,0,9119,418,14954,0,9119,418
05-28-2020,25827,910,877,33,14954,0,9996,877,14954,0,9996,877
05-29-2020,26886,1059,919,42,15110,156,10857,861,14954,0,11013,1017
05-30-2020,27795,909,929,10,15697,587,11169,312,14954,0,11912,899
05-31-2020,28786,991,937,8,16166,469,11683,514,14954,0,12895,983
06-01-2020,29593,807,948,11,16635,469,12010,327,14954,0,13691,796
06-02-2020,30024,431,961,13,18860,2225,10203,-1807,18860,3906,10203,-3488
06-03-2020,31277,1253,999,38,18860,0,11418,1215,18860,0,11418,1215
06-04-2020,32076,799,1006,7,18860,0,12210,792,18860,0,12210,792
06-05-2020,33296,1220,1015,9,19270,410,13011,801,18860,0,13421,1211
06-06-2020,34719,1423,1028,13,19957,687,13734,723,18860,0,14831,1410
06-07-2020,35626,907,1032,4,20435,478,14159,425,18860,0,15734,903
06-08-2020,36518,892,1041,9,21055,620,14422,263,18860,0,16617,883
06-09-2020,37228,710,1068,27,23653,2598,12507,-1915,23653,4793,12507,-4110
06-10-2020,38474,1246,1090,22,23653,0,13731,1224,23653,0,13731,1224
06-11-2020,39585,1111,1106,16,23653,0,14826,1095,23653,0,14826,1095
06-12-2020,41418,1833,1121,15,23659,6,16638,1812,23653,0,16644,1818
06-13-2020,42846,1428,1127,6,24504,845,17215,577,23653,0,18066,1422
06-14-2020,44265,1419,1132,5,25387,883,17746,531,23653,0,19480,1414
06-15-2020,45115,850,1140,8,29219,3832,14756,-2990,29219,5566,14756,-4724
06-16-2020,45908,793,1169,29,29219,0,15520,764,29219,0,15520,764
06-17-2020,46935,1027,1181,12,29219,0,16535,1015,29219,0,16535,1015
06-18-2020,48169,1234,1196,15,29219,0,17754,1219,29219,0,17754,1219
06-19-2020,48169,0,1196,0,29569,350,17404,-350,29219,0,17754,0
06-20-2020,51391,3222,1215,19,30832,1263,19344,1940,29219,0,20957,3203
06-21-2020,51391,0,1215,0,31660,828,18516,-828,29219,0,20957,0
06-22-2020,53615,2224,1224,9,32487,827,19904,1388,29219,0,23172,2215
06-23-2020,54462,847,1252,28,33107,620,20103,199,29219,0,23991,819
06-24-2020,55916,1454,1272,20,34197,1090,20447,344,29219,0,25425,1434
06-25-2020,57185,1269,1291,19,36921,2724,18973,-1474,36921,7702,18973,-6452
06-26-2020,58818,1633,1304,13,36921,0,20593,1620,36921,0,20593,1620
06-27-2020,60542,1724,1319,15,38184,1263,21039,446,36921,0,22302,1709
06-28-2020,62146,1604,1323,4,39495,1311,21328,289,36921,0,23902,1600
06-29-2020,63478,1332,1326,3,45538,6043,16614,-4714,45538,8617,16614,-7288
06-30-2020,64675,1197,1344,18,45538,0,17793,1179,45538,0,17793,1179
07-01-2020,66517,1842,1372,28,45538,0,19607,1814,45538,0,19607,1814
07-02-2020,68142,1625,1391,19,45538,0,21213,1606,45538,0,21213,1606
07-03-2020,70244,2102,1401,10,45538,0,23305,2092,45538,0,23305,2092
07-04-2020,71654,1410,1401,0,46229,691,24024,719,45538,0,24715,1410
07-05-2020,72988,1334,1408,7,46374,145,25206,1182,45538,0,26042,1327
07-06-2020,74530,1542,1410,2,55318,8944,17802,-7404,55318,9780,17802,-8240
07-07-2020,75886,1356,1429,19,55318,0,19139,1337,55318,0,19139,1337
07-08-2020,77316,1430,1450,21,55318,0,20548,1409,55318,0,20548,1409
07-09-2020,79357,2041,1469,19,55318,0,22570,2022,55318,0,22570,2022
07-10-2020,81336,1979,1487,18,55318,0,24531,1961,55318,0,24531,1961
07-11-2020,83794,2458,1506,19,55318,0,26970,2439,55318,0,26970,2439
07-12-2020,85712,1918,1510,4,56464,1146,27738,768,55318,0,28884,1914
07-13-2020,87532,1820,1517,7,67124,10660,18891,-8847,67124,11806,18891,-9993
07-14-2020,89498,1966,1550,33,67124,0,20824,1933,67124,0,20824,1933
07-15-2020,91265,1767,1568,18,67124,0,22573,1749,67124,0,22573,1749
07-16-2020,93425,2160,1588,20,67124,0,24713,2140,67124,0,24713,2140
07-17-2020,95478,2053,1606,18,67124,0,26748,2035,67124,0,26748,2035
07-18-2020,97959,2481,1629,23,67124,0,29206,2458,67124,0,29206,2458
07-19-2020,99780,1821,1634,5,67124,0,31022,1816,67124,0,31022,1816
07-20-2020,101050,1270,1642,8,68059,935,31349,327,67124,0,32284,1262
07-21-2020,102871,1821,1668,26,69285,1226,31918,569,67124,0,34079,1795
07-22-2020,104999,2128,1698,30,78707,9422,24594,-7324,78707,11583,24594,-9485
07-23-2020,106753,1754,1726,28,78707,0,26320,1726,78707,0,26320,1726
07-24-2020,108991,2238,1746,20,78707,0,28538,2218,78707,0,28538,2218
07-25-2020,111097,2106,1778,32,78707,0,30612,2074,78707,0,30612,2074
07-26-2020,112714,1617,1785,7,78707,0,32222,1610,78707,0,32222,1610
07-27-2020,114335,1621,1790,5,80253,1546,32292,70,78707,0,33838,1616
07-28-2020,116088,1753,1820,30,82023,1770,32245,-47,78707,0,35561,1723
07-29-2020,117201,1113,1852,32,83731,1708,31618,-627,78707,0,36642,1081
07-30-2020,120193,2992,1906,54,85716,1985,32571,953,78707,0,39580,2938
07-31-2020,122148,1955,1930,24,92302,6586,27916,-4655,92302,13595,27916,-11664
08-01-2020,123878,1730,1930,0,92302,0,29646,1730,92302,0,29646,1730
08-02-2020,125215,1337,1974,44,92302,0,30939,1293,92302,0,30939,1293
08-03-2020,126533,1318,1987,13,92978,676,31568,629,92302,0,32244,1305
08-04-2020,128163,1630,2013,26,105093,12115,21057,-10511,105093,12791,21057,-11187
08-05-2020,129289,1126,2053,40,105093,0,22143,1086,105093,0,22143,1086
08-06-2020,131269,1980,2097,44,105093,0,24079,1936,105093,0,24079,1936
08-07-2020,132814,1545,2137,40,105093,0,25584,1505,105093,0,25584,1505
08-08-2020,134770,1956,2164,27,105093,0,27513,1929,105093,0,27513,1929
08-09-2020,136221,1451,2172,8,105093,0,28956,1443,105093,0,28956,1443
08-10-2020,136847,626,2176,4,105863,770,28808,-148,105093,0,29578,622
08-11-2020,137898,1051,2209,33,116969,11106,18720,-10088,116969,11876,18720,-10858
08-12-2020,139151,1253,2253,44,116969,0,19929,1209,116969,0,19929,1209
08-13-2020,140883,1732,2291,38,116969,0,21623,1694,116969,0,21623,1694
08-14-2020,142226,1343,2315,24,116969,0,22942,1319,116969,0,22942,1319
08-15-2020,142226,0,2315,0,116969,0,22942,0,116969,0,22942,0
08-16-2020,144993,2767,2349,34,116969,0,25675,2733,116969,0,25675,2733
08-17-2020,145556,563,2352,3,118013,1044,25191,-484,116969,0,26235,560
08-18-2020,146815,1259,2399,47,127749,9736,16667,-8524,127749,10780,16667,-9568
08-19-2020,147960,1145,2433,34,127749,0,17778,1111,127749,0,17778,1111
08-20-2020,149940,1980,2467,34,127749,0,19724,1946,127749,0,19724,1946
08-21-2020,149940,0,2467,0,127749,0,19724,0,127749,0,19724,0
08-22-2020,153662,3722,2523,56,127749,0,23390,3666,127749,0,23390,3666
08-23-2020,155133,1471,2533,10,127871,122,24729,1339,127749,0,24851,1461
08-24-2020,156413,1280,2537,4,128692,821,25184,455,127749,0,26127,1276
08-25-2020,156413,0,2537,0,129887,1195,23989,-1195,127749,0,26127,0
