date,Confirmed,newConfirmed,Deaths,newDeaths,Est.Recovered,newEst.Recovered,Est.Active,newEst.Active,Recovered,newRecovered,Active,newActive
01-22-2020,1,1,0,0,0,0,1,1,-1,-1,-1,-1
01-23-2020,1,0,0,0,0,0,1,0,-1,-1,-1,-1
01-24-2020,2,1,0,0,0,0,2,1,-1,-1,-1,-1
01-25-2020,3,1,0,0,0,0,3,1,-1,-1,-1,-1
01-26-2020,4,1,0,0,0,0,4,1,-1,-1,-1,-1
01-27-2020,4,0,0,0,0,0,4,0,-1,-1,-1,-1
01-28-2020,7,3,0,0,0,0,7,3,-1,-1,-1,-1
01-29-2020,11,4,0,0,0,0,11,4,-1,-1,-1,-1
01-30-2020,14,3,0,0,0,0,14,3,-1,-1,-1,-1
01-31-2020,17,3,0,0,0,0,17,3,-1,-1,-1,-1
02-01-2020,20,3,0,0,0,0,20,3,-1,-1,-1,-1
02-02-2020,20,0,0,0,0,0,20,0,-1,-1,-1,-1
02-03-2020,20,0,0,0,0,0,20,0,-1,-1,-1,-1
02-04-2020,23,3,0,0,0,0,23,3,-1,-1,-1,-1
02-05-2020,25,2,0,0,0,0,25,2,-1,-1,-1,-1
02-06-2020,25,0,0,0,0,0,25,0,-1,-1,-1,-1
02-07-2020,25,0,0,0,1,1,24,-1,-1,-1,-1,-1
02-08-2020,25,0,0,0,2,1,23,-1,-1,-1,-1,-1
02-09-2020,26,1,0,0,3,1,23,0,-1,-1,-1,-1
02-10-2020,26,0,0,0,3,0,23,0,-1,-1,-1,-1
02-11-2020,28,2,0,0,5,2,23,0,-1,-1,-1,-1
02-12-2020,29,1,0,0,8,3,21,-2,-1,-1,-1,-1
02-13-2020,33,4,1,1,10,2,22,1,-1,-1,-1,-1
02-14-2020,41,8,1,0,12,2,28,6,-1,-1,-1,-1
02-15-2020,53,12,1,0,15,3,37,9,-1,-1,-1,-1
02-16-2020,59,6,1,0,15,0,43,6,-1,-1,-1,-1
02-17-2020,65,6,1,0,15,0,49,6,-1,-1,-1,-1
02-18-2020,72,7,1,0,17,2,54,5,-1,-1,-1,-1
02-19-2020,73,1,1,0,19,2,53,-1,-1,-1,-1,-1
02-20-2020,93,20,1,0,19,0,73,20,-1,-1,-1,-1
02-21-2020,105,12,1,0,19,0,85,12,-1,-1,-1,-1
02-22-2020,132,27,1,0,19,0,112,27,-1,-1,-1,-1
02-23-2020,144,12,1,0,20,1,123,11,-1,-1,-1,-1
02-24-2020,156,12,1,0,20,0,135,12,-1,-1,-1,-1
02-25-2020,157,1,1,0,22,2,134,-1,-1,-1,-1,-1
02-26-2020,186,29,3,2,22,0,161,27,-1,-1,-1,-1
02-27-2020,187,1,4,1,24,2,159,-2,-1,-1,-1,-1
02-28-2020,210,23,5,1,30,6,175,16,-1,-1,-1,-1
02-29-2020,239,29,5,0,40,10,194,19,-1,-1,-1,-1
03-01-2020,239,0,6,1,44,4,189,-5,-1,-1,-1,-1
03-02-2020,268,29,6,0,49,5,213,24,-1,-1,-1,-1
03-03-2020,284,16,6,0,55,6,223,10,-1,-1,-1,-1
03-04-2020,287,3,6,0,56,1,225,2,-1,-1,-1,-1
03-05-2020,349,62,6,0,72,16,271,46,-1,-1,-1,-1
03-06-2020,349,0,6,0,82,10,261,-10,-1,-1,-1,-1
03-07-2020,407,58,6,0,104,22,297,36,-1,-1,-1,-1
03-08-2020,455,48,6,0,114,10,335,38,-1,-1,-1,-1
03-09-2020,514,59,9,3,121,7,384,49,-1,-1,-1,-1
03-10-2020,514,0,9,0,122,1,383,-1,-1,-1,-1,-1
03-11-2020,568,54,12,3,143,21,413,30,-1,-1,-1,-1
03-12-2020,620,52,15,3,141,-2,464,51,-1,-1,-1,-1
03-13-2020,675,55,19,4,157,16,499,35,-1,-1,-1,-1
03-14-2020,780,105,22,3,180,23,578,79,-1,-1,-1,-1
03-15-2020,780,0,22,0,180,0,578,0,-1,-1,-1,-1
03-16-2020,814,34,24,2,203,23,587,9,-1,-1,-1,-1
03-17-2020,829,15,28,4,213,10,588,1,-1,-1,-1,-1
03-18-2020,873,44,29,1,214,1,630,42,-1,-1,-1,-1
03-19-2020,950,77,33,4,263,49,654,24,-1,-1,-1,-1
03-20-2020,996,46,35,2,263,0,698,44,-1,-1,-1,-1
03-21-2020,1046,50,36,1,313,50,697,-1,-1,-1,-1,-1
03-22-2020,1046,0,36,0,354,41,656,-41,-1,-1,-1,-1
03-23-2020,1089,43,41,5,398,44,650,-6,-1,-1,-1,-1
03-24-2020,1128,39,42,1,397,-1,689,39,-1,-1,-1,-1
03-25-2020,1193,65,43,1,444,47,706,17,-1,-1,-1,-1
03-26-2020,1291,98,45,2,485,41,761,55,-1,-1,-1,-1
03-27-2020,1387,96,46,1,532,47,809,48,-1,-1,-1,-1
03-28-2020,1499,112,49,3,618,86,832,23,-1,-1,-1,-1
03-29-2020,1693,194,52,3,616,-2,1025,193,-1,-1,-1,-1
03-30-2020,1866,173,54,2,646,30,1166,141,-1,-1,-1,-1
03-31-2020,1953,87,56,2,658,12,1239,73,-1,-1,-1,-1
04-01-2020,2178,225,57,1,693,35,1428,189,-1,-1,-1,-1
04-02-2020,2384,206,57,0,766,73,1561,133,-1,-1,-1,-1
04-03-2020,2617,233,65,8,795,29,1757,196,-1,-1,-1,-1
04-04-2020,2935,318,69,4,841,46,2025,268,-1,-1,-1,-1
04-05-2020,3271,336,70,1,848,7,2353,328,-1,-1,-1,-1
04-06-2020,3654,383,73,3,888,40,2693,340,-1,-1,-1,-1
04-07-2020,3906,252,80,7,913,25,2913,220,-1,-1,-1,-1
04-08-2020,4257,351,81,1,974,61,3202,289,-1,-1,-1,-1
04-09-2020,4768,511,85,4,1056,82,3627,425,-1,-1,-1,-1
04-10-2020,5347,579,88,3,1140,84,4119,492,-1,-1,-1,-1
04-11-2020,6005,658,94,6,1241,101,4670,551,-1,-1,-1,-1
04-12-2020,6748,743,98,4,1394,153,5256,586,-1,-1,-1,-1
04-13-2020,7255,507,102,4,1536,142,5617,361,-1,-1,-1,-1
04-14-2020,7645,390,109,7,1603,67,5933,316,-1,-1,-1,-1
04-15-2020,8100,455,119,10,1781,178,6200,267,-1,-1,-1,-1
04-16-2020,8582,482,136,17,1945,164,6501,301,-1,-1,-1,-1
04-17-2020,9167,585,148,12,2128,183,6891,390,-1,-1,-1,-1
04-18-2020,9795,628,154,6,2390,262,7251,360,-1,-1,-1,-1
04-19-2020,10361,566,161,7,2657,267,7543,292,-1,-1,-1,-1
04-20-2020,10751,390,171,10,2966,309,7614,71,-1,-1,-1,-1
04-21-2020,11119,368,186,15,3161,195,7772,158,-1,-1,-1,-1
04-22-2020,11496,377,277,91,3366,205,7853,81,-1,-1,-1,-1
04-23-2020,11919,423,287,10,3786,420,7846,-7,-1,-1,-1,-1
04-24-2020,12388,469,317,30,4242,456,7829,-17,-1,-1,-1,-1
04-25-2020,12829,441,334,17,4778,536,7717,-112,-1,-1,-1,-1
04-26-2020,13182,353,348,14,5393,615,7441,-276,-1,-1,-1,-1
04-27-2020,13385,203,351,3,5827,434,7207,-234,-1,-1,-1,-1
04-28-2020,13576,191,376,25,6131,304,7069,-138,-1,-1,-1,-1
04-29-2020,13852,276,389,13,6520,389,6943,-126,-1,-1,-1,-1
04-30-2020,14088,236,415,26,6917,397,6756,-187,-1,-1,-1,-1
05-01-2020,14281,193,432,17,7409,492,6440,-316,-1,-1,-1,-1
05-02-2020,14545,264,454,22,7943,534,6148,-292,-1,-1,-1,-1
05-03-2020,14839,294,492,38,8410,467,5937,-211,-1,-1,-1,-1
05-04-2020,15057,218,510,18,8764,354,5783,-154,-1,-1,-1,-1
05-05-2020,15231,174,521,11,9088,324,5622,-161,-1,-1,-1,-1
05-06-2020,15354,123,543,22,9424,336,5387,-235,-1,-1,-1,-1
05-07-2020,15463,109,551,8,9835,411,5077,-310,-1,-1,-1,-1
05-08-2020,15547,84,557,6,10295,460,4695,-382,-1,-1,-1,-1
05-09-2020,15649,102,600,43,10707,412,4342,-353,-1,-1,-1,-1
05-10-2020,15747,98,613,13,11093,386,4041,-301,-1,-1,-1,-1
05-11-2020,15798,51,621,8,11329,236,3848,-193,-1,-1,-1,-1
05-12-2020,15874,76,643,22,11521,192,3710,-138,-1,-1,-1,-1
05-13-2020,16024,150,668,25,11795,274,3561,-149,-1,-1,-1,-1
05-14-2020,16079,55,687,19,12044,249,3348,-213,-1,-1,-1,-1
05-15-2020,16193,114,710,23,12271,227,3212,-136,-1,-1,-1,-1
05-16-2020,16237,44,725,15,12574,303,2938,-274,-1,-1,-1,-1
05-17-2020,16285,48,744,19,12889,315,2652,-286,-1,-1,-1,-1
05-18-2020,16305,20,749,5,13135,246,2421,-231,-1,-1,-1,-1
05-19-2020,16365,60,763,14,13326,191,2276,-145,-1,-1,-1,-1
05-20-2020,16385,20,771,8,13488,162,2126,-150,-1,-1,-1,-1
05-21-2020,16424,39,777,6,13655,167,1992,-134,-1,-1,-1,-1
05-22-2020,16513,89,796,19,13798,143,1919,-73,-1,-1,-1,-1
05-23-2020,16536,23,808,12,13964,166,1764,-155,-1,-1,-1,-1
05-24-2020,16550,14,820,12,14117,153,1613,-151,-1,-1,-1,-1
05-25-2020,16581,31,830,10,14203,86,1548,-65,-1,-1,-1,-1
05-26-2020,16623,42,846,16,14294,91,1483,-65,-1,-1,-1,-1
05-27-2020,16651,28,858,12,14465,171,1328,-155,-1,-1,-1,-1
05-28-2020,16683,32,867,9,14558,93,1258,-70,-1,-1,-1,-1
05-29-2020,16719,36,874,7,14700,142,1145,-113,-1,-1,-1,-1
05-30-2020,16804,85,886,12,14792,92,1126,-19,-1,-1,-1,-1
05-31-2020,16851,47,891,5,14895,103,1065,-61,-1,-1,-1,-1
06-01-2020,16884,33,892,1,14960,65,1032,-33,-1,-1,-1,-1
06-02-2020,16930,46,894,2,15049,89,987,-45,-1,-1,-1,-1
06-03-2020,16986,56,900,6,15096,47,990,3,-1,-1,-1,-1
06-04-2020,17018,32,903,3,15161,65,954,-36,-1,-1,-1,-1
06-05-2020,17064,46,907,4,15264,103,893,-61,-1,-1,-1,-1
06-06-2020,17103,39,914,7,15312,48,877,-16,-1,-1,-1,-1
06-07-2020,17141,38,916,2,15353,41,872,-5,-1,-1,-1,-1
06-08-2020,17174,33,916,0,15395,42,863,-9,-1,-1,-1,-1
06-09-2020,17210,36,916,0,15449,54,845,-18,-1,-1,-1,-1
06-10-2020,17251,41,919,3,15504,55,828,-17,15298,-1,1034,-1
06-11-2020,17292,41,920,1,15548,44,824,-4,15383,85,989,-45
06-12-2020,17332,40,922,2,15601,53,809,-15,15383,0,1027,38
06-13-2020,17382,50,924,2,15687,86,771,-38,15580,197,878,-149
06-14-2020,17429,47,925,1,15746,59,758,-13,15580,0,924,46
06-15-2020,17502,73,925,0,15786,40,791,33,15686,106,891,-33
06-16-2020,17587,85,927,2,15838,52,822,31,15701,15,959,68
06-17-2020,17628,41,931,4,15889,51,808,-14,15850,149,847,-112
06-18-2020,17668,40,935,4,15930,41,803,-5,15930,80,803,-44
06-19-2020,17740,72,935,0,16008,78,797,-6,16008,78,797,-6
06-20-2020,17799,59,952,17,16077,69,770,-27,16077,69,770,-27
06-21-2020,17864,65,953,1,16108,31,803,33,16108,31,803,33
06-22-2020,17916,52,953,0,16133,25,830,27,16133,25,830,27
06-23-2020,17968,52,955,2,16212,79,801,-29,16212,79,801,-29
06-24-2020,18024,56,963,8,16263,51,798,-3,16263,51,798,-3
06-25-2020,18110,86,968,5,16320,57,822,24,16320,57,822,24
06-26-2020,18197,87,969,1,16392,72,836,14,16392,72,836,14
06-27-2020,18297,100,971,2,16452,60,874,38,16452,60,874,38
06-28-2020,18390,93,971,0,16505,53,914,40,16505,53,914,40
06-29-2020,18476,86,972,1,16557,52,947,33,16557,52,947,33
06-30-2020,18593,117,972,0,16631,74,990,43,16631,74,990,43
07-01-2020,18723,130,974,2,16731,100,1018,28,16731,100,1018,28
07-02-2020,18874,151,975,1,16772,41,1127,109,16772,41,1127,109
07-03-2020,19068,194,976,1,16866,94,1226,99,16866,94,1226,99
07-04-2020,19282,214,977,1,16959,93,1346,120,16959,93,1346,120
07-05-2020,19522,240,977,0,17050,91,1495,149,17050,91,1495,149
07-06-2020,19775,253,977,0,17124,74,1674,179,17124,74,1674,179
07-07-2020,19981,206,978,1,17197,73,1806,132,17197,73,1806,132
07-08-2020,20174,193,980,2,17331,134,1863,57,17331,134,1863,57
07-09-2020,20371,197,981,1,17466,135,1924,61,17466,135,1924,61
07-10-2020,20719,348,982,1,17652,186,2085,161,17652,186,2085,161
07-11-2020,21129,410,982,0,17652,0,2495,410,17652,0,2495,410
07-12-2020,21502,373,982,0,18003,351,2517,22,18003,351,2517,22
07-13-2020,21868,366,982,0,18103,100,2783,266,18103,100,2783,266
07-14-2020,22220,352,982,0,18284,181,2954,171,18284,181,2954,171
07-15-2020,22508,288,984,2,18545,261,2979,25,18545,261,2979,25
07-16-2020,22890,382,985,1,18814,269,3091,112,18814,269,3091,112
07-17-2020,23473,583,985,0,18814,0,3674,583,18814,0,3674,583
07-18-2020,24132,659,985,0,19366,552,3781,107,19366,552,3781,107
07-19-2020,24642,510,985,0,19366,0,4291,510,19366,0,4291,510
07-20-2020,25096,454,985,0,19757,391,4354,63,19757,391,4354,63
07-21-2020,25736,640,988,3,20155,398,4593,239,20155,398,4593,239
07-22-2020,26303,567,989,1,20651,496,4663,70,20651,496,4663,70
07-23-2020,27029,726,990,1,21035,384,5004,341,21035,384,5004,341
07-24-2020,27956,927,992,2,21328,293,5636,632,21328,293,5636,632
07-25-2020,28786,830,993,1,21567,239,6226,590,21567,239,6226,590
07-26-2020,29382,596,996,3,21762,195,6624,398,21762,195,6624,398
07-27-2020,29989,607,996,0,22116,354,6877,253,22116,354,6877,253
07-28-2020,30961,972,998,2,22811,695,7152,275,22811,695,7152,275
07-29-2020,31901,940,1001,3,23507,696,7393,241,23507,696,7393,241
07-30-2020,33049,1148,1004,3,24179,672,7866,473,24179,672,7866,473
07-31-2020,34372,1323,1006,2,24929,750,8437,571,24929,750,8437,571
08-01-2020,35836,1464,1011,5,25506,577,9319,882,25506,577,9319,882
08-02-2020,36689,853,1011,0,25906,400,9772,453,25906,400,9772,453
08-03-2020,38687,1998,1012,1,26487,581,11188,1416,26487,581,11188,1416
08-04-2020,39858,1171,1016,4,27197,710,11645,457,27197,710,11645,457
08-05-2020,41129,1271,1022,6,28028,831,12079,434,28028,831,12079,434
08-06-2020,42263,1134,1026,4,28877,849,12360,281,28877,849,12360,281
08-07-2020,43815,1552,1033,7,30153,1276,12629,269,30153,1276,12629,269
08-08-2020,45439,1624,1039,6,31307,1154,13093,464,31307,1154,13093,464
08-09-2020,46783,1344,1040,1,32312,1005,13431,338,32312,1005,13431,338
08-10-2020,47990,1207,1047,7,33058,746,13885,454,33058,746,13885,454
08-11-2020,48928,938,1052,5,33975,917,13901,16,33975,917,13901,16
08-12-2020,50210,1282,1059,7,34888,913,14263,362,34888,913,14263,362
08-13-2020,51147,937,1063,4,36134,1246,13950,-313,36134,1246,13950,-313
08-14-2020,52217,1070,1073,10,37479,1345,13665,-285,37479,1345,13665,-285
08-15-2020,53577,1360,1085,12,38945,1466,13547,-118,38945,1466,13547,-118
08-16-2020,54714,1137,1088,3,40080,1135,13546,-1,40080,1135,13546,-1
08-17-2020,55667,953,1099,11,41196,1116,13372,-174,41196,1116,13372,-174
08-18-2020,56685,1018,1115,16,42284,1088,13286,-86,42284,1088,13286,-86
08-19-2020,57550,865,1128,13,43835,1551,12587,-699,43835,1551,12587,-699
08-20-2020,58501,951,1144,16,43835,0,13522,935,43835,0,13522,935
08-21-2020,59721,1220,1155,11,46467,2632,12099,-1423,46467,2632,12099,-1423
08-22-2020,60733,1012,1169,14,47622,1155,11942,-157,47622,1155,11942,-157
08-23-2020,61747,1014,1176,7,48550,928,12021,79,48550,928,12021,79
08-24-2020,62507,760,1181,5,49340,790,11986,-35,49340,790,11986,-35
08-25-2020,63121,614,1196,15,50431,1091,11494,-492,50431,1091,11494,-492
