date,Confirmed,newConfirmed,Deaths,newDeaths,Est.Recovered,newEst.Recovered,Est.Active,newEst.Active,Recovered,newRecovered,Active,newActive
03-17-2020,2,2,0,0,0,0,2,2,-1,-1,-1,-1
03-18-2020,2,0,0,0,0,0,2,0,-1,-1,-1,-1
03-19-2020,10,8,0,0,0,0,10,8,-1,-1,-1,-1
03-20-2020,14,4,0,0,0,0,14,4,-1,-1,-1,-1
03-21-2020,14,0,0,0,0,0,14,0,-1,-1,-1,-1
03-22-2020,14,0,0,0,0,0,14,0,-1,-1,-1,-1
03-23-2020,21,7,0,0,0,0,21,7,-1,-1,-1,-1
03-24-2020,22,1,0,0,0,0,22,1,-1,-1,-1,-1
03-25-2020,29,7,0,0,0,0,29,7,-1,-1,-1,-1
03-26-2020,52,23,1,1,-1,-1,52,23,-1,-1,-1,-1
03-27-2020,67,15,1,0,-1,0,67,15,-1,-1,-1,-1
03-28-2020,70,3,1,0,-1,0,70,3,-1,-1,-1,-1
03-29-2020,82,12,1,0,-1,0,82,12,-1,-1,-1,-1
03-30-2020,85,3,1,0,-1,0,85,3,-1,-1,-1,-1
03-31-2020,91,6,1,0,0,1,90,5,-1,-1,-1,-1
04-01-2020,105,14,2,1,0,0,103,13,-1,-1,-1,-1
04-02-2020,120,15,2,0,6,6,112,9,-1,-1,-1,-1
04-03-2020,140,20,2,0,9,3,129,17,-1,-1,-1,-1
04-04-2020,160,20,2,0,9,0,149,20,-1,-1,-1,-1
04-05-2020,197,37,2,0,9,0,186,37,-1,-1,-1,-1
04-06-2020,203,6,2,0,15,6,186,0,-1,-1,-1,-1
04-07-2020,223,20,2,0,15,0,206,20,-1,-1,-1,-1
04-08-2020,248,25,2,0,21,6,225,19,-1,-1,-1,-1
04-09-2020,248,0,2,0,40,19,206,-19,-1,-1,-1,-1
04-10-2020,252,4,2,0,52,12,198,-8,-1,-1,-1,-1
04-11-2020,255,3,2,0,54,2,199,1,-1,-1,-1,-1
04-12-2020,262,7,2,0,64,10,196,-3,-1,-1,-1,-1
04-13-2020,267,5,2,0,66,2,199,3,-1,-1,-1,-1
04-14-2020,274,7,4,2,69,3,201,2,-1,-1,-1,-1
04-15-2020,288,14,4,0,81,12,203,2,-1,-1,-1,-1
04-16-2020,288,0,4,0,94,13,190,-13,-1,-1,-1,-1
04-17-2020,303,15,4,0,111,17,188,-2,-1,-1,-1,-1
04-18-2020,305,2,5,1,126,15,174,-14,-1,-1,-1,-1
04-19-2020,308,3,5,0,156,30,147,-27,-1,-1,-1,-1
04-20-2020,308,0,5,0,162,6,141,-6,-1,-1,-1,-1
04-21-2020,312,4,5,0,178,16,129,-12,-1,-1,-1,-1
04-22-2020,313,1,5,0,199,21,109,-20,-1,-1,-1,-1
04-23-2020,314,1,5,0,203,4,106,-3,-1,-1,-1,-1
04-24-2020,316,2,5,0,208,5,103,-3,-1,-1,-1,-1
04-25-2020,319,3,5,0,211,3,103,0,-1,-1,-1,-1
04-26-2020,319,0,6,1,217,6,96,-7,-1,-1,-1,-1
04-27-2020,321,2,7,1,221,4,93,-3,-1,-1,-1,-1
04-28-2020,321,0,7,0,227,6,87,-6,-1,-1,-1,-1
04-29-2020,321,0,7,0,241,14,73,-14,-1,-1,-1,-1
04-30-2020,322,1,7,0,243,2,72,-1,-1,-1,-1,-1
05-01-2020,322,0,7,0,258,15,57,-15,-1,-1,-1,-1
05-02-2020,322,0,7,0,263,5,52,-5,-1,-1,-1,-1
05-03-2020,322,0,7,0,270,7,45,-7,-1,-1,-1,-1
05-04-2020,322,0,8,1,270,0,44,-1,-1,-1,-1,-1
05-05-2020,323,1,8,0,277,7,38,-6,-1,-1,-1,-1
05-06-2020,324,1,8,0,281,4,35,-3,-1,-1,-1,-1
05-07-2020,324,0,8,0,283,2,33,-2,-1,-1,-1,-1
05-08-2020,324,0,8,0,286,3,30,-3,-1,-1,-1,-1
05-09-2020,324,0,8,0,289,3,27,-3,-1,-1,-1,-1
05-10-2020,324,0,8,0,291,2,25,-2,-1,-1,-1,-1
05-11-2020,324,0,9,1,292,1,23,-2,-1,-1,-1,-1
05-12-2020,324,0,9,0,293,1,22,-1,-1,-1,-1,-1
05-13-2020,324,0,9,0,296,3,19,-3,-1,-1,-1,-1
05-14-2020,324,0,9,0,298,2,17,-2,-1,-1,-1,-1
05-15-2020,324,0,9,0,301,3,14,-3,-1,-1,-1,-1
05-16-2020,324,0,9,0,302,1,13,-1,-1,-1,-1,-1
05-17-2020,324,0,9,0,304,2,11,-2,-1,-1,-1,-1
05-18-2020,324,0,9,0,305,1,10,-1,-1,-1,-1,-1
05-19-2020,324,0,9,0,307,2,8,-2,-1,-1,-1,-1
05-20-2020,324,0,9,0,309,2,6,-2,-1,-1,-1,-1
05-21-2020,324,0,9,0,309,0,6,0,-1,-1,-1,-1
05-22-2020,324,0,9,0,310,1,5,-1,-1,-1,-1,-1
05-23-2020,324,0,9,0,310,0,5,0,-1,-1,-1,-1
05-24-2020,324,0,9,0,311,1,4,-1,-1,-1,-1,-1
05-25-2020,324,0,9,0,311,0,4,0,-1,-1,-1,-1
05-26-2020,324,0,9,0,312,1,3,-1,-1,-1,-1,-1
05-27-2020,324,0,9,0,312,0,3,0,-1,-1,-1,-1
05-28-2020,324,0,9,0,312,0,3,0,-1,-1,-1,-1
05-29-2020,324,0,9,0,313,1,2,-1,-1,-1,-1,-1
05-30-2020,324,0,9,0,313,0,2,0,-1,-1,-1,-1
05-31-2020,324,0,9,0,313,0,2,0,-1,-1,-1,-1
06-01-2020,324,0,9,0,313,0,2,0,-1,-1,-1,-1
06-02-2020,324,0,9,0,314,1,1,-1,-1,-1,-1,-1
06-03-2020,324,0,9,0,314,0,1,0,-1,-1,-1,-1
06-04-2020,324,0,9,0,314,0,1,0,-1,-1,-1,-1
06-05-2020,324,0,9,0,314,0,1,0,-1,-1,-1,-1
06-06-2020,324,0,9,0,314,0,1,0,-1,-1,-1,-1
06-07-2020,324,0,9,0,314,0,1,0,-1,-1,-1,-1
06-08-2020,324,0,9,0,314,0,1,0,-1,-1,-1,-1
06-09-2020,324,0,9,0,314,0,1,0,-1,-1,-1,-1
06-10-2020,324,0,9,0,315,1,0,-1,315,-1,0,-1
06-11-2020,324,0,9,0,315,0,0,0,315,0,0,0
06-12-2020,324,0,9,0,315,0,0,0,315,0,0,0
06-13-2020,324,0,9,0,315,0,0,0,315,0,0,0
06-14-2020,324,0,9,0,315,0,0,0,315,0,0,0
06-15-2020,326,2,9,0,315,0,2,2,315,0,2,2
06-16-2020,326,0,9,0,315,0,2,0,315,0,2,0
06-17-2020,333,7,9,0,315,0,9,7,315,0,9,7
06-18-2020,337,4,9,0,315,0,13,4,315,0,13,4
06-19-2020,355,18,9,0,315,0,31,18,315,0,31,18
06-20-2020,359,4,9,0,315,0,35,4,315,0,35,4
06-21-2020,362,3,9,0,315,0,38,3,315,0,38,3
06-22-2020,367,5,9,0,315,0,43,5,315,0,43,5
06-23-2020,375,8,9,0,315,0,51,8,315,0,51,8
06-24-2020,389,14,9,0,315,0,65,14,315,0,65,14
06-25-2020,414,25,9,0,315,0,90,25,315,0,90,25
06-26-2020,439,25,9,0,315,0,115,25,315,0,115,25
06-27-2020,439,0,9,0,315,0,115,0,315,0,115,0
06-28-2020,481,42,11,2,315,0,155,40,315,0,155,40
06-29-2020,501,20,11,0,315,0,175,20,315,0,175,20
06-30-2020,501,0,11,0,315,0,175,0,315,0,175,0
07-01-2020,576,75,12,1,319,4,245,70,315,0,249,74
07-02-2020,576,0,12,0,322,3,242,-3,315,0,249,0
07-03-2020,663,87,13,1,336,14,314,72,315,0,335,86
07-04-2020,663,0,13,0,339,3,311,-3,315,0,335,0
07-05-2020,781,118,14,1,340,1,427,116,315,0,452,117
07-06-2020,841,60,14,0,344,4,483,56,315,0,512,60
07-07-2020,841,0,14,0,351,7,476,-7,315,0,512,0
07-08-2020,960,119,17,3,359,8,584,108,320,5,623,111
07-09-2020,960,0,17,0,379,20,564,-20,320,0,623,0
07-10-2020,1019,59,19,2,398,19,602,38,320,0,680,57
07-11-2020,1077,58,19,0,398,0,660,58,320,0,738,58
07-12-2020,1164,87,23,4,428,30,713,53,325,5,816,78
07-13-2020,1221,57,23,0,444,16,754,41,325,0,873,57
07-14-2020,1287,66,24,1,443,-1,820,66,325,0,938,65
07-15-2020,1287,0,24,0,505,62,758,-62,325,0,938,0
07-16-2020,1429,142,25,1,504,-1,900,142,325,0,1079,141
07-17-2020,1582,153,26,1,576,72,980,80,330,5,1226,147
07-18-2020,2072,490,30,4,573,-3,1469,489,378,48,1664,438
07-19-2020,2072,0,30,0,669,96,1373,-96,378,0,1664,0
07-20-2020,2072,0,32,2,716,47,1324,-49,378,0,1662,-2
07-21-2020,2072,0,35,3,714,-2,1323,-1,378,0,1659,-3
07-22-2020,2381,309,35,0,813,99,1533,210,426,48,1920,261
07-23-2020,2381,0,39,4,812,-1,1530,-3,426,0,1916,-4
07-24-2020,2665,284,43,4,860,48,1762,232,642,216,1980,64
07-25-2020,2665,0,43,0,907,47,1715,-47,643,1,1979,-1
07-26-2020,2799,134,43,0,983,76,1773,58,739,96,2017,38
07-27-2020,2893,94,45,2,1030,47,1818,45,809,70,2039,22
07-28-2020,2949,56,45,0,1083,53,1821,3,839,30,2065,26
07-29-2020,3016,67,47,2,1092,9,1877,56,931,92,2038,-27
07-30-2020,3073,57,48,1,1206,114,1819,-58,1005,74,2020,-18
07-31-2020,3112,39,49,1,1342,136,1721,-98,1073,68,1990,-30
08-01-2020,3198,86,50,1,1739,397,1409,-312,1293,220,1855,-135
08-02-2020,3258,60,51,1,1754,15,1453,44,1445,152,1762,-93
08-03-2020,3301,43,52,1,1762,8,1487,34,1687,242,1562,-200
08-04-2020,3361,60,53,1,1869,107,1439,-48,1869,182,1439,-123
08-05-2020,3410,49,56,3,2032,163,1322,-117,2032,163,1322,-117
08-06-2020,3480,70,60,4,2178,146,1242,-80,2178,146,1242,-80
08-07-2020,3549,69,61,1,2296,118,1192,-50,2296,118,1192,-50
08-08-2020,3588,39,62,1,2407,111,1119,-73,2407,111,1119,-73
08-09-2020,3618,30,64,2,2452,45,1102,-17,2452,45,1102,-17
08-10-2020,3696,78,68,4,2521,69,1107,5,2521,69,1107,5
08-11-2020,3748,52,71,3,2558,37,1119,12,2558,37,1119,12
08-12-2020,3775,27,73,2,2578,20,1124,5,2558,0,1144,25
08-13-2020,3834,59,73,0,2644,66,1117,-7,2558,0,1203,59
08-14-2020,3880,46,73,0,2702,58,1105,-12,2558,0,1249,46
08-15-2020,3960,80,73,0,2840,138,1047,-58,2558,0,1329,80
08-16-2020,4035,75,77,4,2910,70,1048,1,2910,352,1048,-281
08-17-2020,4058,23,78,1,2927,17,1053,5,2910,0,1070,22
08-18-2020,4132,74,80,2,3035,108,1017,-36,3035,125,1017,-53
08-19-2020,4153,21,80,0,3063,28,1010,-7,3035,0,1038,21
08-20-2020,4211,58,81,1,3119,56,1011,1,3035,0,1095,57
08-21-2020,4249,38,81,0,3217,98,951,-60,3035,0,1133,38
08-22-2020,4290,41,82,1,3251,34,957,6,3035,0,1173,40
08-23-2020,4315,25,84,2,3296,45,935,-22,3035,0,1196,23
08-24-2020,4358,43,84,0,3375,79,899,-36,3035,0,1239,43
08-25-2020,4389,31,85,1,3428,53,876,-23,3035,0,1269,30
