date,Confirmed,newConfirmed,Deaths,newDeaths,Est.Recovered,newEst.Recovered,Est.Active,newEst.Active,Recovered,newRecovered,Active,newActive
02-25-2020,1,1,0,0,0,0,1,1,-1,-1,-1,-1
02-26-2020,1,0,0,0,0,0,1,0,-1,-1,-1,-1
02-27-2020,1,0,0,0,0,0,1,0,-1,-1,-1,-1
02-28-2020,1,0,0,0,0,0,1,0,-1,-1,-1,-1
02-29-2020,1,0,0,0,0,0,1,0,-1,-1,-1,-1
03-01-2020,1,0,0,0,0,0,1,0,-1,-1,-1,-1
03-02-2020,3,2,0,0,0,0,3,2,-1,-1,-1,-1
03-03-2020,5,2,0,0,0,0,5,2,-1,-1,-1,-1
03-04-2020,12,7,0,0,0,0,12,7,-1,-1,-1,-1
03-05-2020,12,0,0,0,0,0,12,0,-1,-1,-1,-1
03-06-2020,17,5,0,0,0,0,17,5,-1,-1,-1,-1
03-07-2020,17,0,0,0,0,0,17,0,-1,-1,-1,-1
03-08-2020,17,0,0,0,0,0,17,0,-1,-1,-1,-1
03-09-2020,20,3,0,0,0,0,20,3,-1,-1,-1,-1
03-10-2020,20,0,0,0,0,0,20,0,-1,-1,-1,-1
03-11-2020,20,0,0,0,0,0,20,0,-1,-1,-1,-1
03-12-2020,25,5,1,1,0,0,24,4,-1,-1,-1,-1
03-13-2020,25,0,1,0,0,0,24,0,-1,-1,-1,-1
03-14-2020,37,12,2,1,-1,-1,36,12,-1,-1,-1,-1
03-15-2020,49,12,3,1,-2,-1,48,12,-1,-1,-1,-1
03-16-2020,49,0,4,1,-1,1,46,-2,-1,-1,-1,-1
03-17-2020,60,11,4,0,0,1,56,10,-1,-1,-1,-1
03-18-2020,72,12,6,2,3,3,63,7,-1,-1,-1,-1
03-19-2020,82,10,7,1,2,-1,73,10,-1,-1,-1,-1
03-20-2020,94,12,10,3,3,1,81,8,-1,-1,-1,-1
03-21-2020,94,0,15,5,-1,-4,80,-1,-1,-1,-1,-1
03-22-2020,139,45,15,0,-1,0,125,45,-1,-1,-1,-1
03-23-2020,201,62,17,2,0,1,184,59,-1,-1,-1,-1
03-24-2020,231,30,17,0,0,0,214,30,-1,-1,-1,-1
03-25-2020,264,33,17,0,0,0,247,33,-1,-1,-1,-1
03-26-2020,264,0,17,0,3,3,244,-3,-1,-1,-1,-1
03-27-2020,305,41,21,4,0,-3,284,40,-1,-1,-1,-1
03-28-2020,367,62,25,4,5,5,337,53,-1,-1,-1,-1
03-29-2020,409,42,26,1,13,8,370,33,-1,-1,-1,-1
03-30-2020,454,45,29,3,11,-2,414,44,-1,-1,-1,-1
03-31-2020,511,57,31,2,18,7,462,48,-1,-1,-1,-1
04-01-2020,584,73,35,4,25,7,524,62,-1,-1,-1,-1
04-02-2020,847,263,58,23,10,-15,779,255,-1,-1,-1,-1
04-03-2020,986,139,83,25,-4,-14,907,128,-1,-1,-1,-1
04-04-2020,1171,185,105,22,-26,-22,1092,185,-1,-1,-1,-1
04-05-2020,1251,80,130,25,-15,11,1136,44,-1,-1,-1,-1
04-06-2020,1251,0,130,0,35,50,1086,-50,-1,-1,-1,-1
04-07-2020,1423,172,173,43,16,-19,1234,148,-1,-1,-1,-1
04-08-2020,1468,45,194,21,22,6,1252,18,-1,-1,-1,-1
04-09-2020,1572,104,205,11,12,-10,1355,103,-1,-1,-1,-1
04-10-2020,1666,94,235,30,15,3,1416,61,-1,-1,-1,-1
04-11-2020,1761,95,256,21,46,31,1459,43,-1,-1,-1,-1
04-12-2020,1825,64,275,19,63,17,1487,28,-1,-1,-1,-1
04-13-2020,1914,89,293,18,81,18,1540,53,-1,-1,-1,-1
04-14-2020,1983,69,313,20,109,28,1561,21,-1,-1,-1,-1
04-15-2020,2070,87,326,13,157,48,1587,26,-1,-1,-1,-1
04-16-2020,2160,90,336,10,362,205,1462,-125,-1,-1,-1,-1
04-17-2020,2268,108,348,12,464,102,1456,-6,-1,-1,-1,-1
04-18-2020,2418,150,364,16,598,134,1456,0,-1,-1,-1,-1
04-19-2020,2534,116,367,3,666,68,1501,45,-1,-1,-1,-1
04-20-2020,2629,95,375,8,667,1,1587,86,-1,-1,-1,-1
04-21-2020,2718,89,384,9,801,134,1533,-54,-1,-1,-1,-1
04-22-2020,2811,93,392,8,835,34,1584,51,-1,-1,-1,-1
04-23-2020,2910,99,402,10,909,74,1599,15,-1,-1,-1,-1
04-24-2020,3007,97,407,5,986,77,1614,15,-1,-1,-1,-1
04-25-2020,3127,120,415,8,1064,78,1648,34,-1,-1,-1,-1
04-26-2020,3256,129,419,4,1118,54,1719,71,-1,-1,-1,-1
04-27-2020,3382,126,425,6,1191,73,1766,47,-1,-1,-1,-1
04-28-2020,3517,135,432,7,1248,57,1837,71,-1,-1,-1,-1
04-29-2020,3649,132,437,5,1325,77,1887,50,-1,-1,-1,-1
04-30-2020,3848,199,444,7,1428,103,1976,89,-1,-1,-1,-1
05-01-2020,4006,158,450,6,1529,101,2027,51,-1,-1,-1,-1
05-02-2020,4154,148,453,3,1674,145,2027,0,-1,-1,-1,-1
05-03-2020,4295,141,459,6,1775,101,2061,34,-1,-1,-1,-1
05-04-2020,4474,179,463,4,1851,76,2160,99,-1,-1,-1,-1
05-05-2020,4648,174,465,2,1947,96,2236,76,-1,-1,-1,-1
05-06-2020,4838,190,470,5,2025,78,2343,107,-1,-1,-1,-1
05-07-2020,4997,159,476,6,2114,89,2407,64,-1,-1,-1,-1
05-08-2020,5182,185,483,7,2201,87,2498,91,-1,-1,-1,-1
05-09-2020,5369,187,488,5,2309,108,2572,74,-1,-1,-1,-1
05-10-2020,5558,189,494,6,2419,110,2645,73,-1,-1,-1,-1
05-11-2020,5723,165,502,8,2528,109,2693,48,-1,-1,-1,-1
05-12-2020,5891,168,507,5,2644,116,2740,47,-1,-1,-1,-1
05-13-2020,6067,176,515,8,2759,115,2793,53,-1,-1,-1,-1
05-14-2020,6253,186,522,7,2939,180,2792,-1,-1,-1,-1,-1
05-15-2020,6442,189,529,7,3082,143,2831,39,-1,-1,-1,-1
05-16-2020,6630,188,536,7,3225,143,2869,38,-1,-1,-1,-1
05-17-2020,6821,191,542,6,3354,129,2925,56,-1,-1,-1,-1
05-18-2020,7019,198,548,6,3506,152,2965,40,-1,-1,-1,-1
05-19-2020,7201,182,555,7,3661,155,2985,20,-1,-1,-1,-1
05-20-2020,7377,176,561,6,3824,163,2992,7,-1,-1,-1,-1
05-21-2020,7542,165,568,7,3965,141,3009,17,-1,-1,-1,-1
05-22-2020,7728,186,575,7,4126,161,3027,18,-1,-1,-1,-1
05-23-2020,7918,190,582,7,4292,166,3044,17,-1,-1,-1,-1
05-24-2020,8113,195,592,10,4457,165,3064,20,-1,-1,-1,-1
05-25-2020,8306,193,600,8,4604,147,3102,38,-1,-1,-1,-1
05-26-2020,8503,197,609,9,4754,150,3140,38,-1,-1,-1,-1
05-27-2020,8697,194,617,8,4911,157,3169,29,-1,-1,-1,-1
05-28-2020,8857,160,623,6,5088,177,3146,-23,-1,-1,-1,-1
05-29-2020,8997,140,630,7,5262,174,3105,-41,-1,-1,-1,-1
05-30-2020,9134,137,638,8,5434,172,3062,-43,-1,-1,-1,-1
05-31-2020,9267,133,646,8,5607,173,3014,-48,-1,-1,-1,-1
06-01-2020,9394,127,653,7,5790,183,2951,-63,-1,-1,-1,-1
06-02-2020,9513,119,661,8,5958,168,2894,-57,-1,-1,-1,-1
06-03-2020,9626,113,667,6,6126,168,2833,-61,-1,-1,-1,-1
06-04-2020,9733,107,673,6,6281,155,2779,-54,-1,-1,-1,-1
06-05-2020,9831,98,681,8,6454,173,2696,-83,-1,-1,-1,-1
06-06-2020,9935,104,690,9,6631,177,2614,-82,-1,-1,-1,-1
06-07-2020,10050,115,698,8,6814,183,2538,-76,-1,-1,-1,-1
06-08-2020,10154,104,707,9,6991,177,2456,-82,-1,-1,-1,-1
06-09-2020,10265,111,715,8,7173,182,2377,-79,-1,-1,-1,-1
06-10-2020,10484,219,732,17,7344,171,2408,31,7074,-1,2678,-1
06-11-2020,10589,105,741,9,7500,156,2348,-60,7255,181,2593,-85
06-12-2020,10698,109,751,10,7638,138,2309,-39,7322,67,2625,32
06-13-2020,10810,112,760,9,7774,136,2276,-33,7420,98,2630,5
06-14-2020,10919,109,767,7,7908,134,2244,-32,7606,186,2546,-84
06-15-2020,11031,112,777,10,8038,130,2216,-28,7735,129,2519,-27
06-16-2020,11147,116,788,11,8158,120,2201,-15,7842,107,2517,-2
06-17-2020,11268,121,799,11,8272,114,2197,-4,7943,101,2526,9
06-18-2020,11385,117,811,12,8378,106,2196,-1,8078,135,2496,-30
06-19-2020,11504,119,825,14,8479,101,2200,4,8196,118,2483,-13
06-20-2020,11631,127,837,12,8587,108,2207,7,8324,128,2470,-13
06-21-2020,11771,140,845,8,8709,122,2217,10,8422,98,2504,34
06-22-2020,11920,149,852,7,8821,112,2247,30,8559,137,2509,5
06-23-2020,12076,156,861,9,8938,117,2277,30,8653,94,2562,53
06-24-2020,12248,172,869,8,9143,205,2236,-41,8792,139,2587,25
06-25-2020,12445,197,878,9,9251,108,2316,80,8920,128,2647,60
06-26-2020,12685,240,885,7,9362,111,2438,122,9066,146,2734,87
06-27-2020,12685,0,885,0,9481,119,2319,-119,9066,0,2734,0
06-28-2020,13273,588,897,12,9585,104,2791,472,9371,305,3005,271
06-29-2020,13571,298,905,8,9696,111,2970,179,9671,300,2995,-10
06-30-2020,13907,336,912,7,9897,201,3098,128,9897,226,3098,103
07-01-2020,14272,365,920,8,10040,143,3312,214,10040,143,3312,214
07-02-2020,14657,385,928,8,10342,302,3387,75,10342,302,3387,75
07-03-2020,15070,413,937,9,10832,490,3301,-86,10832,490,3301,-86
07-04-2020,15500,430,946,9,11181,349,3373,72,11181,349,3373,72
07-05-2020,15941,441,952,6,11492,311,3497,124,11492,311,3497,124
07-06-2020,16404,463,959,7,11884,392,3561,64,11884,392,3561,64
07-07-2020,16879,475,968,9,12094,210,3817,256,12094,210,3817,256
07-08-2020,17348,469,978,10,12329,235,4041,224,12329,235,4041,224
07-09-2020,17808,460,988,10,12637,308,4183,142,12637,308,4183,142
07-10-2020,18242,434,996,8,13124,487,4122,-61,13124,487,4122,-61
07-11-2020,18712,470,1004,8,13375,251,4333,211,13375,251,4333,211
07-12-2020,18712,0,1004,0,13375,0,4333,0,13375,0,4333,0
07-13-2020,19689,977,1018,14,14019,644,4652,319,14019,644,4652,319
07-14-2020,20216,527,1028,10,14351,332,4837,185,14351,332,4837,185
07-15-2020,20770,554,1040,12,14732,381,4998,161,14732,381,4998,161
07-16-2020,21355,585,1052,12,15107,375,5196,198,15107,375,5196,198
07-17-2020,21948,593,1057,5,15430,323,5461,265,15430,323,5461,265
07-18-2020,22549,601,1068,11,15744,314,5737,276,15744,314,5737,276
07-19-2020,23084,535,1078,10,16051,307,5955,218,16051,307,5955,218
07-20-2020,23691,607,1087,9,16400,349,6204,249,16400,349,6204,249
07-21-2020,24278,587,1100,13,16646,246,6532,328,16646,246,6532,328
07-22-2020,24872,594,1111,11,16983,337,6778,246,16983,337,6778,246
07-23-2020,25484,612,1124,13,17369,386,6991,213,17369,386,6991,213
07-24-2020,26159,675,1136,12,17693,324,7330,339,17693,324,7330,339
07-25-2020,26764,605,1146,10,18076,383,7542,212,18076,383,7542,212
07-26-2020,27357,593,1155,9,18471,395,7731,189,18471,395,7731,189
07-27-2020,27973,616,1163,8,18837,366,7973,242,18837,366,7973,242
07-28-2020,28615,642,1174,11,19233,396,8208,235,19233,396,8208,235
07-29-2020,29229,614,1186,12,19592,359,8451,243,19592,359,8451,243
07-30-2020,29831,602,1200,14,20082,490,8549,98,20082,490,8549,98
07-31-2020,30394,563,1210,10,20537,455,8647,98,20537,455,8647,98
08-01-2020,30950,556,1223,13,20988,451,8739,92,20988,451,8739,92
08-02-2020,31465,515,1231,8,21419,431,8815,76,21419,431,8815,76
08-03-2020,31972,507,1239,8,21901,482,8832,17,21901,482,8832,17
08-04-2020,32504,532,1248,9,22375,474,8881,49,22375,474,8881,49
08-05-2020,33055,551,1261,13,22802,427,8992,111,22802,427,8992,111
08-06-2020,33626,571,1273,12,23238,436,9115,123,23238,436,9115,123
08-07-2020,34155,529,1282,9,23667,429,9206,91,23667,429,9206,91
08-08-2020,34693,538,1293,11,24083,416,9317,111,24083,416,9317,111
08-09-2020,35214,521,1302,9,24506,423,9406,89,24506,423,9406,89
08-10-2020,35712,498,1312,10,24920,414,9480,74,24920,414,9480,74
08-11-2020,36204,492,1322,10,25381,461,9501,21,25263,343,9619,139
08-12-2020,36699,495,1333,11,25963,582,9403,-98,25627,364,9739,120
08-13-2020,37187,488,1341,8,26544,581,9302,-101,26004,377,9842,103
08-14-2020,37664,477,1351,10,27094,550,9219,-83,26308,304,10005,163
08-15-2020,38133,469,1360,9,27641,547,9132,-87,26644,336,10129,124
08-16-2020,38583,450,1370,10,28145,504,9068,-64,27017,373,10196,67
08-17-2020,39025,442,1379,9,28655,510,8991,-77,27347,330,10299,103
08-18-2020,39444,419,1391,12,29180,525,8873,-118,27653,306,10400,101
08-19-2020,39847,403,1402,11,29722,542,8723,-150,27971,318,10474,74
08-20-2020,40258,411,1411,9,30284,562,8563,-160,28281,310,10566,92
08-21-2020,40667,409,1418,7,30821,537,8428,-135,28587,306,10662,96
08-22-2020,41068,401,1424,6,31359,538,8285,-143,28874,287,10770,108
08-23-2020,41460,392,1435,11,31853,494,8172,-113,29142,268,10883,113
08-24-2020,41858,398,1446,11,32381,528,8031,-141,29369,227,11043,160
08-25-2020,41858,0,1446,0,32896,515,7516,-515,29369,0,11043,0
