date,Confirmed,newConfirmed,Deaths,newDeaths,Est.Recovered,newEst.Recovered,Est.Active,newEst.Active,Recovered,newRecovered,Active,newActive
03-11-2020,2,2,0,0,0,0,2,2,-1,-1,-1,-1
03-12-2020,2,0,0,0,0,0,2,0,-1,-1,-1,-1
03-13-2020,3,1,0,0,0,0,3,1,-1,-1,-1,-1
03-14-2020,3,0,0,0,0,0,3,0,-1,-1,-1,-1
03-15-2020,3,0,0,0,0,0,3,0,-1,-1,-1,-1
03-16-2020,11,8,0,0,0,0,11,8,-1,-1,-1,-1
03-17-2020,11,0,0,0,0,0,11,0,-1,-1,-1,-1
03-18-2020,12,1,0,0,0,0,12,1,-1,-1,-1,-1
03-19-2020,15,3,0,0,0,0,15,3,-1,-1,-1,-1
03-20-2020,16,1,0,0,0,0,16,1,-1,-1,-1,-1
03-21-2020,19,3,0,0,0,0,19,3,-1,-1,-1,-1
03-22-2020,19,0,0,0,0,0,19,0,-1,-1,-1,-1
03-23-2020,24,5,0,0,0,0,24,5,-1,-1,-1,-1
03-24-2020,28,4,0,0,0,0,28,4,-1,-1,-1,-1
03-25-2020,28,0,0,0,1,1,27,-1,-1,-1,-1,-1
03-26-2020,39,11,0,0,1,0,38,11,-1,-1,-1,-1
03-27-2020,39,0,0,0,2,1,37,-1,-1,-1,-1,-1
03-28-2020,61,22,0,0,2,0,59,22,-1,-1,-1,-1
03-29-2020,74,13,0,0,2,0,72,13,-1,-1,-1,-1
03-30-2020,74,0,0,0,8,6,66,-6,-1,-1,-1,-1
03-31-2020,97,23,5,5,3,-5,89,23,-1,-1,-1,-1
04-01-2020,107,10,6,1,3,0,98,9,-1,-1,-1,-1
04-02-2020,115,8,7,1,5,2,103,5,-1,-1,-1,-1
04-03-2020,123,8,8,1,4,-1,111,8,-1,-1,-1,-1
04-04-2020,132,9,9,1,6,2,117,6,-1,-1,-1,-1
04-05-2020,139,7,10,1,5,-1,124,7,-1,-1,-1,-1
04-06-2020,157,18,10,0,9,4,138,14,-1,-1,-1,-1
04-07-2020,183,26,11,1,11,2,161,23,-1,-1,-1,-1
04-08-2020,194,11,14,3,8,-3,172,11,-1,-1,-1,-1
04-09-2020,210,16,15,1,16,8,179,7,-1,-1,-1,-1
04-10-2020,264,54,18,3,14,-2,232,53,-1,-1,-1,-1
04-11-2020,268,4,19,1,30,16,219,-13,-1,-1,-1,-1
04-12-2020,275,7,20,1,40,10,215,-4,-1,-1,-1,-1
04-13-2020,300,25,24,4,37,-3,239,24,-1,-1,-1,-1
04-14-2020,330,30,27,3,53,16,250,11,-1,-1,-1,-1
04-15-2020,354,24,28,1,60,7,266,16,-1,-1,-1,-1
04-16-2020,397,43,28,0,67,7,302,36,-1,-1,-1,-1
04-17-2020,441,44,29,1,72,5,340,38,-1,-1,-1,-1
04-18-2020,465,24,31,2,78,6,356,16,-1,-1,-1,-1
04-19-2020,493,28,31,0,84,6,378,22,-1,-1,-1,-1
04-20-2020,520,27,32,1,98,14,390,12,-1,-1,-1,-1
04-21-2020,564,44,33,1,119,21,412,22,-1,-1,-1,-1
04-22-2020,598,34,34,1,127,8,437,25,-1,-1,-1,-1
04-23-2020,609,11,37,3,138,11,434,-3,-1,-1,-1,-1
04-24-2020,672,63,40,3,179,41,453,19,-1,-1,-1,-1
04-25-2020,703,31,43,3,182,3,478,25,-1,-1,-1,-1
04-26-2020,807,104,44,1,189,7,574,96,-1,-1,-1,-1
04-27-2020,866,59,46,2,207,18,613,39,-1,-1,-1,-1
04-28-2020,950,84,50,4,231,24,669,56,-1,-1,-1,-1
04-29-2020,1014,64,53,3,249,18,712,43,-1,-1,-1,-1
04-30-2020,1053,39,55,2,283,34,715,3,-1,-1,-1,-1
05-01-2020,1110,57,59,4,316,33,735,20,-1,-1,-1,-1
05-02-2020,1167,57,62,3,334,18,771,36,-1,-1,-1,-1
05-03-2020,1229,62,66,4,353,19,810,39,-1,-1,-1,-1
05-04-2020,1470,241,71,5,373,20,1026,216,-1,-1,-1,-1
05-05-2020,1594,124,76,5,407,34,1111,85,-1,-1,-1,-1
05-06-2020,1681,87,82,6,430,23,1169,58,-1,-1,-1,-1
05-07-2020,1802,121,86,4,438,8,1278,109,-1,-1,-1,-1
05-08-2020,1886,84,91,5,492,54,1303,25,-1,-1,-1,-1
05-09-2020,2081,195,102,11,508,16,1471,168,-1,-1,-1,-1
05-10-2020,2266,185,106,4,589,81,1571,100,-1,-1,-1,-1
05-11-2020,2437,171,114,8,633,44,1690,119,-1,-1,-1,-1
05-12-2020,2556,119,118,4,702,69,1736,46,-1,-1,-1,-1
05-13-2020,2831,275,122,4,754,52,1955,219,-1,-1,-1,-1
05-14-2020,2964,133,128,6,786,32,2050,95,-1,-1,-1,-1
05-15-2020,3148,184,142,14,824,38,2182,132,-1,-1,-1,-1
05-16-2020,3372,224,152,10,864,40,2356,174,-1,-1,-1,-1
05-17-2020,3577,205,164,12,907,43,2506,150,-1,-1,-1,-1
05-18-2020,3826,249,165,1,1106,199,2555,49,-1,-1,-1,-1
05-19-2020,4088,262,169,4,1210,104,2709,154,-1,-1,-1,-1
05-20-2020,4263,175,174,5,1281,71,2808,99,-1,-1,-1,-1
05-21-2020,4481,218,189,15,1366,85,2926,118,-1,-1,-1,-1
05-22-2020,4919,438,199,10,1435,69,3285,359,-1,-1,-1,-1
05-23-2020,5187,268,215,16,1582,147,3390,105,-1,-1,-1,-1
05-24-2020,5579,392,230,15,1732,150,3617,227,-1,-1,-1,-1
05-25-2020,5915,336,240,10,1870,138,3805,188,-1,-1,-1,-1
05-26-2020,6263,348,250,10,1969,99,4044,239,-1,-1,-1,-1
05-27-2020,6660,397,261,11,2191,222,4208,164,-1,-1,-1,-1
05-28-2020,7136,476,274,13,2294,103,4568,360,-1,-1,-1,-1
05-29-2020,7768,632,280,6,2447,153,5041,473,-1,-1,-1,-1
05-30-2020,8387,619,293,13,2624,177,5470,429,-1,-1,-1,-1
05-31-2020,8731,344,300,7,2794,170,5637,167,-1,-1,-1,-1
06-01-2020,9592,861,310,10,3020,226,6262,625,-1,-1,-1,-1
06-02-2020,9982,390,313,3,3249,229,6420,158,-1,-1,-1,-1
06-03-2020,10531,549,343,30,3375,126,6813,393,-1,-1,-1,-1
06-04-2020,10991,460,376,33,3536,161,7079,266,-1,-1,-1,-1
06-05-2020,11638,647,400,24,3882,346,7356,277,-1,-1,-1,-1
06-06-2020,12245,607,415,15,4112,230,7718,362,-1,-1,-1,-1
06-07-2020,12728,483,427,12,4449,337,7852,134,-1,-1,-1,-1
06-08-2020,13358,630,454,27,4721,272,8183,331,-1,-1,-1,-1
06-09-2020,13643,285,465,11,5013,292,8165,-18,-1,-1,-1,-1
06-10-2020,14644,1001,487,22,5354,341,8803,638,2190,-1,11967,-1
06-11-2020,15281,637,512,25,5735,381,9034,231,2261,71,12508,541
06-12-2020,16165,884,533,21,6255,520,9377,343,2372,111,13260,752
06-13-2020,16929,764,559,26,6764,509,9606,229,2431,59,13939,679
06-14-2020,17842,913,585,26,7049,285,10208,602,2768,337,14489,550
06-15-2020,18459,617,611,26,7767,718,10081,-127,3113,345,14735,246
06-16-2020,19073,614,632,21,8105,338,10336,255,3430,317,15011,276
06-17-2020,19883,810,659,27,8551,446,10673,337,3752,322,15472,461
06-18-2020,20685,802,679,20,8941,390,11065,392,4002,250,16004,532
06-19-2020,21499,814,697,18,9512,571,11290,225,4320,318,16482,478
06-20-2020,22467,968,715,18,10033,521,11719,429,4670,350,17082,600
06-21-2020,23512,1045,740,25,10464,431,12308,589,5086,416,17686,604
06-22-2020,24388,876,773,33,10996,532,12619,311,5454,368,18161,475
06-23-2020,25493,1105,820,47,11235,239,13438,819,5857,403,18816,655
06-24-2020,26389,896,846,26,12089,854,13454,16,6300,443,19243,427
06-25-2020,27487,1098,876,30,12648,559,13963,509,6795,495,19816,573
06-26-2020,28503,1016,913,37,13425,777,14165,202,7338,543,20252,436
06-27-2020,29423,920,934,21,14121,696,14368,203,7736,398,20753,501
06-28-2020,30676,1253,970,36,14883,762,14823,455,8158,422,21548,795
06-29-2020,31524,848,1014,44,15471,588,15039,216,8517,359,21993,445
06-30-2020,32125,601,1071,57,15980,509,15074,35,8928,411,22126,133
07-01-2020,33219,1094,1123,52,16669,689,15427,353,9340,412,22756,630
07-02-2020,35528,2309,1271,148,17246,577,17011,1584,10358,1018,23899,1143
07-03-2020,36818,1290,1320,49,17969,723,17529,518,10766,408,24732,833
07-04-2020,38071,1253,1378,58,18793,824,17900,371,11272,506,25421,689
07-05-2020,38071,0,1378,0,19727,934,16966,-934,11272,0,25421,0
07-06-2020,40509,2438,1476,98,20444,717,18589,1623,11929,657,27104,1683
07-07-2020,40509,0,1476,0,21396,952,17637,-952,11929,0,27104,0
07-08-2020,41545,1036,1530,54,22228,832,17787,150,12398,469,27617,513
07-09-2020,42984,1439,1577,47,23183,955,18224,437,12883,485,28524,907
07-10-2020,45565,2581,1702,125,24036,853,19827,1603,13918,1035,29945,1421
07-11-2020,45565,0,1702,0,24920,884,18943,-884,13918,0,29945,0
07-12-2020,48187,2622,1807,105,25974,1054,20406,1463,14843,925,31537,1592
07-13-2020,48187,0,1807,0,26791,817,19589,-817,14843,0,31537,0
07-14-2020,49250,1063,1866,59,27324,533,20060,471,15294,451,32090,553
07-15-2020,50867,1617,1898,32,28319,995,20650,590,15819,525,33150,1060
07-16-2020,52218,1351,1942,44,30281,1962,19995,-655,16357,538,33919,769
07-17-2020,54156,1938,1984,42,31430,1149,20742,747,16979,622,35193,1274
07-18-2020,56102,1946,2049,65,32546,1116,21507,765,17882,903,36171,978
07-19-2020,56102,0,2049,0,32716,170,21337,-170,17882,0,36171,0
07-20-2020,59582,3480,2151,102,34743,2027,22688,1351,18553,671,38878,2707
07-21-2020,60991,1409,2218,67,34845,102,23928,1240,18875,322,39898,1020
07-22-2020,62357,1366,2273,55,35805,960,24279,351,19290,415,40794,896
07-23-2020,64135,1778,2328,55,37101,1296,24706,427,19721,431,42086,1292
07-24-2020,65252,1117,2407,79,39299,2198,23546,-1160,20030,309,42815,729
07-25-2020,66456,1204,2473,66,39400,101,24583,1037,20614,584,43369,554
07-26-2020,68281,1825,2535,62,41683,2283,24063,-520,20951,337,44795,1426
07-27-2020,69429,1148,2583,48,41784,101,25062,999,21169,218,45677,882
07-28-2020,71181,1752,2647,64,42696,912,25838,776,21478,309,47056,1379
07-29-2020,73534,2353,2808,161,44039,1343,26687,849,22506,1028,48220,1164
07-30-2020,75234,1700,2894,86,45410,1371,26930,243,23305,799,49035,815
07-31-2020,75234,0,2894,0,47201,1791,25139,-1791,23305,0,49035,0
08-01-2020,76789,1555,2977,83,48918,1717,24894,-245,23582,277,50230,1195
08-02-2020,80153,3364,3153,176,48795,-123,28205,3311,24156,574,52844,2614
08-03-2020,81846,1693,3228,75,51924,3129,26694,-1511,24510,354,54108,1264
08-04-2020,83361,1515,3320,92,53028,1104,27013,319,25390,880,54651,543
08-05-2020,83361,0,3320,0,54324,1296,25717,-1296,25390,0,54651,0
08-06-2020,85141,1780,3385,65,55956,1632,25800,83,26437,1047,55319,668
08-07-2020,86423,1282,3465,80,57193,1237,25765,-35,27373,936,55585,266
08-08-2020,87891,1468,3524,59,58155,962,26212,447,28139,766,56228,643
08-09-2020,89055,1164,3687,163,59900,1745,25468,-744,28904,765,56464,236
08-10-2020,89999,944,3687,0,60872,972,25440,-28,29808,904,56504,40
08-11-2020,93328,3329,3761,74,62396,1524,27171,1731,31753,1945,57814,1310
08-12-2020,93328,0,3761,0,64583,2187,24984,-2187,31753,0,57814,0
08-13-2020,95071,1743,3827,66,66199,1616,25045,61,32830,1077,58414,600
08-14-2020,96459,1388,3884,57,66478,279,26097,1052,33720,890,58855,441
08-15-2020,97950,1491,3939,55,68017,1539,25994,-103,34723,1003,59288,433
08-16-2020,99146,1196,4003,64,70678,2661,24465,-1529,35638,915,59505,217
08-17-2020,101223,2077,4123,120,72539,1861,24561,96,37471,1833,59629,124
08-18-2020,103019,1796,4172,49,73914,1375,24933,372,38623,1152,60224,595
08-19-2020,103019,0,4172,0,74157,243,24690,-243,38623,0,60224,0
08-20-2020,105050,2031,4233,61,75859,1702,24958,268,39965,1342,60852,628
08-21-2020,106065,1015,4305,72,77111,1252,24649,-309,41111,1146,60649,-203
08-22-2020,107435,1370,4366,61,78407,1296,24662,13,42141,1030,60928,279
08-23-2020,108427,992,4442,76,79661,1254,24324,-338,43887,1746,60098,-830
08-24-2020,109149,722,4509,67,80519,858,24121,-203,45396,1509,59244,-854
08-25-2020,110148,999,4578,69,83445,2926,22125,-1996,47050,1654,58520,-724
