date,Confirmed,newConfirmed,Deaths,newDeaths,Est.Recovered,newEst.Recovered,Est.Active,newEst.Active,Recovered,newRecovered,Active,newActive
03-05-2020,1,1,0,0,0,0,1,1,-1,-1,-1,-1
03-06-2020,1,0,0,0,0,0,1,0,-1,-1,-1,-1
03-07-2020,1,0,0,0,0,0,1,0,-1,-1,-1,-1
03-08-2020,2,1,0,0,0,0,2,1,-1,-1,-1,-1
03-09-2020,2,0,0,0,0,0,2,0,-1,-1,-1,-1
03-10-2020,2,0,0,0,0,0,2,0,-1,-1,-1,-1
03-11-2020,2,0,0,0,0,0,2,0,-1,-1,-1,-1
03-12-2020,2,0,0,0,0,0,2,0,-1,-1,-1,-1
03-13-2020,3,1,0,0,0,0,3,1,-1,-1,-1,-1
03-14-2020,9,6,0,0,0,0,9,6,-1,-1,-1,-1
03-15-2020,9,0,0,0,0,0,9,0,-1,-1,-1,-1
03-16-2020,11,2,0,0,0,0,11,2,-1,-1,-1,-1
03-17-2020,47,36,0,0,0,0,47,36,-1,-1,-1,-1
03-18-2020,58,11,0,0,0,0,58,11,-1,-1,-1,-1
03-19-2020,72,14,0,0,0,0,72,14,-1,-1,-1,-1
03-20-2020,80,8,0,0,0,0,80,8,-1,-1,-1,-1
03-21-2020,92,12,0,0,0,0,92,12,-1,-1,-1,-1
03-22-2020,92,0,0,0,1,1,91,-1,-1,-1,-1,-1
03-23-2020,115,23,0,0,1,0,114,23,-1,-1,-1,-1
03-24-2020,118,3,0,0,1,0,117,3,-1,-1,-1,-1
03-25-2020,122,4,0,0,1,0,121,4,-1,-1,-1,-1
03-26-2020,132,10,0,0,1,0,131,10,-1,-1,-1,-1
03-27-2020,140,8,0,0,2,1,138,7,-1,-1,-1,-1
03-28-2020,144,4,0,0,7,5,137,-1,-1,-1,-1,-1
03-29-2020,155,11,0,0,7,0,148,11,-1,-1,-1,-1
03-30-2020,159,4,0,0,8,1,151,3,-1,-1,-1,-1
03-31-2020,168,9,0,0,38,30,130,-21,-1,-1,-1,-1
04-01-2020,169,1,0,0,46,8,123,-7,-1,-1,-1,-1
04-02-2020,173,4,0,0,58,12,115,-8,-1,-1,-1,-1
04-03-2020,177,4,0,0,64,6,113,-2,-1,-1,-1,-1
04-04-2020,179,2,0,0,74,10,105,-8,-1,-1,-1,-1
04-05-2020,181,2,0,0,74,0,107,2,-1,-1,-1,-1
04-06-2020,181,0,0,0,93,19,88,-19,-1,-1,-1,-1
04-07-2020,181,0,0,0,95,2,86,-2,-1,-1,-1,-1
04-08-2020,184,3,0,0,99,4,85,-1,-1,-1,-1,-1
04-09-2020,184,0,0,0,107,8,77,-8,-1,-1,-1,-1
04-10-2020,184,0,0,0,113,6,71,-6,-1,-1,-1,-1
04-11-2020,184,0,0,0,117,4,67,-4,-1,-1,-1,-1
04-12-2020,184,0,0,0,126,9,58,-9,-1,-1,-1,-1
04-13-2020,184,0,0,0,130,4,54,-4,-1,-1,-1,-1
04-14-2020,184,0,0,0,142,12,42,-12,-1,-1,-1,-1
04-15-2020,184,0,0,0,145,3,39,-3,-1,-1,-1,-1
04-16-2020,184,0,0,0,150,5,34,-5,-1,-1,-1,-1
04-17-2020,184,0,0,0,154,4,30,-4,-1,-1,-1,-1
04-18-2020,184,0,0,0,157,3,27,-3,-1,-1,-1,-1
04-19-2020,184,0,0,0,159,2,25,-2,-1,-1,-1,-1
04-20-2020,185,1,0,0,162,3,23,-2,-1,-1,-1,-1
04-21-2020,185,0,0,0,163,1,22,-1,-1,-1,-1,-1
04-22-2020,185,0,0,0,166,3,19,-3,-1,-1,-1,-1
04-23-2020,185,0,0,0,167,1,18,-1,-1,-1,-1,-1
04-24-2020,187,2,0,0,168,1,19,1,-1,-1,-1,-1
04-25-2020,187,0,0,0,169,1,18,-1,-1,-1,-1,-1
04-26-2020,187,0,0,0,171,2,16,-2,-1,-1,-1,-1
04-27-2020,187,0,0,0,171,0,16,0,-1,-1,-1,-1
04-28-2020,187,0,0,0,174,3,13,-3,-1,-1,-1,-1
04-29-2020,187,0,0,0,175,1,12,-1,-1,-1,-1,-1
04-30-2020,187,0,0,0,176,1,11,-1,-1,-1,-1,-1
05-01-2020,187,0,0,0,177,1,10,-1,-1,-1,-1,-1
05-02-2020,187,0,0,0,178,1,9,-1,-1,-1,-1,-1
05-03-2020,187,0,0,0,178,0,9,0,-1,-1,-1,-1
05-04-2020,187,0,0,0,180,2,7,-2,-1,-1,-1,-1
05-05-2020,187,0,0,0,181,1,6,-1,-1,-1,-1,-1
05-06-2020,187,0,0,0,181,0,6,0,-1,-1,-1,-1
05-07-2020,187,0,0,0,182,1,5,-1,-1,-1,-1,-1
05-08-2020,187,0,0,0,184,2,3,-2,-1,-1,-1,-1
05-09-2020,187,0,0,0,184,0,3,0,-1,-1,-1,-1
05-10-2020,187,0,0,0,184,0,3,0,-1,-1,-1,-1
05-11-2020,187,0,0,0,185,1,2,-1,-1,-1,-1,-1
05-12-2020,187,0,0,0,185,0,2,0,-1,-1,-1,-1
05-13-2020,187,0,0,0,185,0,2,0,-1,-1,-1,-1
05-14-2020,187,0,0,0,185,0,2,0,-1,-1,-1,-1
05-15-2020,187,0,0,0,186,1,1,-1,-1,-1,-1,-1
05-16-2020,187,0,0,0,186,0,1,0,-1,-1,-1,-1
05-17-2020,187,0,0,0,186,0,1,0,-1,-1,-1,-1
05-18-2020,187,0,0,0,186,0,1,0,-1,-1,-1,-1
05-19-2020,187,0,0,0,186,0,1,0,-1,-1,-1,-1
05-20-2020,187,0,0,0,186,0,1,0,-1,-1,-1,-1
05-21-2020,187,0,0,0,186,0,1,0,-1,-1,-1,-1
05-22-2020,187,0,0,0,186,0,1,0,-1,-1,-1,-1
05-23-2020,187,0,0,0,186,0,1,0,-1,-1,-1,-1
05-24-2020,187,0,0,0,186,0,1,0,-1,-1,-1,-1
05-25-2020,187,0,0,0,186,0,1,0,-1,-1,-1,-1
05-26-2020,187,0,0,0,186,0,1,0,-1,-1,-1,-1
05-27-2020,187,0,0,0,186,0,1,0,-1,-1,-1,-1
05-28-2020,187,0,0,0,186,0,1,0,-1,-1,-1,-1
05-29-2020,187,0,0,0,186,0,1,0,-1,-1,-1,-1
05-30-2020,187,0,0,0,186,0,1,0,-1,-1,-1,-1
05-31-2020,187,0,0,0,186,0,1,0,-1,-1,-1,-1
06-01-2020,187,0,0,0,186,0,1,0,-1,-1,-1,-1
06-02-2020,187,0,0,0,186,0,1,0,-1,-1,-1,-1
06-03-2020,187,0,0,0,186,0,1,0,-1,-1,-1,-1
06-04-2020,187,0,0,0,186,0,1,0,-1,-1,-1,-1
06-05-2020,187,0,0,0,187,1,0,-1,-1,-1,-1,-1
06-06-2020,187,0,0,0,187,0,0,0,-1,-1,-1,-1
06-07-2020,187,0,0,0,187,0,0,0,-1,-1,-1,-1
06-08-2020,187,0,0,0,187,0,0,0,-1,-1,-1,-1
06-09-2020,187,0,0,0,187,0,0,0,-1,-1,-1,-1
06-10-2020,187,0,0,0,187,0,0,0,187,-1,0,-1
06-11-2020,187,0,0,0,187,0,0,0,187,0,0,0
06-12-2020,187,0,0,0,187,0,0,0,187,0,0,0
06-13-2020,187,0,0,0,187,0,0,0,187,0,0,0
06-14-2020,187,0,0,0,187,0,0,0,187,0,0,0
06-15-2020,187,0,0,0,187,0,0,0,187,0,0,0
06-16-2020,187,0,0,0,187,0,0,0,187,0,0,0
06-17-2020,187,0,0,0,187,0,0,0,187,0,0,0
06-18-2020,187,0,0,0,187,0,0,0,187,0,0,0
06-19-2020,187,0,0,0,187,0,0,0,187,0,0,0
06-20-2020,187,0,0,0,187,0,0,0,187,0,0,0
06-21-2020,187,0,0,0,187,0,0,0,187,0,0,0
06-22-2020,187,0,0,0,187,0,0,0,187,0,0,0
06-23-2020,187,0,0,0,187,0,0,0,187,0,0,0
06-24-2020,187,0,0,0,187,0,0,0,187,0,0,0
06-25-2020,187,0,0,0,187,0,0,0,187,0,0,0
06-26-2020,187,0,0,0,187,0,0,0,187,0,0,0
06-27-2020,187,0,0,0,187,0,0,0,187,0,0,0
06-28-2020,187,0,0,0,187,0,0,0,187,0,0,0
06-29-2020,187,0,0,0,187,0,0,0,187,0,0,0
06-30-2020,187,0,0,0,187,0,0,0,187,0,0,0
07-01-2020,187,0,0,0,187,0,0,0,187,0,0,0
07-02-2020,187,0,0,0,187,0,0,0,187,0,0,0
07-03-2020,187,0,0,0,187,0,0,0,187,0,0,0
07-04-2020,187,0,0,0,187,0,0,0,187,0,0,0
07-05-2020,187,0,0,0,187,0,0,0,187,0,0,0
07-06-2020,188,1,0,0,187,0,1,1,187,0,1,1
07-07-2020,188,0,0,0,187,0,1,0,187,0,1,0
07-08-2020,188,0,0,0,188,1,0,-1,188,1,0,-1
07-09-2020,188,0,0,0,188,0,0,0,188,0,0,0
07-10-2020,188,0,0,0,188,0,0,0,188,0,0,0
07-11-2020,188,0,0,0,188,0,0,0,188,0,0,0
07-12-2020,188,0,0,0,188,0,0,0,188,0,0,0
07-13-2020,188,0,0,0,188,0,0,0,188,0,0,0
07-14-2020,188,0,0,0,188,0,0,0,188,0,0,0
07-15-2020,188,0,0,0,188,0,0,0,188,0,0,0
07-16-2020,188,0,0,0,188,0,0,0,188,0,0,0
07-17-2020,188,0,0,0,188,0,0,0,188,0,0,0
07-18-2020,188,0,0,0,188,0,0,0,188,0,0,0
07-19-2020,188,0,0,0,188,0,0,0,188,0,0,0
07-20-2020,191,3,0,0,188,0,3,3,188,0,3,3
07-21-2020,191,0,0,0,188,0,3,0,188,0,3,0
07-22-2020,191,0,0,0,188,0,3,0,188,0,3,0
07-23-2020,191,0,0,0,188,0,3,0,188,0,3,0
07-24-2020,191,0,0,0,188,0,3,0,188,0,3,0
07-25-2020,191,0,0,0,188,0,3,0,188,0,3,0
07-26-2020,214,23,0,0,188,0,26,23,188,0,26,23
07-27-2020,214,0,0,0,188,0,26,0,188,0,26,0
07-28-2020,220,6,0,0,188,0,32,6,188,0,32,6
07-29-2020,220,0,0,0,188,0,32,0,188,0,32,0
07-30-2020,225,5,0,0,188,0,37,5,188,0,37,5
07-31-2020,225,0,0,0,188,0,37,0,188,0,37,0
08-01-2020,225,0,0,0,188,0,37,0,188,0,37,0
08-02-2020,225,0,0,0,188,0,37,0,188,0,37,0
08-03-2020,225,0,0,0,190,2,35,-2,188,0,37,0
08-04-2020,227,2,0,0,192,2,35,0,192,4,35,-2
08-05-2020,241,14,0,0,192,0,49,14,192,0,49,14
08-06-2020,266,25,0,0,192,0,74,25,192,0,74,25
08-07-2020,291,25,1,1,192,0,98,24,192,0,98,24
08-08-2020,295,4,0,-1,193,1,102,4,193,1,102,4
08-09-2020,303,8,0,0,215,22,88,-14,215,22,88,-14
08-10-2020,306,3,0,0,215,0,91,3,215,0,91,3
08-11-2020,318,12,0,0,225,10,93,2,225,10,93,2
08-12-2020,324,6,0,0,225,0,99,6,225,0,99,6
08-13-2020,339,15,0,0,225,0,114,15,225,0,114,15
08-14-2020,362,23,0,0,225,0,137,23,225,0,137,23
08-15-2020,362,0,0,0,225,0,137,0,225,0,137,0
08-16-2020,372,10,0,0,225,0,147,10,225,0,147,10
08-17-2020,372,0,0,0,225,0,147,0,225,0,147,0
08-18-2020,377,5,0,0,235,10,142,-5,235,10,142,-5
08-19-2020,382,5,0,0,256,21,126,-16,256,21,126,-16
08-20-2020,383,1,0,0,274,18,109,-17,274,18,109,-17
08-21-2020,383,0,0,0,300,26,83,-26,300,26,83,-26
08-22-2020,384,1,0,0,300,0,84,1,300,0,84,1
08-23-2020,384,0,0,0,326,26,58,-26,326,26,58,-26
08-24-2020,410,26,0,0,337,11,73,15,337,11,73,15
08-25-2020,410,0,0,0,337,0,73,0,337,0,73,0
