date,totalConfirmed,totalDeaths,totalRecovered,newConfirmed,newDeaths,newRecovered
02-25-2020,1,0,-1,1,0,-1
02-26-2020,1,0,-1,0,0,-1
02-27-2020,6,0,-1,5,0,-1
02-28-2020,10,0,-1,4,0,-1
02-29-2020,18,0,-1,8,0,-1
03-01-2020,24,0,-1,6,0,-1
03-02-2020,30,0,-1,6,0,-1
03-03-2020,37,0,-1,7,0,-1
03-04-2020,57,0,-1,20,0,-1
03-05-2020,86,1,-1,29,1,-1
03-06-2020,209,1,-1,123,0,-1
03-07-2020,264,2,-1,55,1,-1
03-08-2020,332,2,-1,68,0,-1
03-09-2020,332,2,-1,0,0,-1
03-10-2020,491,3,-1,159,1,-1
03-11-2020,645,4,-1,154,1,-1
03-12-2020,858,4,-1,213,0,-1
03-13-2020,1125,7,-1,267,3,-1
03-14-2020,1359,11,-1,234,4,-1
03-15-2020,2200,13,-1,841,2,-1
03-16-2020,2200,14,-1,0,1,-1
03-17-2020,2650,19,-1,450,5,-1
03-18-2020,3010,21,-1,360,2,-1
03-19-2020,3863,33,-1,853,12,-1
03-20-2020,4840,43,-1,977,10,-1
03-21-2020,6077,56,-1,1237,13,-1
03-22-2020,6077,56,-1,0,0,-1
03-23-2020,6971,60,-1,894,4,-1
03-24-2020,8015,66,-1,1044,6,-1
03-25-2020,8789,86,-1,774,20,-1
03-26-2020,9714,103,-1,925,17,-1
03-27-2020,10714,161,-1,1000,58,-1
03-28-2020,12104,197,-1,1390,36,-1
03-29-2020,13152,235,-1,1048,38,-1
03-30-2020,14274,257,-1,1122,22,-1
03-31-2020,15412,295,-1,1138,38,-1
04-01-2020,16108,373,-1,696,78,-1
04-02-2020,17070,378,-1,962,5,-1
04-03-2020,18844,462,-1,1774,84,-1
04-04-2020,19706,533,-1,862,71,-1
04-05-2020,20489,592,-1,783,59,-1
04-06-2020,21065,641,-1,576,49,-1
04-07-2020,21574,641,-1,509,0,-1
04-08-2020,22164,641,-1,590,0,-1
04-09-2020,22710,705,-1,546,64,-1
04-10-2020,23495,756,-1,785,51,-1
04-11-2020,24228,805,-1,733,49,-1
04-12-2020,24820,831,-1,592,26,-1
04-13-2020,25220,858,-1,400,27,-1
04-14-2020,25499,885,-1,279,27,-1
04-15-2020,25753,900,-1,254,15,-1
04-16-2020,26336,973,-1,583,73,-1
04-17-2020,26651,1016,-1,315,43,-1
04-18-2020,26997,1058,-1,346,42,-1
04-19-2020,27322,1110,-1,325,52,-1
04-20-2020,27658,1134,-1,336,24,-1
04-21-2020,27862,1141,-1,204,7,-1
04-22-2020,27981,1186,-1,119,45,-1
04-23-2020,28186,1216,-1,205,30,-1
04-24-2020,28414,1267,-1,228,51,-1
04-25-2020,28595,1308,-1,181,41,-1
04-26-2020,28978,1336,-1,383,28,-1
04-27-2020,28978,1336,-1,0,0,-1
04-28-2020,29081,1352,-1,103,16,-1
04-29-2020,29181,1379,-1,100,27,-1
04-30-2020,29324,1407,-1,143,28,-1
05-01-2020,29503,1422,-1,179,15,-1
05-02-2020,29622,1434,-1,119,12,-1
05-03-2020,29734,1466,-1,112,32,-1
05-04-2020,29822,1472,-1,88,6,-1
05-05-2020,29898,1476,-1,76,4,-1
05-06-2020,29926,1482,-1,28,6,-1
05-07-2020,29977,1504,-1,51,22,-1
05-08-2020,30043,1517,-1,66,13,-1
05-09-2020,30168,1531,-1,125,14,-1
05-10-2020,30168,1531,-1,0,0,-1
05-11-2020,30222,1537,-1,54,6,-1
05-12-2020,30261,1542,-1,39,5,-1
05-13-2020,30297,1560,-1,36,18,-1
05-14-2020,30330,1563,-1,33,3,-1
05-15-2020,30380,1588,-1,50,25,-1
05-16-2020,30431,1594,-1,51,6,-1
05-17-2020,30489,1601,-1,58,7,-1
05-18-2020,30504,1602,-1,15,1,-1
05-19-2020,30514,1602,-1,10,0,-1
05-20-2020,30535,1613,-1,21,11,-1
05-21-2020,30575,1629,-1,40,16,-1
05-22-2020,30611,1637,-1,36,8,-1
05-23-2020,30624,1637,-1,13,0,-1
05-24-2020,30642,1640,-1,18,3,-1
05-25-2020,30653,1640,-1,11,0,-1
05-26-2020,30663,1641,-1,10,1,-1
05-27-2020,30678,1647,-1,15,6,-1
05-28-2020,30693,1648,-1,15,1,-1
05-29-2020,30713,1654,-1,20,6,-1
05-30-2020,30745,1656,-1,32,2,-1
05-31-2020,30762,1656,-1,17,0,-1
06-01-2020,30779,1656,-1,17,0,-1
06-02-2020,30788,1656,-1,9,0,-1
06-03-2020,30791,1656,-1,3,0,-1
06-04-2020,30913,1660,28600,122,4,-1
06-05-2020,30936,1660,28600,23,0,0
06-06-2020,30956,1661,28600,20,1,0
06-07-2020,30956,1661,28700,0,0,100
06-08-2020,30972,1661,28700,16,0,0
06-09-2020,30988,1663,28700,16,2,0
06-10-2020,31011,1677,28700,23,14,0
06-11-2020,31044,1677,28800,33,0,100
06-12-2020,31063,1677,28800,19,0,0
06-13-2020,31094,1678,28800,31,1,0
06-14-2020,31094,1678,28800,0,0,0
06-15-2020,31131,1678,28800,37,0,0
06-16-2020,31146,1679,28900,15,1,100
06-17-2020,31183,1679,28900,37,0,0
06-18-2020,31200,1679,28900,17,0,0
06-19-2020,31217,1680,28900,17,1,0
06-20-2020,31243,1680,28900,26,0,0
06-21-2020,31292,1680,29000,49,0,100
06-22-2020,31292,1680,29000,0,0,0
06-23-2020,31332,1680,29000,40,0,0
06-24-2020,31376,1682,29000,44,2,0
06-25-2020,31428,1682,29000,52,0,0
06-26-2020,31486,1682,29000,58,0,0
06-27-2020,31555,1682,29100,69,0,100
06-28-2020,31617,1682,29100,62,0,0
06-29-2020,31652,1682,29200,35,0,100
06-30-2020,31714,1684,29200,62,2,0
07-01-2020,31851,1685,29200,137,1,0
07-02-2020,31851,1685,29200,0,0,0
07-03-2020,32101,1686,29200,250,1,0
07-04-2020,32198,1686,29200,97,0,0
07-05-2020,32268,1686,29200,70,0,0
07-06-2020,32315,1686,29300,47,0,100
07-07-2020,32315,1686,29300,0,0,0
07-08-2020,32498,1686,29400,183,0,100
07-09-2020,32498,1686,29400,0,0,0
07-10-2020,32690,1686,29400,192,0,0
07-11-2020,32690,1686,29400,0,0,0
07-12-2020,32713,1686,29400,23,0,0
07-13-2020,32946,1686,29600,233,0,200
07-14-2020,32946,1686,29600,0,0,0
07-15-2020,32946,1687,29600,0,1,0
07-16-2020,33063,1687,29600,117,0,0
07-17-2020,33205,1687,29600,142,0,0
07-18-2020,33492,1688,30100,287,1,500
07-19-2020,33492,1688,30100,0,0,0
07-20-2020,33634,1688,30400,142,0,300
07-21-2020,33742,1691,30500,108,3,100
07-22-2020,33883,1693,30500,141,2,0
07-23-2020,34000,1694,30600,117,1,100
07-24-2020,34154,1700,30600,154,6,0
07-25-2020,34302,1700,30700,148,0,100
07-26-2020,34412,1701,30800,110,1,100
07-27-2020,34477,1701,30800,65,0,0
07-28-2020,34609,1703,31000,132,2,200
07-29-2020,34802,1703,31100,193,0,100
07-30-2020,35022,1704,31100,220,1,0
07-31-2020,35232,1705,31100,210,1,0
08-01-2020,35412,1707,31300,180,2,200
08-02-2020,35550,1707,31500,138,0,200
08-03-2020,35616,1707,31500,66,0,0
08-04-2020,35746,1706,31600,130,-1,100
08-05-2020,35927,1706,31800,181,0,200
08-06-2020,36108,1709,31900,181,3,100
08-07-2020,36269,1712,31900,161,3,0
08-08-2020,36451,1712,32000,182,0,100
08-09-2020,36603,1712,32000,152,0,0
08-10-2020,36708,1712,32300,105,0,300
08-11-2020,36895,1713,32700,187,1,400
08-12-2020,37169,1714,32700,274,1,0
08-13-2020,37403,1715,32800,234,1,100
08-14-2020,37671,1716,32800,268,1,0
08-15-2020,37671,1716,32800,0,0,0
08-16-2020,38124,1716,33300,453,0,500
08-17-2020,38124,1716,33300,0,0,0
08-18-2020,38449,1717,33600,325,1,300
08-19-2020,38760,1719,33800,311,2,200
08-20-2020,38760,1719,33800,0,0,0
08-21-2020,39332,1719,33900,572,0,100
08-22-2020,39332,1719,33900,0,0,0
08-23-2020,39903,1720,34400,571,1,500
08-24-2020,39903,1720,34400,0,0,0
08-25-2020,39959,1720,34400,56,0,0
