date,totalConfirmed,totalDeaths,totalRecovered,newConfirmed,newDeaths,newRecovered
03-02-2020,1,0,0,1,0,0
03-03-2020,2,0,0,1,0,0
03-04-2020,2,0,0,0,0,0
03-05-2020,2,0,0,0,0,0
03-06-2020,2,0,0,0,0,0
03-07-2020,2,0,0,0,0,0
03-08-2020,4,0,0,2,0,0
03-09-2020,4,0,0,0,0,0
03-10-2020,5,0,0,1,0,0
03-11-2020,5,0,0,0,0,0
03-12-2020,6,0,0,1,0,0
03-13-2020,6,0,0,0,0,0
03-14-2020,7,0,0,1,0,0
03-15-2020,13,0,0,6,0,0
03-16-2020,17,0,0,4,0,0
03-17-2020,26,0,0,9,0,0
03-18-2020,39,0,0,13,0,0
03-19-2020,44,0,0,5,0,0
03-20-2020,55,0,0,11,0,0
03-21-2020,65,0,0,10,0,0
03-22-2020,78,0,0,13,0,0
03-23-2020,97,1,0,19,1,0
03-24-2020,108,1,0,11,0,0
03-25-2020,137,1,0,29,0,0
03-26-2020,154,1,0,17,0,0
03-27-2020,187,2,0,33,1,0
03-28-2020,214,2,0,27,0,0
03-29-2020,258,3,0,44,1,0
03-30-2020,314,3,0,56,0,0
03-31-2020,367,3,0,53,0,0
04-01-2020,415,4,0,48,1,0
04-02-2020,479,5,0,64,1,0
04-03-2020,540,7,0,61,2,0
04-04-2020,621,9,0,81,2,0
04-05-2020,669,9,0,48,0,0
04-06-2020,715,9,0,46,0,0
04-07-2020,747,13,151,32,4,151
04-08-2020,788,18,227,41,5,76
04-09-2020,819,21,227,31,3,0
04-10-2020,885,22,234,66,1,7
04-11-2020,929,23,234,44,1,0
04-12-2020,985,23,239,56,0,5
04-13-2020,1020,23,249,35,0,10
04-14-2020,1091,27,249,71,4,0
04-15-2020,1139,32,365,48,5,116
04-16-2020,1211,34,455,72,2,90
04-17-2020,1287,37,468,76,3,13
04-18-2020,1342,38,513,55,1,45
04-19-2020,1392,41,513,50,3,0
04-20-2020,1447,42,521,55,1,8
04-21-2020,1490,42,546,43,0,25
04-22-2020,1588,48,550,98,6,4
04-23-2020,1670,51,551,82,3,1
04-24-2020,1720,53,578,50,2,27
04-25-2020,1797,53,777,77,0,199
04-26-2020,1864,60,777,67,7,0
04-27-2020,1938,60,798,74,0,21
04-28-2020,2010,60,936,72,0,138
04-29-2020,2058,60,936,48,0,0
04-30-2020,2146,72,936,88,12,0
05-01-2020,2310,81,980,164,9,44
05-02-2020,2429,84,1017,119,3,37
05-03-2020,2518,86,1107,89,2,90
05-04-2020,2588,86,1019,70,0,-88
05-05-2020,2636,92,1105,48,6,86
05-06-2020,2741,92,1105,105,0,0
05-07-2020,2843,114,1165,102,22,60
05-08-2020,2947,121,1210,104,7,45
05-09-2020,3011,131,1228,64,10,18
05-10-2020,3071,133,1229,60,2,1
05-11-2020,3160,133,1231,89,0,2
05-12-2020,3239,142,1234,79,9,3
05-13-2020,3299,150,1236,60,8,2
05-14-2020,3382,151,1247,83,1,11
05-15-2020,3464,159,1254,82,8,7
05-16-2020,3556,171,1258,92,12,4
05-17-2020,3596,172,1268,40,1,10
05-18-2020,3652,172,1269,56,0,1
05-19-2020,3721,172,1269,69,0,0
05-20-2020,3868,190,1388,147,18,119
05-21-2020,3935,199,1767,67,9,379
05-22-2020,4014,204,2082,79,5,315
05-23-2020,4089,208,2197,75,4,115
05-24-2020,4149,209,2204,60,1,7
05-25-2020,4197,210,2434,48,1,230
05-26-2020,4231,214,2550,34,4,116
05-27-2020,4286,223,2691,55,9,141
05-28-2020,4389,232,2730,103,9,39
05-29-2020,4492,238,2802,103,6,72
05-30-2020,4492,238,2802,0,0,0
05-31-2020,4651,245,2948,159,7,146
06-01-2020,4685,245,2954,34,0,6
06-02-2020,4749,256,3071,64,11,117
06-03-2020,4795,265,3157,46,9,86
06-04-2020,4876,273,3187,81,8,30
06-05-2020,4953,278,3247,77,5,60
06-06-2020,5019,283,3319,66,5,72
06-07-2020,5043,286,3392,24,3,73
06-08-2020,5079,286,3392,36,0,0
06-09-2020,5132,294,3501,53,8,109
06-10-2020,5132,294,3501,0,0,0
06-11-2020,5209,308,3665,77,14,164
06-12-2020,5251,315,3843,42,7,178
06-13-2020,5299,318,3905,48,3,62
06-14-2020,5318,320,3987,19,2,82
06-15-2020,5345,320,4041,27,0,54
06-16-2020,5364,326,4067,19,6,26
06-17-2020,5364,326,4067,0,0,0
06-18-2020,5450,331,4140,86,5,73
06-19-2020,5486,337,4209,36,6,69
06-20-2020,5518,339,4244,32,2,35
06-21-2020,5544,339,4275,26,0,31
06-22-2020,5558,339,4290,14,0,15
06-23-2020,5571,343,4316,13,4,26
06-24-2020,5598,347,4358,27,4,42
06-25-2020,5638,357,4370,40,10,12
06-26-2020,5671,365,4381,33,8,11
06-27-2020,5717,367,4401,46,2,20
06-28-2020,5747,367,4412,30,0,11
06-29-2020,5760,367,4435,13,0,23
06-30-2020,5782,371,4463,22,4,28
07-01-2020,5802,373,4491,20,2,28
07-02-2020,5822,375,4508,20,2,17
07-03-2020,5857,376,4597,35,1,89
07-04-2020,5871,380,4667,14,4,70
07-05-2020,5897,381,4684,26,1,17
07-06-2020,5914,382,4706,17,1,22
07-07-2020,5932,384,4758,18,2,52
07-08-2020,5952,386,4817,20,2,59
07-09-2020,5973,387,4831,21,1,14
07-10-2020,5991,390,4897,18,3,66
07-11-2020,6024,391,5013,33,1,116
07-12-2020,6054,391,5027,30,0,14
07-13-2020,6068,391,5056,14,0,29
07-14-2020,6091,392,5101,23,1,45
07-15-2020,6113,394,5125,22,2,24
07-16-2020,6139,395,5136,26,1,11
07-17-2020,6165,395,5188,26,0,52
07-18-2020,6188,396,5221,23,1,33
07-19-2020,6203,398,5251,15,2,30
07-20-2020,6249,398,5286,46,0,35
07-21-2020,6262,400,5316,13,2,30
07-22-2020,6295,402,5341,33,2,25
07-23-2020,6318,405,5345,23,3,4
07-24-2020,6375,407,5393,57,2,48
07-25-2020,6415,409,5438,40,2,45
07-26-2020,6436,409,5438,21,0,0
07-27-2020,6441,409,5652,5,0,214
07-28-2020,6500,409,5688,59,0,36
07-29-2020,6513,411,5710,13,2,22
07-30-2020,6544,415,5722,31,4,12
07-31-2020,6583,415,5772,39,0,50
08-01-2020,6613,416,5794,30,1,22
08-02-2020,6634,417,5820,21,1,26
08-03-2020,6660,417,5848,26,0,28
08-04-2020,6693,418,5915,33,1,67
08-05-2020,6719,418,5915,26,0,0
08-06-2020,6742,419,5941,23,1,26
08-07-2020,6779,419,5995,37,0,54
08-08-2020,6818,419,6049,39,0,54
08-09-2020,6831,419,6063,13,0,14
08-10-2020,6840,419,6093,9,0,30
08-11-2020,6861,419,6126,21,0,33
08-12-2020,6887,420,6162,26,1,36
08-13-2020,6921,422,6190,34,2,28
08-14-2020,6964,423,6218,43,1,28
08-15-2020,6980,423,6264,16,0,46
08-16-2020,6988,423,6287,8,0,23
08-17-2020,7004,423,6302,16,0,15
08-18-2020,7017,424,6333,13,1,31
08-19-2020,7036,427,6347,19,3,14
08-20-2020,7050,428,6367,14,1,20
08-21-2020,7071,428,6385,21,0,18
08-22-2020,7092,429,6405,21,1,20
08-23-2020,7107,429,6428,15,0,23
08-24-2020,7134,429,6450,27,0,22
08-25-2020,7134,429,6450,0,0,0
