date,totalConfirmed,totalDeaths,totalRecovered,newConfirmed,newDeaths,newRecovered
01-22-2020,4,0,0,0,0,0
01-23-2020,4,0,0,0,0,0
01-24-2020,8,0,0,4,0,0
01-25-2020,13,0,0,5,0,0
01-26-2020,14,0,0,1,0,0
01-27-2020,23,0,0,9,0,0
01-28-2020,25,0,0,2,0,0
01-29-2020,27,0,0,2,0,0
01-30-2020,32,0,0,5,0,0
01-31-2020,32,0,0,0,0,0
02-01-2020,45,0,0,13,0,0
02-02-2020,48,0,1,3,0,1
02-03-2020,60,0,1,12,0,0
02-04-2020,67,0,2,7,0,1
02-05-2020,69,1,2,2,1,0
02-06-2020,79,1,2,10,0,0
02-07-2020,81,1,2,2,0,0
02-08-2020,90,1,4,9,0,2
02-09-2020,94,1,4,4,0,0
02-10-2020,95,1,8,1,0,4
02-11-2020,106,2,10,11,1,2
02-12-2020,113,2,11,7,0,1
02-13-2020,119,3,21,6,1,10
02-14-2020,121,3,32,2,0,11
02-15-2020,122,3,37,1,0,5
02-16-2020,125,3,45,3,0,8
02-17-2020,127,3,46,2,0,1
02-18-2020,128,3,48,1,0,2
02-19-2020,130,3,54,2,0,6
02-20-2020,131,3,59,1,0,5
02-21-2020,135,3,64,4,0,5
02-22-2020,135,3,65,0,0,1
02-23-2020,135,3,81,0,0,16
02-24-2020,135,3,87,0,0,6
02-25-2020,135,3,91,0,0,4
02-26-2020,135,3,96,0,0,5
02-27-2020,136,3,102,1,0,6
02-28-2020,136,3,105,0,0,3
02-29-2020,136,3,109,0,0,4
03-01-2020,136,3,111,0,0,2
03-02-2020,136,3,118,0,0,7
03-03-2020,136,3,124,0,0,6
03-04-2020,136,3,128,0,0,4
03-05-2020,136,3,128,0,0,0
03-06-2020,136,3,128,0,0,0
03-07-2020,136,3,128,0,0,0
03-08-2020,136,3,129,0,0,1
03-09-2020,136,3,130,0,0,1
03-10-2020,136,3,131,0,0,1
03-11-2020,136,3,132,0,0,1
03-12-2020,136,3,132,0,0,0
03-13-2020,136,3,132,0,0,0
03-14-2020,136,3,132,0,0,0
03-15-2020,136,3,133,0,0,1
03-16-2020,136,3,133,0,0,0
03-17-2020,136,3,133,0,0,0
03-18-2020,136,3,133,0,0,0
03-19-2020,137,3,133,1,0,0
03-20-2020,137,3,133,0,0,0
03-21-2020,137,3,133,0,0,0
03-22-2020,137,3,133,0,0,0
03-23-2020,141,3,133,4,0,0
03-24-2020,145,3,133,4,0,0
03-25-2020,147,3,133,2,0,0
03-26-2020,151,3,133,4,0,0
03-27-2020,155,3,133,4,0,0
03-28-2020,161,3,133,6,0,0
03-29-2020,166,3,133,5,0,0
03-30-2020,174,3,133,8,0,0
03-31-2020,174,3,133,0,0,0
04-01-2020,176,3,135,2,0,2
04-02-2020,176,3,135,0,0,0
04-03-2020,180,3,140,4,0,5
04-04-2020,180,3,140,0,0,0
04-05-2020,180,3,140,0,0,0
04-06-2020,180,3,140,0,0,0
04-07-2020,180,3,140,0,0,0
04-08-2020,180,3,140,0,0,0
04-09-2020,182,3,152,2,0,12
04-10-2020,183,3,158,1,0,6
04-11-2020,183,3,158,0,0,0
04-12-2020,183,3,158,0,0,0
04-13-2020,184,3,161,1,0,3
04-14-2020,185,3,164,1,0,3
04-15-2020,185,3,164,0,0,0
04-16-2020,186,3,172,1,0,8
04-17-2020,189,3,173,3,0,1
04-18-2020,189,3,173,0,0,0
04-19-2020,189,3,173,0,0,0
04-20-2020,189,3,173,0,0,0
04-21-2020,189,3,173,0,0,0
04-22-2020,189,3,173,0,0,0
04-23-2020,189,3,173,0,0,0
04-24-2020,190,3,179,1,0,6
04-25-2020,190,3,179,0,0,0
04-26-2020,190,3,182,0,0,3
04-27-2020,190,3,182,0,0,0
04-28-2020,190,3,182,0,0,0
04-29-2020,190,3,182,0,0,0
04-30-2020,190,3,184,0,0,2
05-01-2020,190,3,185,0,0,1
05-02-2020,190,3,185,0,0,0
05-03-2020,190,3,186,0,0,1
05-04-2020,190,3,186,0,0,0
05-05-2020,190,3,186,0,0,0
05-06-2020,190,3,186,0,0,0
05-07-2020,190,3,186,0,0,0
05-08-2020,191,3,186,1,0,0
05-09-2020,191,3,186,0,0,0
05-10-2020,191,3,186,0,0,0
05-11-2020,191,3,186,0,0,0
05-12-2020,191,3,186,0,0,0
05-13-2020,191,3,187,0,0,1
05-14-2020,191,3,187,0,0,0
05-15-2020,191,3,187,0,0,0
05-16-2020,192,3,187,1,0,0
05-17-2020,192,3,187,0,0,0
05-18-2020,192,3,187,0,0,0
05-19-2020,192,3,187,0,0,0
05-20-2020,192,3,187,0,0,0
05-21-2020,192,3,187,0,0,0
05-22-2020,192,3,187,0,0,0
05-23-2020,192,3,187,0,0,0
05-24-2020,192,3,188,0,0,1
05-25-2020,192,3,188,0,0,0
05-26-2020,192,3,188,0,0,0
05-27-2020,192,3,188,0,0,0
05-28-2020,192,3,188,0,0,0
05-29-2020,192,3,188,0,0,0
05-30-2020,192,3,188,0,0,0
05-31-2020,192,3,188,0,0,0
06-01-2020,192,3,188,0,0,0
06-02-2020,192,3,188,0,0,0
06-03-2020,192,3,188,0,0,0
06-04-2020,192,3,189,0,0,1
06-05-2020,192,3,189,0,0,0
06-06-2020,193,3,189,1,0,0
06-07-2020,193,3,189,0,0,0
06-08-2020,193,3,189,0,0,0
06-09-2020,194,3,189,1,0,0
06-10-2020,194,3,189,0,0,0
06-11-2020,194,3,189,0,0,0
06-12-2020,194,3,189,0,0,0
06-13-2020,194,3,189,0,0,0
06-14-2020,194,3,189,0,0,0
06-15-2020,194,3,189,0,0,0
06-16-2020,180,3,144,-14,0,-45
06-17-2020,180,3,144,0,0,0
06-18-2020,180,3,144,0,0,0
06-19-2020,180,3,144,0,0,0
06-20-2020,180,3,144,0,0,0
06-21-2020,180,3,144,0,0,0
06-22-2020,180,3,144,0,0,0
06-23-2020,180,3,144,0,0,0
06-24-2020,180,3,144,0,0,0
06-25-2020,180,3,144,0,0,0
06-26-2020,180,3,144,0,0,0
06-27-2020,180,3,144,0,0,0
06-28-2020,180,3,144,0,0,0
06-29-2020,180,3,144,0,0,0
06-30-2020,180,3,144,0,0,0
07-01-2020,180,3,144,0,0,0
07-02-2020,180,3,144,0,0,0
07-03-2020,198,3,194,18,0,50
07-04-2020,198,3,194,0,0,0
07-05-2020,198,3,194,0,0,0
07-06-2020,198,3,194,0,0,0
07-07-2020,199,3,194,1,0,0
07-08-2020,199,3,194,0,0,0
07-09-2020,199,3,194,0,0,0
07-10-2020,199,3,194,0,0,0
07-11-2020,199,3,194,0,0,0
07-12-2020,199,3,194,0,0,0
07-13-2020,199,3,194,0,0,0
07-14-2020,199,3,194,0,0,0
07-15-2020,199,3,194,0,0,0
07-16-2020,199,3,194,0,0,0
07-17-2020,199,3,194,0,0,0
07-18-2020,203,3,195,4,0,1
07-19-2020,203,3,195,0,0,0
07-20-2020,203,3,195,0,0,0
07-21-2020,203,3,195,0,0,0
07-22-2020,203,3,195,0,0,0
07-23-2020,203,3,195,0,0,0
07-24-2020,203,3,195,0,0,0
07-25-2020,203,3,195,0,0,0
07-26-2020,203,3,195,0,0,0
07-27-2020,204,3,195,1,0,0
07-28-2020,204,3,195,0,0,0
07-29-2020,204,3,195,0,0,0
07-30-2020,204,3,195,0,0,0
07-31-2020,204,3,195,0,0,0
08-01-2020,204,3,195,0,0,0
08-02-2020,204,3,195,0,0,0
08-03-2020,204,3,195,0,0,0
08-04-2020,204,3,195,0,0,0
08-05-2020,204,3,195,0,0,0
08-06-2020,204,3,195,0,0,0
08-07-2020,204,3,195,0,0,0
08-08-2020,204,3,195,0,0,0
08-09-2020,204,3,195,0,0,0
08-10-2020,204,3,195,0,0,0
08-11-2020,204,3,195,0,0,0
08-12-2020,204,3,195,0,0,0
08-13-2020,204,3,195,0,0,0
08-14-2020,204,3,195,0,0,0
08-15-2020,204,3,195,0,0,0
08-16-2020,204,3,195,0,0,0
08-17-2020,204,3,195,0,0,0
08-18-2020,204,3,195,0,0,0
08-19-2020,204,3,195,0,0,0
08-20-2020,204,3,195,0,0,0
08-21-2020,204,3,195,0,0,0
08-22-2020,204,3,195,0,0,0
08-23-2020,204,3,195,0,0,0
08-24-2020,204,3,195,0,0,0
08-25-2020,204,3,195,0,0,0
