date,totalConfirmed,totalDeaths,totalRecovered,newConfirmed,newDeaths,newRecovered
03-14-2020,1,0,-1,1,0,-1
03-15-2020,1,0,-1,0,0,-1
03-16-2020,4,0,-1,3,0,-1
03-17-2020,5,0,-1,1,0,-1
03-18-2020,6,0,-1,1,0,-1
03-19-2020,9,0,-1,3,0,-1
03-20-2020,9,0,-1,0,0,-1
03-21-2020,9,0,-1,0,0,-1
03-22-2020,9,0,-1,0,0,-1
03-23-2020,11,0,-1,2,0,-1
03-24-2020,11,0,-1,0,0,-1
03-25-2020,12,0,-1,1,0,-1
03-26-2020,12,0,-1,0,0,-1
03-27-2020,12,0,-1,0,0,-1
03-28-2020,16,0,-1,4,0,-1
03-29-2020,16,0,-1,0,0,-1
03-30-2020,21,0,-1,5,0,-1
03-31-2020,23,0,-1,2,0,-1
04-01-2020,26,0,-1,3,0,-1
04-02-2020,26,0,-1,0,0,-1
04-03-2020,31,0,-1,5,0,-1
04-04-2020,35,0,-1,4,0,-1
04-05-2020,38,0,-1,3,0,-1
04-06-2020,43,1,-1,5,1,-1
04-07-2020,44,1,-1,1,0,-1
04-08-2020,52,2,-1,8,1,-1
04-09-2020,55,2,-1,3,0,-1
04-10-2020,56,2,-1,1,0,-1
04-11-2020,65,2,-1,9,0,-1
04-12-2020,69,3,-1,4,1,-1
04-13-2020,71,3,-1,2,0,-1
04-14-2020,74,3,-1,3,0,-1
04-15-2020,82,3,-1,8,0,-1
04-16-2020,85,3,-1,3,0,-1
04-17-2020,92,3,-1,7,0,-1
04-18-2020,96,3,-1,4,0,-1
04-19-2020,105,3,-1,9,0,-1
04-20-2020,108,3,-1,3,0,-1
04-21-2020,111,3,-1,3,0,-1
04-22-2020,114,3,-1,3,0,-1
04-23-2020,116,3,-1,2,0,-1
04-24-2020,116,3,-1,0,0,-1
04-25-2020,117,3,-1,1,0,-1
04-26-2020,122,3,-1,5,0,-1
04-27-2020,123,3,-1,1,0,-1
04-28-2020,124,3,-1,1,0,-1
04-29-2020,126,3,-1,2,0,-1
04-30-2020,130,3,-1,4,0,-1
05-01-2020,131,3,-1,1,0,-1
05-02-2020,133,3,-1,2,0,-1
05-03-2020,133,3,-1,0,0,-1
05-04-2020,135,3,-1,2,0,-1
05-05-2020,140,3,-1,5,0,-1
05-06-2020,145,4,-1,5,1,-1
05-07-2020,162,4,-1,17,0,-1
05-08-2020,191,4,-1,29,0,-1
05-09-2020,194,4,-1,3,0,-1
05-10-2020,210,5,-1,16,1,-1
05-11-2020,239,5,-1,29,0,-1
05-12-2020,250,5,-1,11,0,-1
05-13-2020,261,5,-1,11,0,-1
05-14-2020,263,5,-1,2,0,-1
05-15-2020,272,5,-1,9,0,-1
05-16-2020,287,5,-1,15,0,-1
05-17-2020,306,5,-1,19,0,-1
05-18-2020,317,5,-1,11,0,-1
05-19-2020,352,5,-1,35,0,-1
05-20-2020,365,5,-1,13,0,-1
05-21-2020,389,5,-1,24,0,-1
05-22-2020,399,5,-1,10,0,-1
05-23-2020,433,5,-1,34,0,-1
05-24-2020,494,5,-1,61,0,-1
05-25-2020,582,5,-1,88,0,-1
05-26-2020,655,5,-1,73,0,-1
05-27-2020,701,6,-1,46,1,-1
05-28-2020,731,6,-1,30,0,-1
05-29-2020,831,7,-1,100,1,-1
05-30-2020,968,8,-1,137,1,-1
05-31-2020,1063,8,-1,95,0,-1
06-01-2020,1172,11,-1,109,3,-1
06-02-2020,1257,12,-1,85,1,-1
06-03-2020,1344,14,-1,87,2,-1
06-04-2020,1486,17,-1,142,3,-1
06-05-2020,1636,18,-1,150,1,-1
06-06-2020,1805,19,-1,169,1,-1
06-07-2020,1934,20,-1,129,1,-1
06-08-2020,2020,27,-1,86,7,-1
06-09-2020,2156,27,-1,136,0,-1
06-10-2020,2506,35,401,350,8,-1
06-11-2020,2670,40,434,164,5,33
06-12-2020,2915,47,451,245,7,17
06-13-2020,3166,55,495,251,8,44
06-14-2020,3166,55,495,0,0,0
06-15-2020,3521,60,620,355,5,125
06-16-2020,3630,61,738,109,1,118
06-17-2020,3759,63,849,129,2,111
06-18-2020,3954,65,934,195,2,85
06-19-2020,4070,72,1029,116,7,95
06-20-2020,4469,72,1124,399,0,95
06-21-2020,4532,74,1213,63,2,89
06-22-2020,4663,75,1297,131,1,84
06-23-2020,4848,75,1412,185,0,115
06-24-2020,4848,75,1412,0,0,0
06-25-2020,5175,81,1544,327,6,132
06-26-2020,5175,81,1544,0,0,0
06-27-2020,5425,89,1688,250,8,144
06-28-2020,5689,98,2132,264,9,444
06-29-2020,5846,103,2430,157,5,298
06-30-2020,5846,103,2430,0,0,0
07-01-2020,5846,103,2430,0,0,0
07-02-2020,6048,107,2430,202,4,0
07-03-2020,6163,109,2430,115,2,0
07-04-2020,6217,114,2430,54,5,0
07-05-2020,6386,116,2430,169,2,0
07-06-2020,6386,116,2430,0,0,0
07-07-2020,6666,119,2430,280,3,0
07-08-2020,6774,120,2430,108,1,0
07-09-2020,6973,120,2430,199,0,0
07-10-2020,7120,124,2430,147,4,0
07-11-2020,7402,124,2430,282,0,0
07-12-2020,7560,127,2430,158,3,0
07-13-2020,7766,128,2430,206,1,0
07-14-2020,7969,139,2430,203,11,0
07-15-2020,8181,146,2430,212,7,0
07-16-2020,8475,148,2430,294,2,0
07-17-2020,8803,150,2430,328,2,0
07-18-2020,9147,163,2430,344,13,0
07-19-2020,9503,167,2430,356,4,0
07-20-2020,10207,170,2430,704,3,0
07-21-2020,11072,180,5448,865,10,3018
07-22-2020,11524,188,5506,452,8,58
07-23-2020,11933,197,5645,409,9,139
07-24-2020,12693,200,5785,760,3,140
07-25-2020,13248,209,5966,555,9,181
07-26-2020,13968,223,6216,720,14,250
07-27-2020,14547,228,6386,579,5,170
07-28-2020,15200,239,6526,653,11,140
07-29-2020,15810,253,6685,610,14,159
07-30-2020,16615,263,6763,805,10,78
07-31-2020,17530,274,6950,915,11,187
08-01-2020,17999,284,7195,469,10,245
08-02-2020,18706,310,7601,707,26,406
08-03-2020,19289,336,7931,583,26,330
08-04-2020,19877,343,8240,588,7,309
08-05-2020,20336,356,8598,459,13,358
08-06-2020,20900,365,9027,564,9,429
08-07-2020,21452,380,9415,552,15,388
08-08-2020,22253,390,9707,801,10,292
08-09-2020,22818,407,10206,565,17,499
08-10-2020,23591,420,10411,773,13,205
08-11-2020,24175,440,10696,584,20,285
08-12-2020,24175,440,10696,0,0,0
08-13-2020,25136,463,11034,961,23,338
08-14-2020,26204,479,11428,1068,16,394
08-15-2020,27242,492,11428,1038,13,0
08-16-2020,29876,528,12359,2634,36,931
08-17-2020,29876,528,12359,0,0,0
08-18-2020,32722,572,12938,2846,44,579
08-19-2020,34058,600,13308,1336,28,370
08-20-2020,34058,600,13308,0,0,0
08-21-2020,37665,637,13913,3607,37,605
08-22-2020,37665,637,13913,0,0,0
08-23-2020,40671,678,14995,3006,41,1082
08-24-2020,40671,678,14995,0,0,0
08-25-2020,42143,692,14995,1472,14,0
