date,totalConfirmed,totalDeaths,totalRecovered,newConfirmed,newDeaths,newRecovered
03-01-2020,3,0,0,3,0,0
03-02-2020,3,0,-1,0,0,-1
03-03-2020,5,0,-1,2,0,-1
03-04-2020,5,0,-1,0,0,-1
03-05-2020,12,0,-1,7,0,-1
03-06-2020,12,0,-1,0,0,-1
03-07-2020,26,0,-1,14,0,-1
03-08-2020,32,0,-1,6,0,-1
03-09-2020,32,0,-1,0,0,-1
03-10-2020,61,0,-1,29,0,-1
03-11-2020,61,0,-1,0,0,-1
03-12-2020,116,0,-1,55,0,-1
03-13-2020,116,0,-1,0,0,-1
03-14-2020,150,0,-1,34,0,-1
03-15-2020,253,0,-1,103,0,-1
03-16-2020,298,0,-1,45,0,-1
03-17-2020,434,0,-1,136,0,-1
03-18-2020,522,0,-1,88,0,-1
03-19-2020,694,0,-1,172,0,-1
03-20-2020,904,0,-1,210,0,-1
03-21-2020,995,0,-1,91,0,-1
03-22-2020,995,0,-1,0,0,-1
03-23-2020,1165,1,-1,170,1,-1
03-24-2020,1236,1,-1,71,0,-1
03-25-2020,1394,3,-1,158,2,-1
03-26-2020,1654,6,-1,260,3,-1
03-27-2020,2062,9,-1,408,3,-1
03-28-2020,2279,9,-1,217,0,-1
03-29-2020,2663,11,-1,384,2,-1
03-30-2020,2829,16,-1,166,5,-1
03-31-2020,3002,24,-1,173,8,-1
04-01-2020,3308,31,-1,306,7,-1
04-02-2020,3589,39,-1,281,8,-1
04-03-2020,3858,44,-1,269,5,-1
04-04-2020,4190,53,-1,332,9,-1
04-05-2020,4472,59,-1,282,6,-1
04-06-2020,4587,67,-1,115,8,-1
04-07-2020,4822,78,-1,235,11,-1
04-08-2020,5017,88,-1,195,10,-1
04-09-2020,5312,99,-1,295,11,-1
04-10-2020,5569,112,-1,257,13,-1
04-11-2020,5732,119,-1,163,7,-1
04-12-2020,5902,129,-1,170,10,-1
04-13-2020,5991,138,-1,89,9,-1
04-14-2020,6059,143,-1,68,5,-1
04-15-2020,6141,161,-1,82,18,-1
04-16-2020,6303,166,-1,162,5,-1
04-17-2020,6433,169,-1,130,3,-1
04-18-2020,6549,173,-1,116,4,-1
04-19-2020,6654,181,-1,105,8,-1
04-20-2020,6787,188,-1,133,7,-1
04-21-2020,6914,196,-1,127,8,-1
04-22-2020,7041,201,-1,127,5,-1
04-23-2020,7136,210,-1,95,9,-1
04-24-2020,7188,213,-1,52,3,-1
04-25-2020,7273,215,-1,85,2,-1
04-26-2020,7352,218,-1,79,3,-1
04-27-2020,7404,221,-1,52,3,-1
04-28-2020,7449,223,-1,45,2,-1
04-29-2020,7504,227,-1,55,4,-1
04-30-2020,7579,227,-1,75,0,-1
05-01-2020,7682,236,-1,103,9,-1
05-02-2020,7737,240,-1,55,4,-1
05-03-2020,7755,245,-1,18,5,-1
05-04-2020,7781,248,-1,26,3,-1
05-05-2020,7819,252,-1,38,4,-1
05-06-2020,7896,257,-1,77,5,-1
05-07-2020,7974,262,-1,78,5,-1
05-08-2020,8031,270,-1,57,8,-1
05-09-2020,8077,273,-1,46,3,-1
05-10-2020,8095,276,-1,18,3,-1
05-11-2020,8123,280,-1,28,4,-1
05-12-2020,8176,282,-1,53,2,-1
05-13-2020,8221,283,-1,45,1,-1
05-14-2020,8269,290,-1,48,7,-1
05-15-2020,8351,293,-1,82,3,-1
05-16-2020,8406,295,-1,55,2,-1
05-17-2020,8455,296,-1,49,1,-1
05-18-2020,8475,298,-1,20,2,-1
05-19-2020,8586,297,-1,111,-1,-1
05-20-2020,8647,302,-1,61,5,-1
05-21-2020,8721,304,-1,74,2,-1
05-22-2020,8754,306,-1,33,2,-1
05-23-2020,8813,312,-1,59,6,-1
05-24-2020,8890,314,-1,77,2,-1
05-25-2020,8957,315,-1,67,1,-1
05-26-2020,9004,317,-1,47,2,-1
05-27-2020,9050,317,-1,46,0,-1
05-28-2020,9086,317,-1,36,0,-1
05-29-2020,9140,319,-1,54,2,-1
05-30-2020,9196,319,-1,56,0,-1
05-31-2020,9230,319,-1,34,0,-1
06-01-2020,9273,320,-1,43,1,-1
06-02-2020,9302,321,-1,29,1,-1
06-03-2020,9364,323,-1,62,2,-1
06-04-2020,9438,324,-1,74,1,-1
06-05-2020,9494,326,-1,56,2,-1
06-06-2020,9529,327,-1,35,1,-1
06-07-2020,9567,327,-1,38,0,-1
06-08-2020,9628,327,-1,61,0,-1
06-09-2020,9697,328,-1,69,1,-1
06-10-2020,9824,328,7117,127,0,-1
06-11-2020,9886,329,7167,62,1,50
06-12-2020,9938,329,7215,52,0,48
06-13-2020,9991,329,7219,53,0,4
06-14-2020,10024,329,7226,33,0,7
06-15-2020,10064,330,7296,40,1,70
06-16-2020,10111,331,7358,47,1,62
06-17-2020,10162,333,7399,51,2,41
06-18-2020,10280,334,7440,118,1,41
06-19-2020,10406,335,7473,126,1,33
06-20-2020,10448,336,7477,42,1,4
06-21-2020,10498,336,7499,50,0,22
06-22-2020,10561,336,7539,63,0,40
06-23-2020,10650,339,7556,89,3,17
06-24-2020,10777,343,7588,127,4,32
06-25-2020,10870,345,7630,93,2,42
06-26-2020,11038,349,7668,168,4,38
06-27-2020,11038,349,7668,0,0,0
06-28-2020,11603,348,7705,565,-1,37
06-29-2020,11805,348,7746,202,0,41
06-30-2020,11954,349,7771,149,1,25
07-01-2020,12046,349,7797,92,0,26
07-02-2020,12178,353,7822,132,4,25
07-03-2020,12319,352,7848,141,-1,26
07-04-2020,12440,352,7852,121,0,4
07-05-2020,12515,351,7864,75,-1,12
07-06-2020,12566,350,7873,51,-1,9
07-07-2020,12685,351,7910,119,1,37
07-08-2020,12814,351,8010,129,0,100
07-09-2020,12814,351,8010,0,0,0
07-10-2020,13062,352,8209,248,1,199
07-11-2020,13115,352,8227,53,0,18
07-12-2020,13174,352,8247,59,0,20
07-13-2020,13238,353,8373,64,1,126
07-14-2020,13341,355,8441,103,2,68
07-15-2020,13341,355,8441,0,0,0
07-16-2020,13612,355,8640,271,0,199
07-17-2020,13612,355,8640,0,0,0
07-18-2020,13855,358,8733,243,3,93
07-19-2020,13945,359,8760,90,1,27
07-20-2020,14098,359,8836,153,0,76
07-21-2020,14324,360,8918,226,1,82
07-22-2020,14570,364,9144,246,4,226
07-23-2020,14800,365,9328,230,1,184
07-24-2020,15081,369,9422,281,4,94
07-25-2020,15212,369,9590,131,0,168
07-26-2020,15324,371,11428,112,2,1838
07-27-2020,15516,373,11315,192,2,-113
07-28-2020,15799,373,11371,283,0,56
07-29-2020,16093,374,11429,294,1,58
07-30-2020,16342,379,11482,249,5,53
07-31-2020,16574,382,11569,232,3,87
08-01-2020,16699,383,11587,125,1,18
08-02-2020,16800,384,11605,101,1,18
08-03-2020,17008,386,11708,208,2,103
08-04-2020,17286,386,11812,278,0,104
08-05-2020,17529,388,11909,243,2,97
08-06-2020,17731,390,12320,202,2,411
08-07-2020,18060,390,12749,329,0,429
08-08-2020,18235,389,12765,175,-1,16
08-09-2020,18353,390,12785,118,1,20
08-10-2020,18494,390,13017,141,0,232
08-11-2020,18783,391,13222,289,1,205
08-12-2020,19075,391,13407,292,0,185
08-13-2020,19401,391,13574,326,0,167
08-14-2020,19693,394,13732,292,3,158
08-15-2020,19891,395,13763,198,1,31
08-16-2020,20012,397,13799,121,2,36
08-17-2020,20202,399,14622,190,2,823
08-18-2020,20483,401,15148,281,2,526
08-19-2020,20798,404,15616,315,3,468
08-20-2020,21045,406,15886,247,2,270
08-21-2020,21551,411,16062,506,5,176
08-22-2020,21790,411,16094,239,0,32
08-23-2020,21923,412,16125,133,1,31
08-24-2020,22181,415,16376,258,3,251
08-25-2020,22414,416,16650,233,1,274
