date,totalConfirmed,totalDeaths,totalRecovered,newConfirmed,newDeaths,newRecovered
04-06-2020,1,0,-1,1,0,-1
04-07-2020,1,0,-1,0,0,-1
04-08-2020,1,0,-1,0,0,-1
04-09-2020,1,0,-1,0,0,-1
04-10-2020,3,0,-1,2,0,-1
04-11-2020,3,0,-1,0,0,-1
04-12-2020,4,0,-1,1,0,-1
04-13-2020,4,0,-1,0,0,-1
04-14-2020,4,0,-1,0,0,-1
04-15-2020,4,0,-1,0,0,-1
04-16-2020,4,0,-1,0,0,-1
04-17-2020,4,0,-1,0,0,-1
04-18-2020,4,0,-1,0,0,-1
04-19-2020,4,0,-1,0,0,-1
04-20-2020,4,0,-1,0,0,-1
04-21-2020,4,0,-1,0,0,-1
04-22-2020,4,0,-1,0,0,-1
04-23-2020,4,0,-1,0,0,-1
04-24-2020,4,0,-1,0,0,-1
04-25-2020,5,0,-1,1,0,-1
04-26-2020,5,0,-1,0,0,-1
04-27-2020,6,0,-1,1,0,-1
04-28-2020,6,0,-1,0,0,-1
04-29-2020,34,0,-1,28,0,-1
04-30-2020,34,0,-1,0,0,-1
05-01-2020,35,0,-1,1,0,-1
05-02-2020,45,0,-1,10,0,-1
05-03-2020,45,0,-1,0,0,-1
05-04-2020,46,0,-1,1,0,-1
05-05-2020,49,0,-1,3,0,-1
05-06-2020,49,0,-1,0,0,-1
05-07-2020,58,0,-1,9,0,-1
05-08-2020,90,0,-1,32,0,-1
05-09-2020,120,0,-1,30,0,-1
05-10-2020,120,0,-1,0,0,-1
05-11-2020,156,0,-1,36,0,-1
05-12-2020,174,0,-1,18,0,-1
05-13-2020,174,0,-1,0,0,-1
05-14-2020,194,0,-1,20,0,-1
05-15-2020,231,1,-1,37,1,-1
05-16-2020,231,1,-1,0,0,-1
05-17-2020,231,1,-1,0,0,-1
05-18-2020,282,4,-1,51,3,-1
05-19-2020,282,4,-1,0,0,-1
05-20-2020,282,4,-1,0,0,-1
05-21-2020,339,6,-1,57,2,-1
05-22-2020,473,6,-1,134,0,-1
05-23-2020,473,6,-1,0,0,-1
05-24-2020,563,6,-1,90,0,-1
05-25-2020,655,8,-1,92,2,-1
05-26-2020,655,8,-1,0,0,-1
05-27-2020,806,8,-1,151,0,-1
05-28-2020,806,8,-1,0,0,-1
05-29-2020,994,10,-1,188,2,-1
05-30-2020,994,10,-1,0,0,-1
05-31-2020,994,10,-1,0,0,-1
06-01-2020,994,10,-1,0,0,-1
06-02-2020,994,10,-1,0,0,-1
06-03-2020,994,10,-1,0,0,-1
06-04-2020,1317,14,-1,323,4,-1
06-05-2020,1317,14,-1,0,0,-1
06-06-2020,1317,14,-1,0,0,-1
06-07-2020,1317,14,-1,0,0,-1
06-08-2020,1317,14,-1,0,0,-1
06-09-2020,1604,19,-1,287,5,-1
06-10-2020,1606,20,15,2,1,-1
06-11-2020,1606,20,15,0,0,0
06-12-2020,1606,22,15,0,2,0
06-13-2020,1670,22,15,64,0,0
06-14-2020,1684,25,15,14,3,0
06-15-2020,1693,27,15,9,2,0
06-16-2020,1776,30,58,83,3,43
06-17-2020,1776,30,58,0,0,0
06-18-2020,1830,32,117,54,2,59
06-19-2020,1864,34,122,34,2,5
06-20-2020,1882,34,122,18,0,0
06-21-2020,1892,34,169,10,0,47
06-22-2020,1916,35,190,24,1,21
06-23-2020,1930,36,217,14,1,27
06-24-2020,1942,36,224,12,0,7
06-25-2020,1942,36,224,0,0,0
06-26-2020,1942,36,224,0,0,0
06-27-2020,1952,36,224,10,0,0
06-28-2020,1989,36,246,37,0,22
06-29-2020,1989,36,246,0,0,0
06-30-2020,2006,37,246,17,1,0
07-01-2020,2021,38,333,15,1,87
07-02-2020,2021,38,333,0,0,0
07-03-2020,2036,38,333,15,0,0
07-04-2020,2036,38,333,0,0,0
07-05-2020,2058,38,333,22,0,0
07-06-2020,2093,40,333,35,2,0
07-07-2020,2098,40,333,5,0,0
07-08-2020,2106,40,333,8,0,0
07-09-2020,2106,40,333,0,0,0
07-10-2020,2129,41,333,23,1,0
07-11-2020,2129,41,333,0,0,0
07-12-2020,2139,41,333,10,0,0
07-13-2020,2148,41,333,9,0,0
07-14-2020,2148,41,333,0,0,0
07-15-2020,2153,41,333,5,0,0
07-16-2020,2171,41,333,18,0,0
07-17-2020,2191,43,1175,20,2,842
07-18-2020,2191,43,1175,0,0,0
07-19-2020,2200,43,1175,9,0,0
07-20-2020,2211,45,1175,11,2,0
07-21-2020,2211,45,1175,0,0,0
07-22-2020,2211,45,1175,0,0,0
07-23-2020,2239,45,1175,28,0,0
07-24-2020,2258,45,1175,19,0,0
07-25-2020,2258,45,1175,0,0,0
07-26-2020,2262,45,1175,4,0,0
07-27-2020,2305,46,1175,43,1,0
07-28-2020,2305,46,1175,0,0,0
07-29-2020,2322,46,1175,17,0,0
07-30-2020,2322,46,1175,0,0,0
07-31-2020,2322,46,1175,0,0,0
08-01-2020,2352,46,1175,30,0,0
08-02-2020,2429,46,1175,77,0,0
08-03-2020,2429,46,1175,0,0,0
08-04-2020,2437,47,1175,8,1,0
08-05-2020,2437,47,1175,0,0,0
08-06-2020,2450,47,1175,13,0,0
08-07-2020,2450,47,1175,0,0,0
08-08-2020,2463,47,1175,13,0,0
08-09-2020,2470,47,1175,7,0,0
08-10-2020,2470,47,1175,0,0,0
08-11-2020,2472,47,1175,2,0,0
08-12-2020,2477,47,1175,5,0,0
08-13-2020,2478,47,1175,1,0,0
08-14-2020,2482,47,1175,4,0,0
08-15-2020,2488,47,1175,6,0,0
08-16-2020,2489,47,1175,1,0,0
08-17-2020,2490,47,1175,1,0,0
08-18-2020,2490,47,1175,0,0,0
08-19-2020,2494,47,1175,4,0,0
08-20-2020,2494,47,1175,0,0,0
08-21-2020,2497,47,1175,3,0,0
08-22-2020,2497,47,1175,0,0,0
08-23-2020,2499,47,1175,2,0,0
08-24-2020,2504,47,1175,5,0,0
08-25-2020,2507,47,1175,3,0,0
