date,totalConfirmed,totalDeaths,totalRecovered,newConfirmed,newDeaths,newRecovered
01-23-2020,1,0,0,1,0,0
01-24-2020,3,0,0,2,0,0
01-25-2020,4,0,0,1,0,0
01-26-2020,6,0,0,2,0,0
01-27-2020,6,0,0,0,0,0
01-28-2020,9,0,0,3,0,0
01-29-2020,14,0,1,5,0,1
01-30-2020,14,0,1,0,0,0
01-31-2020,14,0,1,0,0,0
02-01-2020,23,0,1,9,0,0
02-02-2020,31,0,1,8,0,0
02-03-2020,42,0,1,11,0,0
02-04-2020,54,0,1,12,0,0
02-05-2020,54,0,2,0,0,1
02-06-2020,65,1,4,11,1,2
02-07-2020,65,1,4,0,0,0
02-08-2020,78,1,5,13,0,1
02-09-2020,80,1,12,2,0,7
02-10-2020,81,1,13,1,0,1
02-11-2020,83,1,18,2,0,5
02-12-2020,84,1,22,1,0,4
02-13-2020,86,1,25,2,0,3
02-14-2020,88,1,25,2,0,0
02-15-2020,89,1,28,1,0,3
02-16-2020,89,1,30,0,0,2
02-17-2020,89,1,34,0,0,4
02-18-2020,90,1,36,1,0,2
02-19-2020,91,1,40,1,0,4
02-20-2020,91,1,44,0,0,4
02-21-2020,91,1,46,0,0,2
02-22-2020,91,1,52,0,0,6
02-23-2020,93,1,54,2,0,2
02-24-2020,93,1,60,0,0,6
02-25-2020,93,1,63,0,0,3
02-26-2020,93,1,65,0,0,2
02-27-2020,93,1,68,0,0,3
02-28-2020,93,1,73,0,0,5
02-29-2020,93,1,75,0,0,2
03-01-2020,93,1,78,0,0,3
03-02-2020,93,1,83,0,0,5
03-03-2020,93,1,84,0,0,1
03-04-2020,93,1,84,0,0,0
03-05-2020,93,1,88,0,0,4
03-06-2020,93,1,90,0,0,2
03-07-2020,93,1,90,0,0,0
03-08-2020,93,1,90,0,0,0
03-09-2020,93,1,91,0,0,1
03-10-2020,93,1,91,0,0,0
03-11-2020,93,1,91,0,0,0
03-12-2020,93,1,91,0,0,0
03-13-2020,93,1,91,0,0,0
03-14-2020,93,1,91,0,0,0
03-15-2020,93,1,92,0,0,1
03-16-2020,93,1,92,0,0,0
03-17-2020,93,1,92,0,0,0
03-18-2020,93,1,92,0,0,0
03-19-2020,93,1,92,0,0,0
03-20-2020,93,1,92,0,0,0
03-21-2020,93,1,92,0,0,0
03-22-2020,93,1,92,0,0,0
03-23-2020,93,1,92,0,0,0
03-24-2020,93,1,92,0,0,0
03-25-2020,95,1,92,2,0,0
03-26-2020,95,1,92,0,0,0
03-27-2020,95,1,92,0,0,0
03-28-2020,97,1,92,2,0,0
03-29-2020,98,1,92,1,0,0
03-30-2020,98,1,92,0,0,0
03-31-2020,98,1,92,0,0,0
04-01-2020,98,1,92,0,0,0
04-02-2020,98,1,92,0,0,0
04-03-2020,98,1,92,0,0,0
04-04-2020,98,1,92,0,0,0
04-05-2020,98,1,92,0,0,0
04-06-2020,98,1,92,0,0,0
04-07-2020,98,1,92,0,0,0
04-08-2020,98,1,92,0,0,0
04-09-2020,98,1,92,0,0,0
04-10-2020,98,1,92,0,0,0
04-11-2020,98,1,92,0,0,0
04-12-2020,99,1,96,1,0,4
04-13-2020,100,1,96,1,0,0
04-14-2020,102,1,96,2,0,0
04-15-2020,102,1,96,0,0,0
04-16-2020,102,1,96,0,0,0
04-17-2020,102,1,97,0,0,1
04-18-2020,102,1,97,0,0,0
04-19-2020,104,1,97,2,0,0
04-20-2020,106,1,97,2,0,0
04-21-2020,106,1,97,0,0,0
04-22-2020,106,1,97,0,0,0
04-23-2020,108,1,99,2,0,2
04-24-2020,108,1,99,0,0,0
04-25-2020,109,1,99,1,0,0
04-26-2020,110,1,99,1,0,0
04-27-2020,110,1,99,0,0,0
04-28-2020,110,1,99,0,0,0
04-29-2020,111,1,99,1,0,0
04-30-2020,111,1,101,0,0,2
05-01-2020,112,1,102,1,0,1
05-02-2020,112,1,102,0,0,0
05-03-2020,112,1,103,0,0,1
05-04-2020,112,1,103,0,0,0
05-05-2020,112,1,103,0,0,0
05-06-2020,112,1,103,0,0,0
05-07-2020,113,1,104,1,0,1
05-08-2020,113,1,104,0,0,0
05-09-2020,124,1,105,11,0,1
05-10-2020,127,1,105,3,0,0
05-11-2020,127,1,105,0,0,0
05-12-2020,133,1,108,6,0,3
05-13-2020,134,1,108,1,0,0
05-14-2020,138,1,108,4,0,0
05-15-2020,140,1,108,2,0,0
05-16-2020,144,2,113,4,1,5
05-17-2020,146,2,122,2,0,9
05-18-2020,151,2,123,5,0,1
05-19-2020,151,2,123,0,0,0
05-20-2020,151,2,123,0,0,0
05-21-2020,151,2,123,0,0,0
05-22-2020,154,2,128,3,0,5
05-23-2020,154,2,128,0,0,0
05-24-2020,155,2,128,1,0,0
05-25-2020,155,2,128,0,0,0
05-26-2020,155,2,128,0,0,0
05-27-2020,155,2,133,0,0,5
05-28-2020,155,2,136,0,0,3
05-29-2020,155,2,142,0,0,6
05-30-2020,155,2,144,0,0,2
05-31-2020,155,2,144,0,0,0
06-01-2020,155,2,147,0,0,3
06-02-2020,155,2,147,0,0,0
06-03-2020,155,2,148,0,0,1
06-04-2020,155,2,149,0,0,1
06-05-2020,155,2,150,0,0,1
06-06-2020,155,2,150,0,0,0
06-07-2020,155,2,153,0,0,3
06-08-2020,155,2,153,0,0,0
06-09-2020,155,2,153,0,0,0
06-10-2020,155,2,144,0,0,-9
06-11-2020,155,2,144,0,0,0
06-12-2020,155,2,144,0,0,0
06-13-2020,155,2,144,0,0,0
06-14-2020,155,2,144,0,0,0
06-15-2020,155,2,144,0,0,0
06-16-2020,155,2,144,0,0,0
06-17-2020,155,2,144,0,0,0
06-18-2020,155,2,144,0,0,0
06-19-2020,155,2,144,0,0,0
06-20-2020,155,2,144,0,0,0
06-21-2020,155,2,144,0,0,0
06-22-2020,155,2,144,0,0,0
06-23-2020,155,2,153,0,0,9
06-24-2020,155,2,153,0,0,0
06-25-2020,155,2,153,0,0,0
06-26-2020,155,2,153,0,0,0
06-27-2020,155,2,153,0,0,0
06-28-2020,155,2,153,0,0,0
06-29-2020,155,2,153,0,0,0
06-30-2020,155,2,153,0,0,0
07-01-2020,155,2,153,0,0,0
07-02-2020,155,2,153,0,0,0
07-03-2020,155,2,153,0,0,0
07-04-2020,155,2,153,0,0,0
07-05-2020,155,2,153,0,0,0
07-06-2020,155,2,153,0,0,0
07-07-2020,155,2,153,0,0,0
07-08-2020,155,2,153,0,0,0
07-09-2020,155,2,153,0,0,0
07-10-2020,155,2,153,0,0,0
07-11-2020,155,2,153,0,0,0
07-12-2020,155,2,153,0,0,0
07-13-2020,155,2,153,0,0,0
07-14-2020,155,2,153,0,0,0
07-15-2020,155,2,153,0,0,0
07-16-2020,155,2,153,0,0,0
07-17-2020,155,2,153,0,0,0
07-18-2020,155,2,153,0,0,0
07-19-2020,155,2,153,0,0,0
07-20-2020,155,2,153,0,0,0
07-21-2020,155,2,153,0,0,0
07-22-2020,155,2,153,0,0,0
07-23-2020,155,2,153,0,0,0
07-24-2020,155,2,153,0,0,0
07-25-2020,155,2,153,0,0,0
07-26-2020,155,2,153,0,0,0
07-27-2020,157,2,153,2,0,0
07-28-2020,157,2,153,0,0,0
07-29-2020,157,2,153,0,0,0
07-30-2020,157,2,153,0,0,0
07-31-2020,157,2,153,0,0,0
08-01-2020,157,2,153,0,0,0
08-02-2020,157,2,153,0,0,0
08-03-2020,157,2,153,0,0,0
08-04-2020,157,2,153,0,0,0
08-05-2020,157,2,153,0,0,0
08-06-2020,157,2,153,0,0,0
08-07-2020,157,2,153,0,0,0
08-08-2020,157,2,153,0,0,0
08-09-2020,157,2,153,0,0,0
08-10-2020,157,2,153,0,0,0
08-11-2020,157,2,153,0,0,0
08-12-2020,157,2,153,0,0,0
08-13-2020,157,2,153,0,0,0
08-14-2020,157,2,153,0,0,0
08-15-2020,157,2,153,0,0,0
08-16-2020,157,2,153,0,0,0
08-17-2020,157,2,153,0,0,0
08-18-2020,157,2,153,0,0,0
08-19-2020,157,2,153,0,0,0
08-20-2020,157,2,153,0,0,0
08-21-2020,157,2,153,0,0,0
08-22-2020,157,2,153,0,0,0
08-23-2020,157,2,153,0,0,0
08-24-2020,157,2,153,0,0,0
08-25-2020,157,2,153,0,0,0
