date,totalConfirmed,totalDeaths,totalRecovered,newConfirmed,newDeaths,newRecovered
03-10-2020,1,0,-1,1,0,-1
03-11-2020,1,0,-1,0,0,-1
03-12-2020,1,0,-1,0,0,-1
03-13-2020,1,0,-1,0,0,-1
03-14-2020,1,0,-1,0,0,-1
03-15-2020,1,0,-1,0,0,-1
03-16-2020,4,0,-1,3,0,-1
03-17-2020,4,0,-1,0,0,-1
03-18-2020,5,0,-1,1,0,-1
03-19-2020,6,0,-1,1,0,-1
03-20-2020,6,0,-1,0,0,-1
03-21-2020,10,0,-1,4,0,-1
03-22-2020,10,0,-1,0,0,-1
03-23-2020,10,0,-1,0,0,-1
03-24-2020,10,0,-1,0,0,-1
03-25-2020,10,0,-1,0,0,-1
03-26-2020,11,0,-1,1,0,-1
03-27-2020,11,0,-1,0,0,-1
03-28-2020,12,0,-1,1,0,-1
03-29-2020,12,0,-1,0,0,-1
03-30-2020,12,0,-1,0,0,-1
03-31-2020,12,0,-1,0,0,-1
04-01-2020,14,0,-1,2,0,-1
04-02-2020,14,0,-1,0,0,-1
04-03-2020,14,0,-1,0,0,-1
04-04-2020,14,0,-1,0,0,-1
04-05-2020,14,0,-1,0,0,-1
04-06-2020,15,0,-1,1,0,-1
04-07-2020,15,0,-1,0,0,-1
04-08-2020,16,0,-1,1,0,-1
04-09-2020,16,0,-1,0,0,-1
04-10-2020,16,0,-1,0,0,-1
04-11-2020,16,0,-1,0,0,-1
04-12-2020,16,0,-1,0,0,-1
04-13-2020,16,0,-1,0,0,-1
04-14-2020,30,0,-1,14,0,-1
04-15-2020,30,0,-1,0,0,-1
04-16-2020,31,0,-1,1,0,-1
04-17-2020,31,0,-1,0,0,-1
04-18-2020,31,0,-1,0,0,-1
04-19-2020,32,0,-1,1,0,-1
04-20-2020,33,0,-1,1,0,-1
04-21-2020,34,0,-1,1,0,-1
04-22-2020,35,0,-1,1,0,-1
04-23-2020,35,0,-1,0,0,-1
04-24-2020,36,0,-1,1,0,-1
04-25-2020,36,0,-1,0,0,-1
04-26-2020,37,0,-1,1,0,-1
04-27-2020,38,0,-1,1,0,-1
04-28-2020,38,0,-1,0,0,-1
04-29-2020,38,0,-1,0,0,-1
04-30-2020,38,0,-1,0,0,-1
05-01-2020,38,0,-1,0,0,-1
05-02-2020,38,0,-1,0,0,-1
05-03-2020,39,0,-1,1,0,-1
05-04-2020,40,0,-1,1,0,-1
05-05-2020,41,0,-1,1,0,-1
05-06-2020,41,0,-1,0,0,-1
05-07-2020,41,0,-1,0,0,-1
05-08-2020,42,0,-1,1,0,-1
05-09-2020,42,0,-1,0,0,-1
05-10-2020,42,0,-1,0,0,-1
05-11-2020,42,0,-1,0,0,-1
05-12-2020,42,0,-1,0,0,-1
05-13-2020,42,0,-1,0,0,-1
05-14-2020,42,0,-1,0,0,-1
05-15-2020,98,0,-1,56,0,-1
05-16-2020,135,0,-1,37,0,-1
05-17-2020,136,0,-1,1,0,-1
05-18-2020,140,0,-1,4,0,-1
05-19-2020,140,0,-1,0,0,-1
05-20-2020,140,0,-1,0,0,-1
05-21-2020,140,0,-1,0,0,-1
05-22-2020,141,0,-1,1,0,-1
05-23-2020,141,0,-1,0,0,-1
05-24-2020,141,0,-1,0,0,-1
05-25-2020,141,0,-1,0,0,-1
05-26-2020,141,0,-1,0,0,-1
05-27-2020,148,0,-1,7,0,-1
05-28-2020,161,0,-1,13,0,-1
05-29-2020,179,0,-1,18,0,-1
05-30-2020,179,0,-1,0,0,-1
05-31-2020,179,0,-1,0,0,-1
06-01-2020,179,0,-1,0,0,-1
06-02-2020,185,0,-1,6,0,-1
06-03-2020,185,0,-1,0,0,-1
06-04-2020,185,0,-1,0,0,-1
06-05-2020,186,0,-1,1,0,-1
06-06-2020,191,0,-1,5,0,-1
06-07-2020,193,0,-1,2,0,-1
06-08-2020,193,0,-1,0,0,-1
06-09-2020,194,0,-1,1,0,-1
06-10-2020,194,0,75,0,0,-1
06-11-2020,194,0,75,0,0,0
06-12-2020,197,0,95,3,0,20
06-13-2020,197,0,95,0,0,0
06-14-2020,197,0,95,0,0,0
06-15-2020,197,0,95,0,0,0
06-16-2020,197,0,109,0,0,14
06-17-2020,197,0,111,0,0,2
06-18-2020,201,0,127,4,0,16
06-19-2020,204,0,132,3,0,5
06-20-2020,204,0,132,0,0,0
06-21-2020,206,0,139,2,0,7
06-22-2020,213,0,153,7,0,14
06-23-2020,215,0,158,2,0,5
06-24-2020,215,0,168,0,0,10
06-25-2020,216,0,169,1,0,1
06-26-2020,219,0,170,3,0,1
06-27-2020,219,0,170,0,0,0
06-28-2020,219,0,170,0,0,0
06-29-2020,220,0,175,1,0,5
06-30-2020,220,0,175,0,0,0
07-01-2020,220,0,175,0,0,0
07-02-2020,220,0,175,0,0,0
07-03-2020,220,0,175,0,0,0
07-04-2020,220,0,175,0,0,0
07-05-2020,220,0,175,0,0,0
07-06-2020,220,0,175,0,0,0
07-07-2020,220,0,175,0,0,0
07-08-2020,227,0,195,7,0,20
07-09-2020,227,0,195,0,0,0
07-10-2020,227,0,195,0,0,0
07-11-2020,227,0,195,0,0,0
07-12-2020,227,0,195,0,0,0
07-13-2020,230,0,195,3,0,0
07-14-2020,230,0,195,0,0,0
07-15-2020,243,0,195,13,0,0
07-16-2020,261,0,195,18,0,0
07-17-2020,262,0,211,1,0,16
07-18-2020,287,0,211,25,0,0
07-19-2020,287,0,211,0,0,0
07-20-2020,287,0,211,0,0,0
07-21-2020,287,0,211,0,0,0
07-22-2020,287,0,211,0,0,0
07-23-2020,287,0,211,0,0,0
07-24-2020,288,0,217,1,0,6
07-25-2020,288,0,217,0,0,0
07-26-2020,288,0,217,0,0,0
07-27-2020,288,0,217,0,0,0
07-28-2020,289,0,222,1,0,5
07-29-2020,291,0,225,2,0,3
07-30-2020,291,0,225,0,0,0
07-31-2020,291,0,225,0,0,0
08-01-2020,291,0,225,0,0,0
08-02-2020,293,0,230,2,0,5
08-03-2020,293,0,230,0,0,0
08-04-2020,293,0,230,0,0,0
08-05-2020,293,0,230,0,0,0
08-06-2020,293,0,230,0,0,0
08-07-2020,293,0,260,0,0,30
08-08-2020,293,0,260,0,0,0
08-09-2020,293,0,263,0,0,3
08-10-2020,293,0,263,0,0,0
08-11-2020,293,0,263,0,0,0
08-12-2020,293,0,263,0,0,0
08-13-2020,297,0,269,4,0,6
08-14-2020,297,0,269,0,0,0
08-15-2020,298,0,272,1,0,3
08-16-2020,298,0,272,0,0,0
08-17-2020,298,0,272,0,0,0
08-18-2020,298,0,272,0,0,0
08-19-2020,298,0,272,0,0,0
08-20-2020,298,0,272,0,0,0
08-21-2020,298,0,272,0,0,0
08-22-2020,298,0,272,0,0,0
08-23-2020,298,0,272,0,0,0
08-24-2020,298,0,272,0,0,0
08-25-2020,298,0,272,0,0,0
