date,totalConfirmed,totalDeaths,totalRecovered,newConfirmed,newDeaths,newRecovered
03-14-2020,1,0,-1,1,0,-1
03-15-2020,1,1,-1,0,1,-1
03-16-2020,1,1,-1,0,0,-1
03-17-2020,1,1,-1,0,0,-1
03-18-2020,1,1,-1,0,0,-1
03-19-2020,1,1,-1,0,0,-1
03-20-2020,1,1,-1,0,0,-1
03-21-2020,2,1,-1,1,0,-1
03-22-2020,2,1,-1,0,0,-1
03-23-2020,2,1,-1,0,0,-1
03-24-2020,3,1,-1,1,0,-1
03-25-2020,3,1,-1,0,0,-1
03-26-2020,3,1,-1,0,0,-1
03-27-2020,3,1,-1,0,0,-1
03-28-2020,5,1,-1,2,0,-1
03-29-2020,5,1,-1,0,0,-1
03-30-2020,6,2,-1,1,1,-1
03-31-2020,7,2,-1,1,0,-1
04-01-2020,7,2,-1,0,0,-1
04-02-2020,7,2,-1,0,0,-1
04-03-2020,10,2,-1,3,0,-1
04-04-2020,10,2,-1,0,0,-1
04-05-2020,12,2,-1,2,0,-1
04-06-2020,12,2,-1,0,0,-1
04-07-2020,14,2,-1,2,0,-1
04-08-2020,14,2,-1,0,0,-1
04-09-2020,14,2,-1,0,0,-1
04-10-2020,15,2,-1,1,0,-1
04-11-2020,19,2,-1,4,0,-1
04-12-2020,19,2,-1,0,0,-1
04-13-2020,19,2,-1,0,0,-1
04-14-2020,29,4,-1,10,2,-1
04-15-2020,32,5,-1,3,1,-1
04-16-2020,32,5,-1,0,0,-1
04-17-2020,32,5,-1,0,0,-1
04-18-2020,66,10,-1,34,5,-1
04-19-2020,66,10,-1,0,0,-1
04-20-2020,92,12,-1,26,2,-1
04-21-2020,107,12,-1,15,0,-1
04-22-2020,140,13,-1,33,1,-1
04-23-2020,162,13,-1,22,0,-1
04-24-2020,174,16,-1,12,3,-1
04-25-2020,213,17,-1,39,1,-1
04-26-2020,237,21,-1,24,4,-1
04-27-2020,275,22,-1,38,1,-1
04-28-2020,318,25,-1,43,3,-1
04-29-2020,375,28,-1,57,3,-1
04-30-2020,375,28,-1,0,0,-1
05-01-2020,442,31,-1,67,3,-1
05-02-2020,533,36,-1,91,5,-1
05-03-2020,592,41,-1,59,5,-1
05-04-2020,678,41,-1,86,0,-1
05-05-2020,778,45,-1,100,4,-1
05-06-2020,852,49,-1,74,4,-1
05-07-2020,930,52,-1,78,3,-1
05-08-2020,930,52,-1,0,0,-1
05-09-2020,1111,59,-1,181,7,-1
05-10-2020,1164,64,-1,53,5,-1
05-11-2020,1365,70,-1,201,6,-1
05-12-2020,1526,74,-1,161,4,-1
05-13-2020,1660,80,-1,134,6,-1
05-14-2020,1818,90,-1,158,10,-1
05-15-2020,1964,91,-1,146,1,-1
05-16-2020,1964,91,-1,0,0,-1
05-17-2020,2289,97,-1,325,6,-1
05-18-2020,2591,105,-1,302,8,-1
05-19-2020,2591,105,-1,0,0,-1
05-20-2020,2728,111,-1,137,6,-1
05-21-2020,3138,121,-1,410,10,-1
05-22-2020,3138,121,-1,0,0,-1
05-23-2020,3378,137,-1,240,16,-1
05-24-2020,3634,146,-1,256,9,-1
05-25-2020,3826,165,-1,192,19,-1
05-26-2020,3976,170,-1,150,5,-1
05-27-2020,4146,184,-1,170,14,-1
05-28-2020,4346,195,-1,200,11,-1
05-29-2020,4346,195,-1,0,0,-1
05-30-2020,4521,233,-1,175,38,-1
05-31-2020,4800,262,-1,279,29,-1
06-01-2020,5026,286,-1,226,24,-1
06-02-2020,5173,298,-1,147,12,-1
06-03-2020,5310,307,-1,137,9,-1
06-04-2020,5499,314,-1,189,7,-1
06-05-2020,5714,333,-1,215,19,-1
06-06-2020,5865,347,-1,151,14,-1
06-07-2020,6081,359,-1,216,12,-1
06-08-2020,6083,359,-1,2,0,-1
06-09-2020,6244,372,-1,161,13,-1
06-10-2020,6582,401,2202,338,29,-1
06-11-2020,6730,413,2278,148,12,76
06-12-2020,6879,433,2416,149,20,138
06-13-2020,7007,447,2556,128,14,140
06-14-2020,7007,447,2556,0,0,0
06-15-2020,7435,468,2720,428,21,164
06-16-2020,7740,477,2820,305,9,100
06-17-2020,8020,487,2966,280,10,146
06-18-2020,8020,487,2966,0,0,0
06-19-2020,8316,506,3086,296,19,120
06-20-2020,8416,513,3204,100,7,118
06-21-2020,8580,521,3325,164,8,121
06-22-2020,8698,533,3460,118,12,135
06-23-2020,8889,548,3699,191,15,239
06-24-2020,8889,548,3699,0,0,0
06-25-2020,8984,556,3806,95,8,107
06-26-2020,9257,572,4014,273,16,208
06-27-2020,9258,572,4014,1,0,0
06-28-2020,9258,572,4014,0,0,0
06-29-2020,9258,572,4014,0,0,0
06-30-2020,9258,572,4014,0,0,0
07-01-2020,9573,602,4606,315,30,592
07-02-2020,9574,602,4606,1,0,0
07-03-2020,9663,604,4624,89,2,18
07-04-2020,9663,604,4624,0,0,0
07-05-2020,9767,608,4673,104,4,49
07-06-2020,9894,616,4899,127,8,226
07-07-2020,9894,616,4899,0,0,0
07-08-2020,10084,636,5074,190,20,175
07-09-2020,10084,636,5074,0,0,0
07-10-2020,10204,649,5277,120,13,203
07-11-2020,10204,649,5277,0,0,0
07-12-2020,10250,650,5277,46,1,0
07-13-2020,10250,650,5277,0,0,0
07-14-2020,10316,657,5277,66,7,0
07-15-2020,10417,659,5277,101,2,0
07-16-2020,10527,668,5277,110,9,0
07-17-2020,10527,668,5277,0,0,0
07-18-2020,10682,673,5637,155,5,360
07-19-2020,10762,680,5637,80,7,0
07-20-2020,10992,693,5707,230,13,70
07-21-2020,10992,693,5707,0,0,0
07-22-2020,11237,708,5835,245,15,128
07-23-2020,11237,708,5835,0,0,0
07-24-2020,11302,715,5855,65,7,20
07-25-2020,11385,717,5890,83,2,35
07-26-2020,11424,720,5939,39,3,49
07-27-2020,11424,720,5939,0,0,0
07-28-2020,11496,725,6001,72,5,62
07-29-2020,11496,725,6001,0,0,0
07-30-2020,11496,725,6001,0,0,0
07-31-2020,11644,746,6119,148,21,118
08-01-2020,11738,752,6137,94,6,18
08-02-2020,11738,752,6137,0,0,0
08-03-2020,11738,752,6137,0,0,0
08-04-2020,11738,752,6137,0,0,0
08-05-2020,11780,763,6137,42,11,0
08-06-2020,11780,763,6137,0,0,0
08-07-2020,11894,773,6243,114,10,106
08-08-2020,11894,773,6243,0,0,0
08-09-2020,11956,781,6266,62,8,23
08-10-2020,11956,781,6266,0,0,0
08-11-2020,12033,786,6282,77,5,16
08-12-2020,12033,786,6282,0,0,0
08-13-2020,12115,792,6305,82,6,23
08-14-2020,12162,793,6325,47,1,20
08-15-2020,12211,796,6340,49,3,15
08-16-2020,12314,798,6350,103,2,10
08-17-2020,12410,803,6350,96,5,0
08-18-2020,12546,805,6429,136,2,79
08-19-2020,12546,808,6429,0,3,0
08-20-2020,12582,812,6429,36,4,0
08-21-2020,12623,812,6476,41,0,47
08-22-2020,12623,812,6476,0,0,0
08-23-2020,12836,815,6497,213,3,21
08-24-2020,12836,815,6497,0,0,0
08-25-2020,12903,818,6497,67,3,0
