date,totalConfirmed,totalDeaths,totalRecovered,newConfirmed,newDeaths,newRecovered
01-26-2020,1,0,0,1,0,0
01-27-2020,1,0,0,0,0,0
01-28-2020,1,0,0,0,0,0
01-29-2020,1,0,0,0,0,0
01-30-2020,1,0,0,0,0,0
01-31-2020,1,0,0,0,0,0
02-01-2020,1,0,0,0,0,0
02-02-2020,1,0,0,0,0,0
02-03-2020,1,0,0,0,0,0
02-04-2020,1,0,0,0,0,0
02-05-2020,1,0,0,0,0,0
02-06-2020,1,0,0,0,0,0
02-07-2020,1,0,0,0,0,0
02-08-2020,1,0,0,0,0,0
02-09-2020,1,0,0,0,0,0
02-10-2020,1,0,0,0,0,0
02-11-2020,1,0,0,0,0,0
02-12-2020,1,0,0,0,0,0
02-13-2020,1,0,0,0,0,0
02-14-2020,1,0,0,0,0,0
02-15-2020,1,0,0,0,0,0
02-16-2020,1,0,0,0,0,0
02-17-2020,1,0,0,0,0,0
02-18-2020,1,0,0,0,0,0
02-19-2020,1,0,0,0,0,0
02-20-2020,1,0,0,0,0,0
02-21-2020,1,0,0,0,0,0
02-22-2020,1,0,0,0,0,0
02-23-2020,1,0,0,0,0,0
02-24-2020,1,0,0,0,0,0
02-25-2020,1,0,1,0,0,1
02-26-2020,1,0,1,0,0,0
02-27-2020,1,0,1,0,0,0
02-28-2020,1,0,1,0,0,0
02-29-2020,1,0,1,0,0,0
03-01-2020,1,0,1,0,0,0
03-02-2020,1,0,1,0,0,0
03-03-2020,2,0,1,1,0,0
03-04-2020,2,0,1,0,0,0
03-05-2020,2,0,1,0,0,0
03-06-2020,3,0,1,1,0,0
03-07-2020,5,0,1,2,0,0
03-08-2020,5,0,1,0,0,0
03-09-2020,6,0,1,1,0,0
03-10-2020,6,0,1,0,0,0
03-11-2020,9,0,1,3,0,0
03-12-2020,9,0,1,0,0,0
03-13-2020,10,0,1,1,0,0
03-14-2020,12,0,1,2,0,0
03-15-2020,13,0,1,1,0,0
03-16-2020,18,0,1,5,0,0
03-17-2020,21,0,1,3,0,0
03-18-2020,29,0,1,8,0,0
03-19-2020,53,0,1,24,0,0
03-20-2020,79,0,1,26,0,0
03-21-2020,104,1,0,25,1,-1
03-22-2020,152,2,0,48,1,0
03-23-2020,235,3,0,83,1,0
03-24-2020,326,6,0,91,3,0
03-25-2020,401,6,0,75,0,0
03-26-2020,508,8,0,107,2,0
03-27-2020,665,13,0,157,5,0
03-28-2020,773,15,0,108,2,0
03-29-2020,919,17,0,146,2,0
03-30-2020,1158,20,0,239,3,0
03-31-2020,1289,24,0,131,4,0
04-01-2020,1413,29,0,124,5,0
04-02-2020,1598,32,0,185,3,0
04-03-2020,1769,41,0,171,9,0
04-04-2020,2019,52,0,250,11,0
04-05-2020,2269,64,0,250,12,0
04-06-2020,2456,65,0,187,1,0
04-07-2020,2575,73,3,119,8,3
04-08-2020,2726,80,3,151,7,0
04-09-2020,3018,89,3,292,9,0
04-10-2020,3112,97,3,94,8,0
04-11-2020,3393,108,3,281,11,0
04-12-2020,3542,115,3,149,7,0
04-13-2020,3705,122,3,163,7,0
04-14-2020,3809,131,6,104,9,3
04-15-2020,3968,143,6,159,12,0
04-16-2020,4241,150,6,273,7,0
04-17-2020,4511,169,6,270,19,0
04-18-2020,4724,180,6,213,11,0
04-19-2020,4933,184,6,209,4,0
04-20-2020,5068,191,6,135,7,0
04-21-2020,5256,208,6,188,17,0
04-22-2020,5473,231,6,217,23,0
04-23-2020,5772,249,6,299,18,0
04-24-2020,6045,266,6,273,17,0
04-25-2020,6286,273,6,241,7,0
04-26-2020,6534,275,6,248,2,0
04-27-2020,6725,275,6,191,0,0
04-28-2020,6955,275,6,230,0,0
04-29-2020,7209,304,6,254,29,0
04-30-2020,7655,320,6,446,16,0
05-01-2020,7969,330,6,314,10,0
05-02-2020,8364,330,6,395,0,0
05-03-2020,8640,362,6,276,32,0
05-04-2020,8924,362,6,284,0,0
05-05-2020,9305,395,6,381,33,0
05-06-2020,9707,426,6,402,31,0
05-07-2020,9954,450,6,247,24,0
05-08-2020,10526,517,6,572,67,0
05-09-2020,10960,532,6,434,15,0
05-10-2020,11127,536,6,167,4,0
05-11-2020,11383,542,6,256,6,0
05-12-2020,11736,562,6,353,20,0
05-13-2020,12216,595,6,480,33,0
05-14-2020,12674,624,6,458,29,0
05-15-2020,13169,651,6,495,27,0
05-16-2020,13666,679,6,497,28,0
05-17-2020,13945,680,6,279,1,0
05-18-2020,14208,687,6,263,7,0
05-19-2020,14576,705,6,368,18,0
05-20-2020,14906,747,6,330,42,0
05-21-2020,15348,764,6,442,17,0
05-22-2020,15720,778,6,372,14,0
05-23-2020,16053,801,6,333,23,0
05-24-2020,16377,801,6,324,0,0
05-25-2020,16575,807,6,198,6,0
05-26-2020,16864,810,6,289,3,0
05-27-2020,17318,834,6,454,24,0
05-28-2020,17877,860,6,559,26,0
05-29-2020,18472,886,6,595,26,0
05-30-2020,19258,904,6,786,18,0
05-31-2020,19936,907,6,678,3,0
06-01-2020,20129,918,6,193,11,0
06-02-2020,21264,943,6,1135,25,0
06-03-2020,22356,983,6,1092,40,0
06-04-2020,22886,999,174,530,16,168
06-05-2020,24439,1015,174,1553,16,0
06-06-2020,25451,1043,174,1012,28,0
06-07-2020,26989,1051,174,1538,8,0
06-08-2020,27678,1053,174,689,2,0
06-09-2020,28296,1076,174,618,23,0
06-10-2020,29852,1101,174,1556,25,0
06-11-2020,31267,1135,174,1415,34,0
06-12-2020,33039,1156,174,1772,21,0
06-13-2020,34660,1189,174,1621,33,0
06-14-2020,35706,1191,174,1046,2,0
06-15-2020,36844,1203,174,1138,12,0
06-16-2020,39185,1228,174,2341,25,0
06-17-2020,40937,1249,174,1752,21,0
06-18-2020,43445,1283,174,2508,34,0
06-19-2020,46910,1321,174,3465,38,0
06-20-2020,50127,1346,174,3217,25,0
06-21-2020,52591,1349,174,2464,3,0
06-22-2020,54599,1351,174,2008,2,0
06-23-2020,58378,1396,174,3779,45,0
06-24-2020,60190,1467,174,1812,71,0
06-25-2020,63281,1495,174,3091,28,0
06-26-2020,66659,1536,174,3378,41,0
06-27-2020,70124,1580,174,3465,44,0
06-28-2020,73920,1594,174,3796,14,0
06-29-2020,74545,1598,174,625,4,0
06-30-2020,79228,1645,174,4683,47,0
07-01-2020,84105,1725,174,4877,80,0
07-02-2020,87445,1764,174,3340,39,0
07-03-2020,91872,1798,174,4427,34,0
07-04-2020,94567,1817,174,2695,19,0
07-05-2020,98103,1825,174,3536,8,0
07-06-2020,101455,1829,174,3352,4,0
07-07-2020,105094,1927,174,3639,98,0
07-08-2020,108614,1963,174,3520,36,0
07-09-2020,112671,2038,174,4057,75,0
07-10-2020,116892,2082,174,4221,44,0
07-11-2020,119930,2151,174,3038,69,0
07-12-2020,122467,2237,174,2537,86,0
07-13-2020,123824,2245,174,1357,8,0
07-14-2020,128097,2337,174,4273,92,0
07-15-2020,131354,2434,174,3257,97,0
07-16-2020,134613,2492,174,3259,58,0
07-17-2020,138523,2583,174,3910,91,0
07-18-2020,141265,2730,174,2742,147,0
07-19-2020,143624,2761,174,2359,31,0
07-20-2020,145183,2784,174,1559,23,0
07-21-2020,148683,2918,174,3500,134,0
07-22-2020,150609,2974,174,1926,56,0
07-23-2020,152944,3063,174,2335,89,0
07-24-2020,156301,3143,174,3357,80,0
07-25-2020,160041,3286,174,3740,143,0
07-26-2020,162014,3305,174,1973,19,0
07-27-2020,163827,3304,174,1813,-1,0
07-28-2020,165934,3408,174,2107,104,0
07-29-2020,168273,3454,174,2339,46,0
07-30-2020,170798,3626,174,2525,172,0
07-31-2020,174010,3694,174,3212,68,0
08-01-2020,177002,3747,174,2992,53,0
08-02-2020,178467,3765,174,1465,18,0
08-03-2020,179497,3779,174,1030,14,0
08-04-2020,180505,3845,174,1008,66,0
08-05-2020,182203,3932,174,1698,87,0
08-06-2020,183656,4002,174,1453,70,0
08-07-2020,185053,4081,174,1397,79,0
08-08-2020,186107,4137,174,1054,56,0
08-09-2020,186923,4150,174,816,13,0
08-10-2020,187523,4154,174,600,4,0
08-11-2020,188737,4199,174,1214,45,0
08-12-2020,189443,4347,174,706,148,0
08-13-2020,190794,4383,174,1351,36,0
08-14-2020,191721,4423,174,927,40,0
08-15-2020,192654,4492,174,933,69,0
08-16-2020,193537,4506,174,883,14,0
08-17-2020,194005,4506,174,468,0,0
08-18-2020,194920,4529,174,915,23,0
08-19-2020,195557,4634,174,637,105,0
08-20-2020,196280,4684,174,723,50,0
08-21-2020,196899,4688,174,619,4,0
08-22-2020,197895,4756,174,996,68,0
08-23-2020,198103,4771,174,208,15,0
08-24-2020,198414,4771,174,311,0,0
08-25-2020,198414,4771,174,0,0,0
