date,totalConfirmed,totalDeaths,totalRecovered,newConfirmed,newDeaths,newRecovered
03-03-2020,1,0,-1,1,0,-1
03-04-2020,1,0,-1,0,0,-1
03-05-2020,1,0,-1,0,0,-1
03-06-2020,5,0,-1,4,0,-1
03-07-2020,5,0,-1,0,0,-1
03-08-2020,10,0,-1,5,0,-1
03-09-2020,13,0,0,3,0,-1
03-10-2020,17,0,0,4,0,0
03-11-2020,23,0,0,6,0,0
03-12-2020,33,0,0,10,0,0
03-13-2020,43,0,0,10,0,0
03-14-2020,61,0,0,18,0,0
03-15-2020,75,0,0,14,0,0
03-16-2020,156,0,0,81,0,0
03-17-2020,201,0,0,45,0,0
03-18-2020,238,0,0,37,0,0
03-19-2020,238,0,0,0,0,0
03-20-2020,238,0,0,0,0,0
03-21-2020,537,1,8,299,1,8
03-22-2020,632,1,8,95,0,0
03-23-2020,746,2,11,114,1,3
03-24-2020,922,2,17,176,0,6
03-25-2020,1142,3,22,220,1,5
03-26-2020,1306,4,22,164,1,0
03-27-2020,1610,5,43,304,1,21
03-28-2020,1909,6,61,299,1,18
03-29-2020,2139,7,75,230,1,14
03-30-2020,2449,8,156,310,1,81
03-31-2020,2738,12,156,289,4,0
04-01-2020,3031,16,234,293,4,78
04-02-2020,3404,18,335,373,2,101
04-03-2020,3737,22,427,333,4,92
04-04-2020,4161,27,528,424,5,101
04-05-2020,4471,34,528,310,7,0
04-06-2020,4815,37,728,344,3,200
04-07-2020,5116,43,898,301,6,170
04-08-2020,5546,48,1115,430,5,217
04-09-2020,5972,57,1274,426,9,159
04-10-2020,6501,65,1571,529,8,297
04-11-2020,6927,73,1864,426,8,293
04-12-2020,7213,80,2059,286,7,195
04-13-2020,7525,82,2367,312,2,308
04-14-2020,7917,92,2646,392,10,279
04-15-2020,8273,94,2937,356,2,291
04-16-2020,8807,105,3299,534,11,362
04-17-2020,9252,116,3621,445,11,322
04-18-2020,9730,126,4035,478,10,414
04-19-2020,10088,133,4338,358,7,303
04-20-2020,10507,139,4476,419,6,138
04-21-2020,10832,147,4969,325,8,493
04-22-2020,11296,160,5386,464,13,417
04-23-2020,11812,168,5804,516,8,418
04-24-2020,12306,174,6327,494,6,523
04-25-2020,12858,181,6746,552,7,419
04-26-2020,13331,189,7024,473,8,278
04-27-2020,13813,198,7327,482,9,303
04-28-2020,14365,207,7710,552,9,383
04-29-2020,14885,216,8057,520,9,347
04-30-2020,16023,227,8580,1138,11,523
05-01-2020,17008,234,9018,985,7,438
05-02-2020,18435,247,9572,1427,13,554
05-03-2020,19663,260,10041,1228,13,469
05-04-2020,20643,270,10415,980,10,374
05-05-2020,22016,275,10710,1373,5,295
05-06-2020,23048,281,11189,1032,6,479
05-07-2020,24581,285,11664,1533,4,475
05-08-2020,25972,294,12160,1391,9,496
05-09-2020,27219,304,12667,1247,10,507
05-10-2020,28866,312,13112,1647,8,445
05-11-2020,30063,323,13605,1197,11,493
05-12-2020,31721,335,14125,1658,12,520
05-13-2020,34381,346,14865,2660,11,740
05-14-2020,37040,368,15655,2659,22,790
05-15-2020,39542,394,16614,2502,26,959
05-16-2020,41428,424,18014,1886,30,1400
05-17-2020,43781,450,19213,2353,26,1199
05-18-2020,46059,478,20165,2278,28,952
05-19-2020,49579,509,21507,3520,31,1342
05-20-2020,53617,544,22504,4038,35,997
05-21-2020,57581,589,23992,3964,45,1488
05-22-2020,61857,630,25342,4276,41,1350
05-23-2020,65393,673,26546,3536,43,1204
05-24-2020,69102,718,28148,3709,45,1602
05-25-2020,73997,761,29302,4895,43,1154
05-26-2020,77961,806,30915,3964,45,1613
05-27-2020,82289,841,33540,4328,35,2625
05-28-2020,86943,890,36115,4654,49,2575
05-29-2020,90638,944,38598,3695,54,2483
05-30-2020,94858,997,40431,4220,53,1833
05-31-2020,99688,1054,42727,4830,57,2296
06-01-2020,105159,1113,44946,5471,59,2219
06-02-2020,108686,1188,44946,3527,75,0
06-03-2020,113628,1275,44946,4942,87,0
06-04-2020,118292,1356,44946,4664,81,0
06-05-2020,122499,1448,44946,4207,92,0
06-06-2020,127745,1541,44946,5246,93,0
06-07-2020,134150,2190,44946,6405,649,0
06-08-2020,138846,2264,44946,4696,74,0
06-09-2020,142759,2283,44946,3913,19,0
06-10-2020,148496,2475,44946,5737,192,0
06-11-2020,154092,2648,44946,5596,173,0
06-12-2020,160846,2870,44946,6754,222,0
06-13-2020,167355,3101,44946,6509,231,0
06-14-2020,174293,3323,44946,6938,222,0
06-15-2020,179436,3362,44946,5143,39,0
06-16-2020,184449,3383,-1,5013,21,-1
06-17-2020,220628,3615,-1,36179,232,-1
06-18-2020,225103,3841,-1,4475,226,-1
06-19-2020,231393,4093,-1,6290,252,-1
06-20-2020,236748,4295,-1,5355,202,-1
06-21-2020,242355,4479,-1,5607,184,-1
06-22-2020,246963,4502,-1,4608,23,-1
06-23-2020,250767,4505,-1,3804,3,-1
06-24-2020,254416,4731,-1,3649,226,-1
06-25-2020,259064,4903,-1,4648,172,-1
06-26-2020,263360,5068,-1,4296,165,-1
06-27-2020,267766,5347,-1,4406,279,-1
06-28-2020,271982,5509,-1,4216,162,-1
06-29-2020,275999,5575,236154,4017,66,-1
06-30-2020,279393,5688,241229,3394,113,5075
07-01-2020,282043,5753,245443,2650,65,4214
07-02-2020,284541,5920,249247,2498,167,3804
07-03-2020,288089,6051,253343,3548,131,4096
07-04-2020,291847,6192,257445,3758,141,4102
07-05-2020,295532,6308,261032,3685,116,3587
07-06-2020,298557,6384,264371,3025,76,3339
07-07-2020,301019,6434,268245,2462,50,3874
07-08-2020,303083,6573,271703,2064,139,3458
07-09-2020,306216,6682,274992,3133,109,3289
07-10-2020,309274,6781,278053,3058,99,3061
07-11-2020,312029,6881,281114,2755,100,3061
07-12-2020,315041,6979,283902,3012,98,2788
07-13-2020,317657,7024,286556,2616,45,2654
07-14-2020,319493,7069,289220,1836,45,2664
07-15-2020,321205,7186,292085,1712,117,2865
07-16-2020,321205,7186,292085,0,0,0
07-17-2020,326539,8347,296814,5334,1161,4729
07-18-2020,328846,8445,299499,2307,98,2685
07-19-2020,330930,8503,301794,2084,58,2295
07-20-2020,333029,8633,303992,2099,130,2198
07-21-2020,334683,8677,306816,1654,44,2824
07-22-2020,336402,8722,309241,1719,45,2425
07-23-2020,338759,8838,311431,2357,116,2190
07-24-2020,341304,8914,313696,2545,76,2265
07-25-2020,343592,9020,316169,2288,106,2473
07-26-2020,345790,9112,318095,2198,92,1926
07-27-2020,347923,9187,319954,2133,75,1859
07-28-2020,349800,9240,322332,1877,53,2378
07-29-2020,351575,9278,324557,1775,38,2225
07-30-2020,353536,9377,326628,1961,99,2071
07-31-2020,355667,9457,328327,2131,80,1699
08-01-2020,357658,9533,330507,1991,76,2180
08-02-2020,359731,9608,332411,2073,75,1904
08-03-2020,361493,9707,333976,1762,99,1565
08-04-2020,362962,9745,336330,1469,38,2354
08-05-2020,364723,9792,338291,1761,47,1961
08-06-2020,366671,9889,340168,1948,97,1877
08-07-2020,368825,9958,342168,2154,69,2000
08-08-2020,371023,10011,344133,2198,53,1965
08-09-2020,373056,10077,345826,2033,66,1693
08-10-2020,375044,10139,347342,1988,62,1516
08-11-2020,376616,10178,349541,1572,39,2199
08-12-2020,378168,10205,351419,1552,27,1878
08-13-2020,380034,10299,353131,1866,94,1712
08-14-2020,382111,10340,355037,2077,41,1906
08-15-2020,383902,10395,356951,1791,55,1914
08-16-2020,385946,10452,358828,2044,57,1877
08-17-2020,387502,10513,360385,1556,61,1557
08-18-2020,388855,10546,362440,1353,33,2055
08-19-2020,390037,10578,364285,1182,32,1845
08-20-2020,391849,10671,366063,1812,93,1778
08-21-2020,393769,10723,367897,1920,52,1834
08-22-2020,395708,10792,369730,1939,69,1833
08-23-2020,397665,10852,371179,1957,60,1449
08-24-2020,399568,10916,372464,1903,64,1285
08-25-2020,400985,10958,374463,1417,42,1999
