date,totalConfirmed,totalDeaths,totalRecovered,newConfirmed,newDeaths,newRecovered
03-09-2020,1,0,0,1,0,0
03-10-2020,3,0,0,2,0,0
03-11-2020,13,0,0,10,0,0
03-12-2020,19,0,0,6,0,0
03-13-2020,36,0,0,17,0,0
03-14-2020,77,1,0,41,1,0
03-15-2020,103,2,0,26,1,0
03-16-2020,136,3,0,33,1,0
03-17-2020,196,4,0,60,1,0
03-18-2020,280,8,0,84,4,0
03-19-2020,392,10,0,112,2,0
03-20-2020,537,14,0,145,4,0
03-21-2020,763,20,0,226,6,0
03-22-2020,837,20,0,74,0,0
03-23-2020,1172,35,0,335,15,0
03-24-2020,1388,46,0,216,11,0
03-25-2020,1795,65,0,407,19,0
03-26-2020,2305,83,0,510,18,0
03-27-2020,2746,119,0,441,36,0
03-28-2020,3315,137,0,569,18,0
03-29-2020,3540,151,0,225,14,0
03-30-2020,4025,185,0,485,34,0
03-31-2020,5237,239,0,1212,54,0
04-01-2020,6424,273,0,1187,34,0
04-02-2020,9159,310,0,2735,37,0
04-03-2020,10297,370,0,1138,60,0
04-04-2020,12496,409,0,2199,39,0
04-05-2020,13010,477,0,514,68,0
04-06-2020,14867,512,0,1857,35,0
04-07-2020,16284,582,0,1417,70,0
04-08-2020,17030,652,0,746,70,0
04-09-2020,18283,702,0,1253,50,0
04-10-2020,19253,755,0,970,53,0
04-11-2020,20014,806,0,761,51,0
04-12-2020,20595,840,0,581,34,0
04-13-2020,21016,884,0,421,44,0
04-14-2020,21518,1013,0,502,129,0
04-15-2020,21951,1103,0,433,90,0
04-16-2020,22532,1156,0,581,53,0
04-17-2020,23118,1213,0,586,57,0
04-18-2020,23580,1267,0,462,54,0
04-19-2020,23928,1296,0,348,29,0
04-20-2020,24523,1328,0,595,32,0
04-21-2020,24854,1405,0,331,77,0
04-22-2020,25258,1473,0,404,68,0
04-23-2020,25739,1599,0,481,126,0
04-24-2020,26140,1660,14927,401,61,14927
04-25-2020,26512,1707,14927,372,47,0
04-26-2020,26773,1729,14927,261,22,0
04-27-2020,27068,1740,14927,295,11,0
04-28-2020,27286,1801,17303,218,61,2376
04-29-2020,27660,1845,17303,374,44,0
04-30-2020,28001,1905,17303,341,60,0
05-01-2020,28711,1970,17303,710,65,0
05-02-2020,29140,1993,17303,429,23,0
05-03-2020,29340,2012,17303,200,19,0
05-04-2020,29673,2064,20316,333,52,3013
05-05-2020,29996,2115,20316,323,51,0
05-06-2020,30399,2167,20316,403,52,0
05-07-2020,30652,2208,20316,253,41,0
05-08-2020,30855,2227,20316,203,19,0
05-09-2020,31417,2267,20316,562,40,0
05-10-2020,31600,2286,20316,183,19,0
05-11-2020,31815,2308,22608,215,22,2292
05-12-2020,32050,2347,22608,235,39,0
05-13-2020,32662,2381,22608,612,34,0
05-14-2020,33489,2417,22608,827,36,0
05-15-2020,33837,2448,22608,348,31,0
05-16-2020,34117,2479,22608,280,31,0
05-17-2020,34432,2491,22608,315,12,0
05-18-2020,34709,2563,26249,277,72,3641
05-19-2020,35038,2581,26249,329,18,0
05-20-2020,35316,2608,26249,278,27,0
05-21-2020,36504,2629,26249,1188,21,0
05-22-2020,36925,2668,26249,421,39,0
05-23-2020,36925,2668,26249,0,0,0
05-24-2020,37169,2691,26249,244,23,0
05-25-2020,37809,2691,28700,640,0,2451
05-26-2020,38054,2702,28700,245,11,0
05-27-2020,38497,2723,28700,443,21,0
05-28-2020,38802,2741,28700,305,18,0
05-29-2020,38802,2767,28700,0,26,0
05-30-2020,39577,2786,28700,775,19,0
05-31-2020,39916,2791,28700,339,5,0
06-01-2020,40341,2801,31728,425,10,3028
06-02-2020,40746,2835,31728,405,34,0
06-03-2020,41133,2870,31728,387,35,0
06-04-2020,41562,2883,31728,429,13,0
06-05-2020,41989,2912,31728,427,29,0
06-06-2020,42486,2925,31728,497,13,0
06-07-2020,42816,2936,31728,330,11,0
06-08-2020,43050,2944,33904,234,8,2176
06-09-2020,43612,2957,33904,562,13,0
06-10-2020,44030,2968,33904,418,11,0
06-11-2020,44472,2987,33904,442,19,0
06-12-2020,44995,2996,33904,523,9,0
06-13-2020,46283,3004,33904,1288,8,0
06-14-2020,46619,3014,33904,336,10,0
06-15-2020,47172,3018,37017,553,4,3113
06-16-2020,47706,3042,37017,534,24,0
06-17-2020,48634,3062,37017,928,20,0
06-18-2020,48634,3062,37017,0,0,0
06-19-2020,48634,3084,37017,0,22,0
06-20-2020,49385,3104,37017,751,20,0
06-21-2020,49778,3105,37017,393,1,0
06-22-2020,50239,3117,39792,461,12,2775
06-23-2020,51595,3134,39792,1356,17,0
06-24-2020,52477,3152,39792,882,18,0
06-25-2020,53415,3164,39792,938,12,0
06-26-2020,54769,3190,39792,1354,26,0
06-27-2020,54769,3190,39792,0,0,0
06-28-2020,56236,3199,39792,1467,9,0
06-29-2020,57081,3199,42225,845,0,2433
06-30-2020,58095,3221,42225,1014,22,0
07-01-2020,60178,3238,42225,2083,17,0
07-02-2020,61561,3255,43026,1383,17,801
07-03-2020,63289,3278,43026,1728,23,0
07-04-2020,63289,3278,43026,0,0,0
07-05-2020,65226,3288,43026,1937,10,0
07-06-2020,66327,3296,43026,1101,8,0
07-07-2020,68263,3319,43026,1936,23,0
07-08-2020,70151,3339,46334,1888,20,3308
07-09-2020,71994,3355,46334,1843,16,0
07-10-2020,74636,3380,46334,2642,25,0
07-11-2020,76803,3403,46334,2167,23,0
07-12-2020,78122,3416,46334,1319,13,0
07-13-2020,79827,3423,46334,1705,7,0
07-14-2020,82042,3445,46334,2215,22,0
07-15-2020,84131,3461,53288,2089,16,6954
07-16-2020,86411,3485,53288,2280,24,0
07-17-2020,88590,3509,53288,2179,24,0
07-18-2020,88590,3509,53288,0,0,0
07-19-2020,91706,3543,53288,3116,34,0
07-20-2020,94892,3572,53288,3186,29,0
07-21-2020,96583,3608,53288,1691,36,0
07-22-2020,99354,3670,61456,2771,62,8168
07-23-2020,101650,3686,61456,2296,16,0
07-24-2020,103734,3715,61456,2084,29,0
07-25-2020,103734,3715,61456,0,0,0
07-26-2020,107574,3763,61456,3840,48,0
07-27-2020,109917,3786,61456,2343,23,0
07-28-2020,111038,3812,61456,1121,26,0
07-29-2020,112773,3883,74246,1735,71,12790
07-30-2020,114481,3925,74246,1708,42,0
07-31-2020,116280,3949,74246,1799,24,0
08-01-2020,116280,3949,74246,0,0,0
08-02-2020,119747,4007,74246,3467,58,0
08-03-2020,120846,4024,74246,1099,17,0
08-04-2020,124461,4051,74246,3615,27,0
08-05-2020,125943,4096,89083,1482,45,14837
08-06-2020,127246,4146,89083,1303,50,0
08-07-2020,128746,4207,89083,1500,61,0
08-08-2020,128746,4207,89083,0,0,0
08-09-2020,131399,4263,89083,2653,56,0
08-10-2020,131961,4287,89083,562,24,0
08-11-2020,133125,4313,89083,1164,26,0
08-12-2020,134304,4361,103512,1179,48,14429
08-13-2020,135439,4402,103512,1135,41,0
08-14-2020,136737,4430,103512,1298,28,0
08-15-2020,136737,4430,103512,0,0,0
08-16-2020,137918,4507,103512,1181,77,0
08-17-2020,138485,4526,103512,567,19,0
08-18-2020,139125,4554,103512,640,28,0
08-19-2020,139903,4609,118120,778,55,14608
08-20-2020,140821,4637,118120,918,28,0
08-21-2020,141720,4687,118120,899,50,0
08-22-2020,141720,4687,118120,0,0,0
08-23-2020,142943,4746,118120,1223,59,0
08-24-2020,143566,4764,118120,623,18,0
08-25-2020,143566,4764,118120,0,0,0
