date,totalConfirmed,totalDeaths,totalRecovered,newConfirmed,newDeaths,newRecovered
02-27-2020,1,0,-1,1,0,-1
02-28-2020,1,0,-1,0,0,-1
02-29-2020,1,0,-1,0,0,-1
03-01-2020,1,0,-1,0,0,-1
03-02-2020,1,0,-1,0,0,-1
03-03-2020,2,0,-1,1,0,-1
03-04-2020,2,0,-1,0,0,-1
03-05-2020,3,0,-1,1,0,-1
03-06-2020,10,0,-1,7,0,-1
03-07-2020,10,0,-1,0,0,-1
03-08-2020,10,0,-1,0,0,-1
03-09-2020,10,0,-1,0,0,-1
03-10-2020,10,0,-1,0,0,-1
03-11-2020,13,0,-1,3,0,-1
03-12-2020,13,0,-1,0,0,-1
03-13-2020,79,0,-1,66,0,-1
03-14-2020,79,0,-1,0,0,-1
03-15-2020,171,0,-1,92,0,-1
03-16-2020,205,0,-1,34,0,-1
03-17-2020,225,0,-1,20,0,-1
03-18-2020,258,0,-1,33,0,-1
03-19-2020,267,0,-1,9,0,-1
03-20-2020,283,0,-1,16,0,-1
03-21-2020,306,0,-1,23,0,-1
03-22-2020,306,0,-1,0,0,-1
03-23-2020,326,0,-1,20,0,-1
03-24-2020,352,0,-1,26,0,-1
03-25-2020,369,0,-1,17,0,-1
03-26-2020,404,1,-1,35,1,-1
03-27-2020,538,1,-1,134,0,-1
03-28-2020,575,1,-1,37,0,-1
03-29-2020,640,1,-1,65,0,-1
03-30-2020,679,3,-1,39,2,-1
03-31-2020,715,3,-1,36,0,-1
04-01-2020,745,4,-1,30,1,-1
04-02-2020,779,5,-1,34,1,-1
04-03-2020,858,11,-1,79,6,-1
04-04-2020,961,12,-1,103,1,-1
04-05-2020,1018,13,-1,57,1,-1
04-06-2020,1097,15,-1,79,2,-1
04-07-2020,1108,19,-1,11,4,-1
04-08-2020,1149,21,-1,41,2,-1
04-09-2020,1185,24,-1,36,3,-1
04-10-2020,1207,24,-1,22,0,-1
04-11-2020,1258,24,-1,51,0,-1
04-12-2020,1304,24,-1,46,0,-1
04-13-2020,1309,25,-1,5,1,-1
04-14-2020,1332,28,-1,23,3,-1
04-15-2020,1373,31,-1,41,3,-1
04-16-2020,1402,35,-1,29,4,-1
04-17-2020,1434,36,-1,32,1,-1
04-18-2020,1459,38,-1,25,2,-1
04-19-2020,1512,38,-1,53,0,-1
04-20-2020,1528,40,-1,16,2,-1
04-21-2020,1535,40,-1,7,0,-1
04-22-2020,1552,43,-1,17,3,-1
04-23-2020,1559,44,-1,7,1,-1
04-24-2020,1592,45,-1,33,1,-1
04-25-2020,1605,46,-1,13,1,-1
04-26-2020,1635,46,-1,30,0,-1
04-27-2020,1643,49,-1,8,3,-1
04-28-2020,1647,50,-1,4,1,-1
04-29-2020,1660,50,-1,13,0,-1
04-30-2020,1666,50,-1,6,0,-1
05-01-2020,1689,52,-1,23,2,-1
05-02-2020,1694,52,-1,5,0,-1
05-03-2020,1699,53,-1,5,1,-1
05-04-2020,1700,55,-1,1,2,-1
05-05-2020,1703,55,-1,3,0,-1
05-06-2020,1711,55,-1,8,0,-1
05-07-2020,1713,55,-1,2,0,-1
05-08-2020,1720,56,-1,7,1,-1
05-09-2020,1725,56,-1,5,0,-1
05-10-2020,1733,60,-1,8,4,-1
05-11-2020,1739,60,-1,6,0,-1
05-12-2020,1741,61,-1,2,1,-1
05-13-2020,1746,61,-1,5,0,-1
05-14-2020,1751,61,-1,5,0,-1
05-15-2020,1758,62,-1,7,1,-1
05-16-2020,1766,63,-1,8,1,-1
05-17-2020,1770,63,-1,4,0,-1
05-18-2020,1774,63,-1,4,0,-1
05-19-2020,1784,64,-1,10,1,-1
05-20-2020,1791,64,-1,7,0,-1
05-21-2020,1794,64,-1,3,0,-1
05-22-2020,1800,64,-1,6,0,-1
05-23-2020,1807,64,-1,7,0,-1
05-24-2020,1821,64,-1,14,0,-1
05-25-2020,1823,64,-1,2,0,-1
05-26-2020,1824,65,-1,1,1,-1
05-27-2020,1834,65,-1,10,0,-1
05-28-2020,1840,66,-1,6,1,-1
05-29-2020,1851,66,-1,11,0,-1
05-30-2020,1859,67,-1,8,1,-1
05-31-2020,1865,67,-1,6,0,-1
06-01-2020,1869,68,-1,4,1,-1
06-02-2020,1870,68,-1,1,0,-1
06-03-2020,1870,68,-1,0,0,-1
06-04-2020,1880,69,-1,10,1,-1
06-05-2020,1890,69,-1,10,0,-1
06-06-2020,1910,69,-1,20,0,-1
06-07-2020,1931,69,-1,21,0,-1
06-08-2020,1939,69,-1,8,0,-1
06-09-2020,1940,69,-1,1,0,-1
06-10-2020,1958,69,1690,18,0,-1
06-11-2020,1965,69,1697,7,0,7
06-12-2020,1970,69,1703,5,0,6
06-13-2020,1973,69,1705,3,0,2
06-14-2020,1973,69,1705,0,0,0
06-15-2020,1974,69,1717,1,0,12
06-16-2020,1975,69,1728,1,0,11
06-17-2020,1977,69,1743,2,0,15
06-18-2020,1977,69,1748,0,0,5
06-19-2020,1979,69,1755,2,0,7
06-20-2020,1981,69,1758,2,0,3
06-21-2020,1981,69,1758,0,0,0
06-22-2020,1981,69,1765,0,0,7
06-23-2020,1982,69,1771,1,0,6
06-24-2020,1983,69,1783,1,0,12
06-25-2020,1984,69,1790,1,0,7
06-26-2020,1986,69,1797,2,0,7
06-27-2020,1986,69,1797,0,0,0
06-28-2020,1987,69,1818,1,0,21
06-29-2020,1987,69,1818,0,0,0
06-30-2020,1989,69,1829,2,0,11
07-01-2020,1989,69,1836,0,0,7
07-02-2020,1989,69,1836,0,0,0
07-03-2020,1991,69,1859,2,0,23
07-04-2020,1993,69,1870,2,0,11
07-05-2020,1993,69,1874,0,0,4
07-06-2020,1994,69,1875,1,0,1
07-07-2020,1994,69,1875,0,0,0
07-08-2020,2003,69,1882,9,0,7
07-09-2020,2003,69,1882,0,0,0
07-10-2020,2013,69,1894,10,0,12
07-11-2020,2014,69,1895,1,0,1
07-12-2020,2014,69,1895,0,0,0
07-13-2020,2014,69,1895,0,0,0
07-14-2020,2014,69,1895,0,0,0
07-15-2020,2015,69,1895,1,0,0
07-16-2020,2016,69,1895,1,0,0
07-17-2020,2016,69,1895,0,0,0
07-18-2020,2021,69,1912,5,0,17
07-19-2020,2021,69,1912,0,0,0
07-20-2020,2021,69,1912,0,0,0
07-21-2020,2021,69,1912,0,0,0
07-22-2020,2025,69,1912,4,0,0
07-23-2020,2025,69,1912,0,0,0
07-24-2020,2028,69,1915,3,0,3
07-25-2020,2028,69,1915,0,0,0
07-26-2020,2034,69,1922,6,0,7
07-27-2020,2034,69,1922,0,0,0
07-28-2020,2038,69,1924,4,0,2
07-29-2020,2042,69,1926,4,0,2
07-30-2020,2051,69,1926,9,0,0
07-31-2020,2064,69,1930,13,0,4
08-01-2020,2072,69,1952,8,0,22
08-02-2020,2079,69,1952,7,0,0
08-03-2020,2080,69,1958,1,0,6
08-04-2020,2091,69,1959,11,0,1
08-05-2020,2113,63,1960,22,-6,1
08-06-2020,2124,63,1954,11,0,-6
08-07-2020,2133,63,1956,9,0,2
08-08-2020,2147,63,1970,14,0,14
08-09-2020,2152,63,1961,5,0,-9
08-10-2020,2158,63,1971,6,0,10
08-11-2020,2167,63,1974,9,0,3
08-12-2020,2174,63,1979,7,0,5
08-13-2020,2174,63,1979,0,0,0
08-14-2020,2177,63,1976,3,0,-3
08-15-2020,2184,63,2009,7,0,33
08-16-2020,2190,63,1986,6,0,-23
08-17-2020,2192,63,2017,2,0,31
08-18-2020,2200,63,2027,8,0,10
08-19-2020,2207,63,2049,7,0,22
08-20-2020,2227,63,2059,20,0,10
08-21-2020,2227,63,2059,0,0,0
08-22-2020,2265,63,2024,38,0,-35
08-23-2020,2272,63,2024,7,0,0
08-24-2020,2275,64,2025,3,1,1
08-25-2020,2294,64,2038,19,0,13
