date,totalConfirmed,totalDeaths,totalRecovered,newConfirmed,newDeaths,newRecovered
03-18-2020,2,0,-1,2,0,-1
03-19-2020,2,0,-1,0,0,-1
03-20-2020,2,0,-1,0,0,-1
03-21-2020,2,0,-1,0,0,-1
03-22-2020,2,0,-1,0,0,-1
03-23-2020,2,0,-1,0,0,-1
03-24-2020,6,0,-1,4,0,-1
03-25-2020,6,0,-1,0,0,-1
03-26-2020,7,0,-1,1,0,-1
03-27-2020,7,0,-1,0,0,-1
03-28-2020,15,0,-1,8,0,-1
03-29-2020,17,0,-1,2,0,-1
03-30-2020,22,0,-1,5,0,-1
03-31-2020,22,0,-1,0,0,-1
04-01-2020,27,0,-1,5,0,-1
04-02-2020,32,0,-1,5,0,-1
04-03-2020,32,0,-1,0,0,-1
04-04-2020,35,0,-1,3,0,-1
04-05-2020,35,0,-1,0,0,-1
04-06-2020,37,0,-1,2,0,-1
04-07-2020,37,0,-1,0,0,-1
04-08-2020,39,2,-1,2,2,-1
04-09-2020,39,2,-1,0,0,-1
04-10-2020,39,3,-1,0,1,-1
04-11-2020,48,4,-1,9,1,-1
04-12-2020,48,4,-1,0,0,-1
04-13-2020,50,4,-1,2,0,-1
04-14-2020,57,4,-1,7,0,-1
04-15-2020,57,5,-1,0,1,-1
04-16-2020,57,5,-1,0,0,-1
04-17-2020,81,5,-1,24,0,-1
04-18-2020,83,5,-1,2,0,-1
04-19-2020,83,5,-1,0,0,-1
04-20-2020,86,5,-1,3,0,-1
04-21-2020,86,5,-1,0,0,-1
04-22-2020,86,5,-1,0,0,-1
04-23-2020,98,5,-1,12,0,-1
04-24-2020,99,5,-1,1,0,-1
04-25-2020,99,5,-1,0,0,-1
04-26-2020,99,5,-1,0,0,-1
04-27-2020,109,5,-1,10,0,-1
04-28-2020,109,6,-1,0,1,-1
04-29-2020,110,6,-1,1,0,-1
04-30-2020,111,6,-1,1,0,-1
05-01-2020,111,6,-1,0,0,-1
05-02-2020,114,6,-1,3,0,-1
05-03-2020,114,6,-1,0,0,-1
05-04-2020,115,7,-1,1,1,-1
05-05-2020,115,7,-1,0,0,-1
05-06-2020,115,7,-1,0,0,-1
05-07-2020,115,7,-1,0,0,-1
05-08-2020,118,7,-1,3,0,-1
05-09-2020,118,7,-1,0,0,-1
05-10-2020,118,7,-1,0,0,-1
05-11-2020,118,7,-1,0,0,-1
05-12-2020,118,7,-1,0,0,-1
05-13-2020,119,8,-1,1,1,-1
05-14-2020,121,8,-1,2,0,-1
05-15-2020,121,8,-1,0,0,-1
05-16-2020,122,9,-1,1,1,-1
05-17-2020,123,9,-1,1,0,-1
05-18-2020,123,9,-1,0,0,-1
05-19-2020,123,9,-1,0,0,-1
05-20-2020,125,9,-1,2,0,-1
05-21-2020,125,9,-1,0,0,-1
05-22-2020,125,9,-1,0,0,-1
05-23-2020,125,9,-1,0,0,-1
05-24-2020,128,9,-1,3,0,-1
05-25-2020,133,9,-1,5,0,-1
05-26-2020,133,9,-1,0,0,-1
05-27-2020,133,9,-1,0,0,-1
05-28-2020,139,9,-1,6,0,-1
05-29-2020,139,9,-1,0,0,-1
05-30-2020,140,9,-1,1,0,-1
05-31-2020,140,9,-1,0,0,-1
06-01-2020,140,9,-1,0,0,-1
06-02-2020,140,9,-1,0,0,-1
06-03-2020,141,9,-1,1,0,-1
06-04-2020,141,9,-1,0,0,-1
06-05-2020,141,9,-1,0,0,-1
06-06-2020,141,9,-1,0,0,-1
06-07-2020,141,9,-1,0,0,-1
06-08-2020,141,9,-1,0,0,-1
06-09-2020,141,9,-1,0,0,-1
06-10-2020,141,9,125,0,0,-1
06-11-2020,141,9,127,0,0,2
06-12-2020,141,9,127,0,0,0
06-13-2020,142,9,127,1,0,0
06-14-2020,142,9,127,0,0,0
06-15-2020,144,9,127,2,0,0
06-16-2020,144,9,127,0,0,0
06-17-2020,144,9,128,0,0,1
06-18-2020,144,9,128,0,0,0
06-19-2020,144,9,128,0,0,0
06-20-2020,146,9,132,2,0,4
06-21-2020,146,9,132,0,0,0
06-22-2020,146,9,132,0,0,0
06-23-2020,146,9,132,0,0,0
06-24-2020,146,9,132,0,0,0
06-25-2020,146,9,132,0,0,0
06-26-2020,146,9,132,0,0,0
06-27-2020,146,9,132,0,0,0
06-28-2020,146,9,134,0,0,2
06-29-2020,146,9,134,0,0,0
06-30-2020,146,9,134,0,0,0
07-01-2020,146,9,134,0,0,0
07-02-2020,146,9,134,0,0,0
07-03-2020,146,9,134,0,0,0
07-04-2020,146,9,134,0,0,0
07-05-2020,146,9,134,0,0,0
07-06-2020,146,9,137,0,0,3
07-07-2020,146,9,137,0,0,0
07-08-2020,149,9,137,3,0,0
07-09-2020,149,9,137,0,0,0
07-10-2020,150,9,137,1,0,0
07-11-2020,150,9,137,0,0,0
07-12-2020,150,9,137,0,0,0
07-13-2020,150,9,137,0,0,0
07-14-2020,150,9,137,0,0,0
07-15-2020,150,9,137,0,0,0
07-16-2020,150,9,137,0,0,0
07-17-2020,152,9,137,2,0,0
07-18-2020,152,9,137,0,0,0
07-19-2020,153,9,137,1,0,0
07-20-2020,153,9,137,0,0,0
07-21-2020,153,9,137,0,0,0
07-22-2020,153,9,137,0,0,0
07-23-2020,153,9,137,0,0,0
07-24-2020,153,9,137,0,0,0
07-25-2020,153,9,137,0,0,0
07-26-2020,153,9,139,0,0,2
07-27-2020,154,9,141,1,0,2
07-28-2020,154,9,141,0,0,0
07-29-2020,154,9,141,0,0,0
07-30-2020,156,9,141,2,0,0
07-31-2020,156,9,141,0,0,0
08-01-2020,156,9,141,0,0,0
08-02-2020,156,9,141,0,0,0
08-03-2020,156,9,141,0,0,0
08-04-2020,157,9,144,1,0,3
08-05-2020,157,9,144,0,0,0
08-06-2020,157,9,144,0,0,0
08-07-2020,157,9,144,0,0,0
08-08-2020,157,9,144,0,0,0
08-09-2020,158,9,144,1,0,0
08-10-2020,158,9,144,0,0,0
08-11-2020,159,9,145,1,0,1
08-12-2020,159,9,145,0,0,0
08-13-2020,159,9,145,0,0,0
08-14-2020,159,9,145,0,0,0
08-15-2020,162,9,147,3,0,2
08-16-2020,162,9,147,0,0,0
08-17-2020,162,9,147,0,0,0
08-18-2020,166,9,147,4,0,0
08-19-2020,166,9,147,0,0,0
08-20-2020,166,9,147,0,0,0
08-21-2020,166,9,147,0,0,0
08-22-2020,166,9,147,0,0,0
08-23-2020,167,9,147,1,0,0
08-24-2020,167,9,147,0,0,0
08-25-2020,167,9,147,0,0,0
