date,totalConfirmed,totalDeaths,totalRecovered,newConfirmed,newDeaths,newRecovered
03-12-2020,1,0,0,1,0,0
03-13-2020,3,0,0,2,0,0
03-14-2020,6,0,0,3,0,0
03-15-2020,12,0,0,6,0,0
03-16-2020,17,0,0,5,0,0
03-17-2020,32,0,0,15,0,0
03-18-2020,42,0,0,10,0,0
03-19-2020,52,0,0,10,0,0
03-20-2020,56,0,0,4,0,0
03-21-2020,70,0,0,14,0,0
03-22-2020,89,0,0,19,0,0
03-23-2020,107,0,0,18,0,0
03-24-2020,118,0,0,11,0,0
03-25-2020,142,0,0,24,0,0
03-26-2020,155,0,0,13,0,0
03-27-2020,168,1,0,13,1,0
03-28-2020,211,1,0,43,0,0
03-29-2020,253,3,0,42,2,0
03-30-2020,275,3,0,22,0,0
03-31-2020,303,5,0,28,2,0
04-01-2020,344,7,0,41,2,0
04-02-2020,376,7,0,32,0,0
04-03-2020,432,9,0,56,2,0
04-04-2020,456,10,0,24,1,0
04-05-2020,470,10,0,14,0,0
04-06-2020,499,10,0,29,0,0
04-07-2020,519,12,176,20,2,176
04-08-2020,537,14,187,18,2,11
04-09-2020,560,16,202,23,2,15
04-10-2020,586,17,246,26,1,44
04-11-2020,616,19,256,30,2,10
04-12-2020,633,19,266,17,0,10
04-13-2020,698,19,273,65,0,7
04-14-2020,734,21,292,36,2,19
04-15-2020,770,24,305,36,3,13
04-16-2020,796,27,333,26,3,28
04-17-2020,827,29,352,31,2,19
04-18-2020,847,32,382,20,3,30
04-19-2020,867,34,393,20,2,11
04-20-2020,875,35,435,8,1,42
04-21-2020,888,36,443,13,1,8
04-22-2020,907,39,455,19,3,12
04-23-2020,937,44,485,30,5,30
04-24-2020,965,47,499,28,3,14
04-25-2020,990,50,519,25,3,20
04-26-2020,1015,50,519,25,0,0
04-27-2020,1023,51,549,8,1,30
04-28-2020,1040,51,585,17,0,36
04-29-2020,1056,52,615,16,1,30
04-30-2020,1095,53,631,39,1,16
05-01-2020,1123,55,657,28,2,26
05-02-2020,1153,56,689,30,1,32
05-03-2020,1185,57,706,32,1,17
05-04-2020,1205,57,720,20,0,14
05-05-2020,1226,61,741,21,4,21
05-06-2020,1254,62,766,28,1,25
05-07-2020,1330,62,787,76,0,21
05-08-2020,1374,63,836,44,1,49
05-09-2020,1408,64,857,34,1,21
05-10-2020,1436,64,861,28,0,4
05-11-2020,1462,65,872,26,1,11
05-12-2020,1477,65,913,15,0,41
05-13-2020,1515,66,943,38,1,30
05-14-2020,1565,69,958,50,3,15
05-15-2020,1603,69,993,38,0,35
05-16-2020,1648,70,1012,45,1,19
05-17-2020,1687,70,1028,39,0,16
05-18-2020,1713,71,1053,26,1,25
05-19-2020,1741,73,1088,28,2,35
05-20-2020,1819,73,1110,78,0,22
05-21-2020,1877,73,1145,58,0,35
05-22-2020,1948,75,1192,71,2,47
05-23-2020,2013,77,1232,65,2,40
05-24-2020,2055,78,1263,42,1,31
05-25-2020,2074,78,1290,19,0,27
05-26-2020,2109,79,1318,35,1,28
05-27-2020,2137,81,1357,28,2,39
05-28-2020,2189,84,1402,52,3,45
05-29-2020,2226,85,1459,37,1,57
05-30-2020,2282,89,1505,56,4,46
05-31-2020,2325,89,1552,43,0,47
06-01-2020,2349,89,1586,24,0,34
06-02-2020,2377,94,1646,28,5,60
06-03-2020,2418,95,1699,41,1,53
06-04-2020,2446,95,1739,28,0,40
06-05-2020,2482,98,1797,36,3,58
06-06-2020,2524,98,1845,42,0,48
06-07-2020,2570,99,1864,46,1,19
06-08-2020,2588,99,1891,18,0,27
06-09-2020,2606,100,1992,18,1,101
06-10-2020,2637,100,2023,31,0,31
06-11-2020,2667,100,2062,30,0,39
06-12-2020,2721,100,2105,54,0,43
06-13-2020,2757,100,2152,36,0,47
06-14-2020,2793,100,2173,36,0,21
06-15-2020,2810,101,2189,17,1,16
06-16-2020,2819,101,2233,9,0,44
06-17-2020,2836,102,2275,17,1,42
06-18-2020,2878,102,2300,42,0,25
06-19-2020,2913,102,2323,35,0,23
06-20-2020,2938,102,2380,25,0,57
06-21-2020,2957,102,2391,19,0,11
06-22-2020,2971,102,2409,14,0,18
06-23-2020,2996,102,2443,25,0,34
06-24-2020,3017,103,2490,21,1,47
06-25-2020,3070,103,2512,53,0,22
06-26-2020,3102,103,2542,32,0,30
06-27-2020,3154,104,2566,52,1,24
06-28-2020,3191,104,2577,37,0,11
06-29-2020,3219,105,2618,28,1,41
06-30-2020,3253,105,2646,34,0,28
07-01-2020,3294,105,2671,41,0,25
07-02-2020,3328,105,2698,34,0,27
07-03-2020,3373,105,2731,45,0,33
07-04-2020,3397,107,2751,24,2,20
07-05-2020,3415,109,2772,18,2,21
07-06-2020,3423,109,2787,8,0,15
07-07-2020,3440,110,2816,17,1,29
07-08-2020,3460,110,2856,20,0,40
07-09-2020,3486,111,2901,26,1,45
07-10-2020,3499,111,2931,13,0,30
07-11-2020,3520,112,2972,21,1,41
07-12-2020,3539,114,2994,19,2,22
07-13-2020,3558,114,3009,19,0,15
07-14-2020,3566,114,3062,8,0,53
07-15-2020,3578,114,3080,12,0,18
07-16-2020,3598,114,3096,20,0,16
07-17-2020,3636,115,3114,38,1,18
07-18-2020,3646,117,3136,10,2,22
07-19-2020,3687,117,3148,41,0,12
07-20-2020,3711,117,3159,24,0,11
07-21-2020,3723,118,3191,12,1,32
07-22-2020,3723,118,3217,0,0,26
07-23-2020,3737,118,3241,14,0,24
07-24-2020,3759,118,3260,22,0,19
07-25-2020,3790,119,3281,31,1,21
07-26-2020,3814,119,3284,24,0,3
07-27-2020,3832,119,3292,18,0,8
07-28-2020,3838,121,3319,6,2,27
07-29-2020,3866,121,3336,28,0,17
07-30-2020,3888,122,3347,22,1,11
07-31-2020,3912,123,3363,24,1,16
08-01-2020,3937,123,3379,25,0,16
08-02-2020,3958,123,3389,21,0,10
08-03-2020,3970,124,3396,12,1,7
08-04-2020,3975,123,3419,5,-1,23
08-05-2020,3992,124,3456,17,1,37
08-06-2020,3997,124,3475,5,0,19
08-07-2020,4014,124,3479,17,0,4
08-08-2020,4026,125,3501,12,1,22
08-09-2020,4042,125,3512,16,0,11
08-10-2020,4049,125,3537,7,0,25
08-11-2020,4050,126,3560,1,1,23
08-12-2020,4070,126,3597,20,0,37
08-13-2020,4089,126,3610,19,0,13
08-14-2020,4115,126,3604,26,0,-6
08-15-2020,4144,127,3616,29,1,12
08-16-2020,4168,127,3624,24,0,8
08-17-2020,4197,127,3638,29,0,14
08-18-2020,4213,127,3649,16,0,11
08-19-2020,4234,127,3662,21,0,13
08-20-2020,4253,128,3679,19,1,17
08-21-2020,4285,128,3697,32,0,18
08-22-2020,4313,129,3717,28,1,20
08-23-2020,4335,131,3732,22,2,15
08-24-2020,4353,131,3757,18,0,25
08-25-2020,4353,131,3757,0,0,0
