date,totalConfirmed,totalDeaths,totalRecovered,newConfirmed,newDeaths,newRecovered
02-25-2020,2,0,-1,2,0,-1
02-26-2020,2,0,-1,0,0,-1
02-27-2020,4,0,-1,2,0,-1
02-28-2020,5,0,-1,1,0,-1
02-29-2020,10,0,-1,5,0,-1
03-01-2020,10,0,-1,0,0,-1
03-02-2020,18,0,-1,8,0,-1
03-03-2020,24,0,-1,6,0,-1
03-04-2020,29,0,-1,5,0,-1
03-05-2020,37,0,-1,8,0,-1
03-06-2020,66,0,-1,29,0,-1
03-07-2020,79,0,-1,13,0,-1
03-08-2020,102,0,-1,23,0,-1
03-09-2020,112,0,-1,10,0,-1
03-10-2020,182,0,-1,70,0,-1
03-11-2020,182,0,-1,0,0,-1
03-12-2020,361,1,-1,179,1,-1
03-13-2020,504,1,-1,143,0,-1
03-14-2020,655,1,-1,151,0,-1
03-15-2020,860,1,-1,205,0,-1
03-16-2020,959,1,-1,99,0,-1
03-17-2020,1332,3,-1,373,2,-1
03-18-2020,1646,4,-1,314,1,-1
03-19-2020,1843,5,-1,197,1,-1
03-20-2020,2649,6,-1,806,1,-1
03-21-2020,3024,8,-1,375,2,-1
03-22-2020,3024,8,-1,0,0,-1
03-23-2020,3631,16,-1,607,8,-1
03-24-2020,4486,25,-1,855,9,-1
03-25-2020,5282,30,-1,796,5,-1
03-26-2020,5888,34,-1,606,4,-1
03-27-2020,7029,52,-1,1141,18,-1
03-28-2020,7697,68,-1,668,16,-1
03-29-2020,8291,68,-1,594,0,-1
03-30-2020,8813,86,-1,522,18,-1
03-31-2020,9618,108,-1,805,22,-1
04-01-2020,10182,128,-1,564,20,-1
04-02-2020,10711,146,-1,529,18,-1
04-03-2020,11129,158,-1,418,12,-1
04-04-2020,11525,168,-1,396,10,-1
04-05-2020,11766,186,-1,241,18,-1
04-06-2020,11983,204,-1,217,18,-1
04-07-2020,12297,220,-1,314,16,-1
04-08-2020,12640,243,-1,343,23,-1
04-09-2020,12969,273,-1,329,30,-1
04-10-2020,13248,295,-1,279,22,-1
04-11-2020,13560,319,-1,312,24,-1
04-12-2020,13807,337,-1,247,18,-1
04-13-2020,13937,350,-1,130,13,-1
04-14-2020,14043,368,-1,106,18,-1
04-15-2020,14234,384,-1,191,16,-1
04-16-2020,14475,410,8986,241,26,-1
04-17-2020,14595,431,9704,120,21,718
04-18-2020,14671,443,10214,76,12,510
04-19-2020,14749,452,10501,78,9,287
04-20-2020,14795,470,10631,46,18,130
04-21-2020,14873,491,10971,78,21,340
04-22-2020,14925,510,11328,52,19,357
04-23-2020,15002,522,11694,77,12,366
04-24-2020,15071,522,11872,69,0,178
04-25-2020,15148,536,12103,77,14,231
04-26-2020,15225,542,12282,77,6,179
04-27-2020,15274,549,12362,49,7,80
04-28-2020,15357,569,12580,83,20,218
04-29-2020,15402,580,12779,45,11,199
04-30-2020,15452,584,12907,50,4,128
05-01-2020,15478,589,13092,26,5,185
05-02-2020,15493,596,13180,15,7,88
05-03-2020,15558,598,13228,65,2,48
05-04-2020,15597,600,13316,39,2,88
05-05-2020,15597,600,13316,0,0,0
05-06-2020,15650,608,13639,53,8,323
05-07-2020,15673,609,13698,23,1,59
05-08-2020,15736,614,13836,63,5,138
05-09-2020,15775,615,13928,39,1,92
05-10-2020,15786,618,13991,11,3,63
05-11-2020,15874,620,14061,88,2,70
05-12-2020,15910,623,14148,36,3,87
05-13-2020,15964,624,14304,54,1,156
05-14-2020,16026,626,14405,62,2,101
05-15-2020,16065,628,14471,39,2,66
05-16-2020,16135,628,14471,70,0,0
05-17-2020,16176,629,14563,41,1,92
05-18-2020,16230,629,14614,54,0,51
05-19-2020,16272,632,14678,42,3,64
05-20-2020,16272,632,14678,0,0,0
05-21-2020,16353,633,14951,81,1,273
05-22-2020,16391,635,15005,38,2,54
05-23-2020,16419,639,15035,28,4,30
05-24-2020,16430,640,15063,11,1,28
05-25-2020,16459,641,15138,29,1,75
05-26-2020,16496,643,15182,37,2,44
05-27-2020,16496,643,15182,0,0,0
05-28-2020,16562,668,15286,66,25,104
05-29-2020,16589,668,15347,27,0,61
05-30-2020,16685,668,15520,96,0,173
05-31-2020,16731,668,15593,46,0,73
06-01-2020,16733,668,15596,2,0,3
06-02-2020,16759,669,15629,26,1,33
06-03-2020,16771,670,15672,12,1,43
06-04-2020,16805,670,15717,34,0,45
06-05-2020,16843,672,15742,38,2,25
06-06-2020,16898,672,15789,55,0,47
06-07-2020,16902,672,15793,4,0,4
06-08-2020,16968,672,15839,66,0,46
06-09-2020,16979,672,15875,11,0,36
06-10-2020,17005,673,15910,26,1,35
06-11-2020,17034,674,15949,29,1,39
06-12-2020,17064,675,15985,30,1,36
06-13-2020,17078,677,16012,14,2,27
06-14-2020,17109,677,16059,31,0,47
06-15-2020,17135,678,16066,26,1,7
06-16-2020,17189,681,16089,54,3,23
06-17-2020,17203,687,16099,14,6,10
06-18-2020,17223,688,16101,20,1,2
06-19-2020,17271,688,16141,48,0,40
06-20-2020,17323,688,16175,52,0,34
06-21-2020,17341,690,16197,18,2,22
06-22-2020,17380,690,16241,39,0,44
06-23-2020,17408,693,16261,28,3,20
06-24-2020,17449,693,16282,41,0,21
06-25-2020,17477,698,16320,28,5,38
06-26-2020,17522,698,16348,45,0,28
06-27-2020,17522,698,16348,0,0,0
06-28-2020,17654,702,16401,132,4,53
06-29-2020,17723,703,16420,69,1,19
06-30-2020,17766,705,16478,43,2,58
07-01-2020,17873,705,16491,107,0,13
07-02-2020,17873,705,16491,0,0,0
07-03-2020,18050,705,16558,177,0,67
07-04-2020,18165,705,16607,115,0,49
07-05-2020,18280,706,16615,115,1,8
07-06-2020,18365,706,16647,85,0,32
07-07-2020,18365,706,16647,0,0,0
07-08-2020,18513,706,16721,148,0,74
07-09-2020,18516,706,16721,3,0,0
07-10-2020,18709,706,16808,193,0,87
07-11-2020,18709,706,16808,0,0,0
07-12-2020,18897,708,16952,188,2,144
07-13-2020,18948,708,17000,51,0,48
07-14-2020,18948,708,17000,0,0,0
07-15-2020,19154,710,17175,206,2,175
07-16-2020,19270,711,17244,116,1,69
07-17-2020,19340,711,17244,70,0,0
07-18-2020,19573,711,17501,233,0,257
07-19-2020,19655,711,17599,82,0,98
07-20-2020,19743,711,17659,88,0,60
07-21-2020,19827,711,17716,84,0,57
07-22-2020,19929,711,17849,102,0,133
07-23-2020,20099,711,17943,170,0,94
07-24-2020,20214,711,18042,115,0,99
07-25-2020,20338,712,18124,124,1,82
07-26-2020,20472,712,18209,134,0,85
07-27-2020,20558,713,18246,86,1,37
07-28-2020,20677,713,18379,119,0,133
07-29-2020,20850,716,18528,173,3,149
07-30-2020,20955,718,18628,105,2,100
07-31-2020,21130,718,18758,175,0,130
08-01-2020,21212,718,18911,82,0,153
08-02-2020,21304,718,18984,92,0,73
08-03-2020,21385,718,19063,81,0,79
08-04-2020,21481,719,19336,96,1,273
08-05-2020,21566,719,19464,85,0,128
08-06-2020,21696,719,19596,130,0,132
08-07-2020,21837,720,19690,141,1,94
08-08-2020,21919,721,19812,82,1,122
08-09-2020,22033,721,19923,114,0,111
08-10-2020,22106,723,20010,73,2,87
08-11-2020,22245,723,20123,139,0,113
08-12-2020,22439,724,20268,194,1,145
08-13-2020,22594,725,20346,155,1,78
08-14-2020,22876,725,20499,282,0,153
08-15-2020,23179,728,20627,303,3,128
08-16-2020,23370,728,20681,191,0,54
08-17-2020,23534,729,20765,164,1,84
08-18-2020,23829,729,20870,295,0,105
08-19-2020,24084,729,20958,255,0,88
08-20-2020,24431,729,21093,347,0,135
08-21-2020,24762,730,21260,331,1,167
08-22-2020,25062,732,21406,300,2,146
08-23-2020,25253,732,21558,191,0,152
08-24-2020,25495,733,21657,242,1,99
08-25-2020,25706,733,21888,211,0,231
