date,totalConfirmed,totalDeaths,totalRecovered,newConfirmed,newDeaths,newRecovered
03-23-2020,1,0,-1,1,0,-1
03-24-2020,1,0,-1,0,0,-1
03-25-2020,1,0,-1,0,0,-1
03-26-2020,5,0,-1,4,0,-1
03-27-2020,5,0,-1,0,0,-1
03-28-2020,5,0,-1,0,0,-1
03-29-2020,9,1,-1,4,1,-1
03-30-2020,9,1,-1,0,0,-1
03-31-2020,10,2,-1,1,1,-1
04-01-2020,10,2,-1,0,0,-1
04-02-2020,10,2,-1,0,0,-1
04-03-2020,16,2,-1,6,0,-1
04-04-2020,16,2,-1,0,0,-1
04-05-2020,19,2,-1,3,0,-1
04-06-2020,19,2,-1,0,0,-1
04-07-2020,19,2,-1,0,0,-1
04-08-2020,19,2,-1,0,0,-1
04-09-2020,19,2,-1,0,0,-1
04-10-2020,19,2,-1,0,0,-1
04-11-2020,25,2,-1,6,0,-1
04-12-2020,25,2,-1,0,0,-1
04-13-2020,25,2,-1,0,0,-1
04-14-2020,25,2,-1,0,0,-1
04-15-2020,29,2,-1,4,0,-1
04-16-2020,33,2,-1,4,0,-1
04-17-2020,33,2,-1,0,0,-1
04-18-2020,38,2,-1,5,0,-1
04-19-2020,38,2,-1,0,0,-1
04-20-2020,39,3,-1,1,1,-1
04-21-2020,39,3,-1,0,0,-1
04-22-2020,42,3,-1,3,0,-1
04-23-2020,42,3,-1,0,0,-1
04-24-2020,42,3,-1,0,0,-1
04-25-2020,42,3,-1,0,0,-1
04-26-2020,42,3,-1,0,0,-1
04-27-2020,43,3,-1,1,0,-1
04-28-2020,43,3,-1,0,0,-1
04-29-2020,43,3,-1,0,0,-1
04-30-2020,43,3,-1,0,0,-1
05-01-2020,43,3,-1,0,0,-1
05-02-2020,44,3,-1,1,0,-1
05-03-2020,44,3,-1,0,0,-1
05-04-2020,44,3,-1,0,0,-1
05-05-2020,44,3,-1,0,0,-1
05-06-2020,45,3,-1,1,0,-1
05-07-2020,45,3,-1,0,0,-1
05-08-2020,45,3,-1,0,0,-1
05-09-2020,47,3,-1,2,0,-1
05-10-2020,47,3,-1,0,0,-1
05-11-2020,47,3,-1,0,0,-1
05-12-2020,47,3,-1,0,0,-1
05-13-2020,48,3,-1,1,0,-1
05-14-2020,48,3,-1,0,0,-1
05-15-2020,48,3,-1,0,0,-1
05-16-2020,50,3,-1,2,0,-1
05-17-2020,51,3,-1,1,0,-1
05-18-2020,58,3,-1,7,0,-1
05-19-2020,58,3,-1,0,0,-1
05-20-2020,58,3,-1,0,0,-1
05-21-2020,58,3,-1,0,0,-1
05-22-2020,58,3,-1,0,0,-1
05-23-2020,59,4,-1,1,1,-1
05-24-2020,70,4,-1,11,0,-1
05-25-2020,86,4,-1,16,0,-1
05-26-2020,106,4,-1,20,0,-1
05-27-2020,121,4,-1,15,0,-1
05-28-2020,121,4,-1,0,0,-1
05-29-2020,122,4,-1,1,0,-1
05-30-2020,122,4,-1,0,0,-1
05-31-2020,122,4,-1,0,0,-1
06-01-2020,122,5,-1,0,1,-1
06-02-2020,123,5,-1,1,0,-1
06-03-2020,123,6,-1,0,1,-1
06-04-2020,123,6,-1,0,0,-1
06-05-2020,124,6,-1,1,0,-1
06-06-2020,124,6,-1,0,0,-1
06-07-2020,125,6,-1,1,0,-1
06-08-2020,141,6,-1,16,0,-1
06-09-2020,144,6,-1,3,0,-1
06-10-2020,152,6,68,8,0,-1
06-11-2020,164,6,68,12,0,0
06-12-2020,164,6,68,0,0,0
06-13-2020,170,6,71,6,0,3
06-14-2020,170,6,71,0,0,0
06-15-2020,177,6,78,7,0,7
06-16-2020,177,6,78,0,0,0
06-17-2020,178,7,78,1,1,0
06-18-2020,187,7,78,9,0,0
06-19-2020,187,7,78,0,0,0
06-20-2020,198,7,83,11,0,5
06-21-2020,204,7,83,6,0,0
06-22-2020,219,7,83,15,0,0
06-23-2020,219,7,83,0,0,0
06-24-2020,231,7,94,12,0,11
06-25-2020,242,7,96,11,0,2
06-26-2020,255,8,102,13,1,6
06-27-2020,255,8,102,0,0,0
06-28-2020,259,9,102,4,1,0
06-29-2020,269,9,102,10,0,0
06-30-2020,269,9,102,0,0,0
07-01-2020,293,9,110,24,0,8
07-02-2020,293,9,110,0,0,0
07-03-2020,328,10,123,35,1,13
07-04-2020,328,10,123,0,0,0
07-05-2020,358,13,126,30,3,3
07-06-2020,372,14,126,14,1,0
07-07-2020,372,14,126,0,0,0
07-08-2020,372,14,126,0,0,0
07-09-2020,372,14,126,0,0,0
07-10-2020,394,16,126,22,2,0
07-11-2020,394,16,126,0,0,0
07-12-2020,394,16,126,0,0,0
07-13-2020,394,16,126,0,0,0
07-14-2020,417,19,126,23,3,0
07-15-2020,439,21,126,22,2,0
07-16-2020,458,22,126,19,1,0
07-17-2020,477,22,126,19,0,0
07-18-2020,496,25,144,19,3,18
07-19-2020,496,25,144,0,0,0
07-20-2020,496,25,144,0,0,0
07-21-2020,522,29,144,26,4,0
07-22-2020,561,32,165,39,3,21
07-23-2020,561,32,165,0,0,0
07-24-2020,608,35,184,47,3,19
07-25-2020,608,35,184,0,0,0
07-26-2020,650,38,200,42,3,16
07-27-2020,674,40,210,24,2,10
07-28-2020,694,40,220,20,0,10
07-29-2020,717,40,229,23,0,9
07-30-2020,738,41,229,21,1,0
07-31-2020,757,43,237,19,2,8
08-01-2020,780,43,246,23,0,9
08-02-2020,809,44,256,29,1,10
08-03-2020,847,46,268,38,2,12
08-04-2020,892,46,283,45,0,15
08-05-2020,944,48,296,52,2,13
08-06-2020,999,48,311,55,0,15
08-07-2020,1060,48,311,61,0,0
08-08-2020,1125,50,311,65,2,0
08-09-2020,1188,52,346,63,2,35
08-10-2020,1255,52,364,67,0,18
08-11-2020,1327,53,385,72,1,21
08-12-2020,1332,53,385,5,0,0
08-13-2020,1432,55,395,100,2,10
08-14-2020,1432,55,395,0,0,0
08-15-2020,1515,58,395,83,3,0
08-16-2020,1677,64,417,162,6,22
08-17-2020,1677,64,417,0,0,0
08-18-2020,1844,73,431,167,9,14
08-19-2020,1844,73,431,0,0,0
08-20-2020,1927,78,431,83,5,0
08-21-2020,2008,82,460,81,4,29
08-22-2020,2073,83,460,65,1,0
08-23-2020,2217,89,505,144,6,45
08-24-2020,2217,89,505,0,0,0
08-25-2020,2293,92,505,76,3,0
