date,totalConfirmed,totalDeaths,totalRecovered,newConfirmed,newDeaths,newRecovered
03-11-2020,1,0,-1,1,0,-1
03-12-2020,1,0,-1,0,0,-1
03-13-2020,1,0,-1,0,0,-1
03-14-2020,2,0,-1,1,0,-1
03-15-2020,2,0,-1,0,0,-1
03-16-2020,2,0,-1,0,0,-1
03-17-2020,3,0,-1,1,0,-1
03-18-2020,7,0,-1,4,0,-1
03-19-2020,14,0,-1,7,0,-1
03-20-2020,14,0,-1,0,0,-1
03-21-2020,23,1,-1,9,1,-1
03-22-2020,23,1,-1,0,0,-1
03-23-2020,30,2,-1,7,1,-1
03-24-2020,36,2,-1,6,0,-1
03-25-2020,45,2,-1,9,0,-1
03-26-2020,51,3,-1,6,1,-1
03-27-2020,54,4,-1,3,1,-1
03-28-2020,58,5,-1,4,1,-1
03-29-2020,68,6,-1,10,1,-1
03-30-2020,81,8,-1,13,2,-1
03-31-2020,98,8,-1,17,0,-1
04-01-2020,109,9,-1,11,1,-1
04-02-2020,123,11,-1,14,2,-1
04-03-2020,134,13,-1,11,2,-1
04-04-2020,148,16,-1,14,3,-1
04-05-2020,148,16,-1,0,0,-1
04-06-2020,161,18,-1,13,2,-1
04-07-2020,161,18,-1,0,0,-1
04-08-2020,183,20,-1,22,2,-1
04-09-2020,207,20,-1,24,0,-1
04-10-2020,215,20,-1,8,0,-1
04-11-2020,215,20,-1,0,0,-1
04-12-2020,223,20,-1,8,0,-1
04-13-2020,235,20,-1,12,0,-1
04-14-2020,241,20,-1,6,0,-1
04-15-2020,254,21,-1,13,1,-1
04-16-2020,267,22,-1,13,1,-1
04-17-2020,287,23,-1,20,1,-1
04-18-2020,287,23,-1,0,0,-1
04-19-2020,327,25,-1,40,2,-1
04-20-2020,332,25,-1,5,0,-1
04-21-2020,350,25,-1,18,0,-1
04-22-2020,359,25,-1,9,0,-1
04-23-2020,359,25,-1,0,0,-1
04-24-2020,394,25,-1,35,0,-1
04-25-2020,416,28,-1,22,3,-1
04-26-2020,442,28,-1,26,0,-1
04-27-2020,459,28,-1,17,0,-1
04-28-2020,471,30,-1,12,2,-1
04-29-2020,491,30,-1,20,0,-1
04-30-2020,500,31,-1,9,1,-1
05-01-2020,572,31,-1,72,0,-1
05-02-2020,604,32,-1,32,1,-1
05-03-2020,674,33,-1,70,1,-1
05-04-2020,682,34,-1,8,1,-1
05-05-2020,682,34,-1,0,0,-1
05-06-2020,705,34,-1,23,0,-1
05-07-2020,797,35,-1,92,1,-1
05-08-2020,897,36,-1,100,1,-1
05-09-2020,937,39,-1,40,3,-1
05-10-2020,991,41,-1,54,2,-1
05-11-2020,1024,41,-1,33,0,-1
05-12-2020,1102,44,-1,78,3,-1
05-13-2020,1169,50,-1,67,6,-1
05-14-2020,1242,50,-1,73,0,-1
05-15-2020,1298,50,-1,56,0,-1
05-16-2020,1369,60,-1,71,10,-1
05-17-2020,1454,60,-1,85,0,-1
05-18-2020,1454,60,-1,0,0,-1
05-19-2020,1537,60,-1,83,0,-1
05-20-2020,1730,60,-1,193,0,-1
05-21-2020,1834,60,-1,104,0,-1
05-22-2020,1944,62,-1,110,2,-1
05-23-2020,1944,62,-1,0,0,-1
05-24-2020,2140,62,-1,196,0,-1
05-25-2020,2140,62,-1,0,0,-1
05-26-2020,2304,66,-1,164,4,-1
05-27-2020,2402,67,-1,98,1,-1
05-28-2020,2659,68,-1,257,1,-1
05-29-2020,2832,68,-1,173,0,-1
05-30-2020,2832,68,-1,0,0,-1
05-31-2020,2965,68,-1,133,0,-1
06-01-2020,3048,71,-1,83,3,-1
06-02-2020,3194,71,-1,146,0,-1
06-03-2020,3325,71,-1,131,0,-1
06-04-2020,3494,74,-1,169,3,-1
06-05-2020,3643,77,-1,149,3,-1
06-06-2020,3763,80,-1,120,3,-1
06-07-2020,3877,81,-1,114,1,-1
06-08-2020,4015,84,-1,138,3,-1
06-09-2020,4105,87,-1,90,3,-1
06-10-2020,4390,96,565,285,9,-1
06-11-2020,4515,98,567,125,2,2
06-12-2020,4637,101,580,122,3,13
06-13-2020,4724,106,595,87,5,15
06-14-2020,4778,107,600,54,1,5
06-15-2020,4837,112,613,59,5,13
06-16-2020,4974,112,628,137,0,15
06-17-2020,5100,115,640,126,3,12
06-18-2020,5283,117,685,183,2,45
06-19-2020,5477,122,719,194,5,34
06-20-2020,5672,125,807,195,3,88
06-21-2020,5826,130,841,154,5,34
06-22-2020,5924,135,856,98,5,15
06-23-2020,6027,135,861,103,0,5
06-24-2020,6213,142,870,186,7,9
06-25-2020,6411,142,885,198,0,15
06-26-2020,6552,149,900,141,7,15
06-27-2020,6552,149,900,0,0,0
06-28-2020,6827,157,985,275,8,85
06-29-2020,6939,167,1050,112,10,65
06-30-2020,7039,170,1426,100,3,376
07-01-2020,7122,175,1785,83,5,359
07-02-2020,7122,175,1785,0,0,0
07-03-2020,7311,179,2684,189,4,899
07-04-2020,7379,182,2961,68,3,277
07-05-2020,7411,182,3184,32,0,223
07-06-2020,7432,182,3226,21,0,42
07-07-2020,7432,182,3226,0,0,0
07-08-2020,7659,182,3226,227,0,0
07-09-2020,7736,183,3226,77,1,0
07-10-2020,7905,189,3513,169,6,287
07-11-2020,7905,189,3513,0,0,0
07-12-2020,7970,189,3513,65,0,0
07-13-2020,8075,190,3620,105,1,107
07-14-2020,8075,190,3620,0,0,0
07-15-2020,8134,190,3620,59,0,0
07-16-2020,8162,191,3620,28,1,0
07-17-2020,8199,193,4248,37,2,628
07-18-2020,8324,193,4313,125,0,65
07-19-2020,8324,193,4313,0,0,0
07-20-2020,8443,194,4335,119,1,22
07-21-2020,8443,194,4335,0,0,0
07-22-2020,8626,197,4790,183,3,455
07-23-2020,8720,201,5105,94,4,315
07-24-2020,8767,201,5109,47,0,4
07-25-2020,8801,204,5305,34,3,196
07-26-2020,8831,204,5510,30,0,205
07-27-2020,8844,208,5700,13,4,190
07-28-2020,8873,208,5930,29,0,230
07-29-2020,8931,210,6095,58,2,165
07-30-2020,9010,215,6437,79,5,342
07-31-2020,9070,215,6796,60,0,359
08-01-2020,9084,215,7030,14,0,234
08-02-2020,9115,215,7319,31,0,289
08-03-2020,9133,215,7424,18,0,105
08-04-2020,9178,215,7727,45,0,303
08-05-2020,9253,215,7821,75,0,94
08-06-2020,9309,215,8048,56,0,227
08-07-2020,9355,218,8174,46,3,126
08-08-2020,9436,218,8275,81,0,101
08-09-2020,9454,224,8324,18,6,49
08-10-2020,9489,224,8363,35,0,39
08-11-2020,9499,225,8375,10,1,12
08-12-2020,9499,225,8375,0,0,0
08-13-2020,9589,234,8480,90,9,105
08-14-2020,9605,238,8512,16,4,32
08-15-2020,9638,239,8597,33,1,85
08-16-2020,9676,240,8705,38,1,108
08-17-2020,9676,240,8705,0,0,0
08-18-2020,9721,243,8882,45,3,177
08-19-2020,9721,243,8882,0,0,0
08-20-2020,9740,246,8882,19,3,0
08-21-2020,9802,248,8920,62,2,38
08-22-2020,9802,248,8920,0,0,0
08-23-2020,9830,251,8934,28,3,14
08-24-2020,9830,251,8934,0,0,0
08-25-2020,9841,251,8934,11,0,0
