date,totalConfirmed,totalDeaths,totalRecovered,newConfirmed,newDeaths,newRecovered
03-14-2020,1,0,-1,1,0,-1
03-15-2020,1,0,-1,0,0,-1
03-16-2020,1,0,-1,0,0,-1
03-17-2020,1,0,-1,0,0,-1
03-18-2020,3,0,-1,2,0,-1
03-19-2020,3,0,-1,0,0,-1
03-20-2020,3,1,-1,0,1,-1
03-21-2020,3,1,-1,0,0,-1
03-22-2020,6,1,-1,3,0,-1
03-23-2020,6,1,-1,0,0,-1
03-24-2020,6,1,-1,0,0,-1
03-25-2020,6,1,-1,0,0,-1
03-26-2020,6,1,-1,0,0,-1
03-27-2020,6,1,-1,0,0,-1
03-28-2020,7,1,-1,1,0,-1
03-29-2020,7,1,-1,0,0,-1
03-30-2020,7,1,-1,0,0,-1
03-31-2020,7,1,-1,0,0,-1
04-01-2020,7,1,-1,0,0,-1
04-02-2020,7,1,-1,0,0,-1
04-03-2020,18,1,-1,11,0,-1
04-04-2020,21,1,-1,3,0,-1
04-05-2020,21,1,-1,0,0,-1
04-06-2020,21,1,-1,0,0,-1
04-07-2020,21,1,-1,0,0,-1
04-08-2020,24,1,-1,3,0,-1
04-09-2020,24,1,-1,0,0,-1
04-10-2020,44,1,-1,20,0,-1
04-11-2020,44,1,-1,0,0,-1
04-12-2020,49,1,-1,5,0,-1
04-13-2020,57,1,-1,8,0,-1
04-14-2020,57,1,-1,0,0,-1
04-15-2020,80,1,-1,23,0,-1
04-16-2020,87,1,-1,7,0,-1
04-17-2020,95,1,-1,8,0,-1
04-18-2020,95,1,-1,0,0,-1
04-19-2020,108,1,-1,13,0,-1
04-20-2020,109,1,-1,1,0,-1
04-21-2020,120,1,-1,11,0,-1
04-22-2020,156,1,-1,36,0,-1
04-23-2020,166,1,-1,10,0,-1
04-24-2020,166,2,-1,0,1,-1
04-25-2020,172,3,-1,6,1,-1
04-26-2020,176,3,-1,4,0,-1
04-27-2020,176,3,-1,0,0,-1
04-28-2020,176,3,-1,0,0,-1
04-29-2020,238,3,-1,62,0,-1
04-30-2020,276,3,-1,38,0,-1
05-01-2020,276,3,-1,0,0,-1
05-02-2020,308,4,-1,32,1,-1
05-03-2020,335,5,-1,27,1,-1
05-04-2020,335,5,-1,0,0,-1
05-05-2020,367,6,-1,32,1,-1
05-06-2020,397,6,-1,30,0,-1
05-07-2020,397,6,-1,0,0,-1
05-08-2020,504,8,-1,107,2,-1
05-09-2020,620,8,-1,116,0,-1
05-10-2020,661,8,-1,41,0,-1
05-11-2020,661,8,-1,0,0,-1
05-12-2020,802,9,-1,141,1,-1
05-13-2020,863,9,-1,61,0,-1
05-14-2020,1004,9,-1,141,0,-1
05-15-2020,1104,10,-1,100,1,-1
05-16-2020,1209,10,-1,105,0,-1
05-17-2020,1320,11,-1,111,1,-1
05-18-2020,1320,11,-1,0,0,-1
05-19-2020,1432,11,-1,112,0,-1
05-20-2020,1502,12,-1,70,1,-1
05-21-2020,1567,12,-1,65,0,-1
05-22-2020,1567,12,-1,0,0,-1
05-23-2020,1728,12,-1,161,0,-1
05-24-2020,1934,12,-1,206,0,-1
05-25-2020,1934,12,-1,0,0,-1
05-26-2020,2135,14,-1,201,2,-1
05-27-2020,2238,14,-1,103,0,-1
05-28-2020,2319,14,-1,81,0,-1
05-29-2020,2431,14,-1,112,0,-1
05-30-2020,2613,15,-1,182,1,-1
05-31-2020,2613,15,-1,0,0,-1
06-01-2020,2655,17,-1,42,2,-1
06-02-2020,2655,17,-1,0,0,-1
06-03-2020,2803,20,-1,148,3,-1
06-04-2020,2902,20,-1,99,0,-1
06-05-2020,2955,21,-1,53,1,-1
06-06-2020,3101,21,-1,146,0,-1
06-07-2020,3101,21,-1,0,0,-1
06-08-2020,3101,21,-1,0,0,-1
06-09-2020,3101,21,-1,0,0,-1
06-10-2020,3294,21,956,193,0,-1
06-11-2020,3463,22,1024,169,1,68
06-12-2020,3463,23,1024,0,1,0
06-13-2020,3463,23,1024,0,0,0
06-14-2020,3463,23,1024,0,0,0
06-15-2020,4033,27,1334,570,4,310
06-16-2020,4114,29,1432,81,2,98
06-17-2020,4229,30,1505,115,1,73
06-18-2020,4340,32,1657,111,2,152
06-19-2020,4428,34,1750,88,2,93
06-20-2020,4428,34,1750,0,0,0
06-21-2020,4428,34,1750,0,0,0
06-22-2020,4739,39,2002,311,5,252
06-23-2020,4849,39,2107,110,0,105
06-24-2020,4956,39,2177,107,0,70
06-25-2020,5087,40,2270,131,1,93
06-26-2020,5209,40,2327,122,0,57
06-27-2020,5209,40,2327,0,0,0
06-28-2020,5209,40,2327,0,0,0
06-29-2020,5394,42,2420,185,2,93
06-30-2020,5394,42,2420,0,0,0
07-01-2020,5513,42,2508,119,0,88
07-02-2020,5513,42,2508,0,0,0
07-03-2020,5513,42,2508,0,0,0
07-04-2020,5620,44,2555,107,2,47
07-05-2020,5620,44,2555,0,0,0
07-06-2020,5743,46,2574,123,2,19
07-07-2020,5743,46,2574,0,0,0
07-08-2020,5871,46,2682,128,0,108
07-09-2020,5871,46,2682,0,0,0
07-10-2020,5942,46,3004,71,0,322
07-11-2020,5942,46,3004,0,0,0
07-12-2020,5942,46,3004,0,0,0
07-13-2020,5942,46,3004,0,0,0
07-14-2020,5942,46,3004,0,0,0
07-15-2020,5942,46,3004,0,0,0
07-16-2020,5942,46,3004,0,0,0
07-17-2020,6121,46,3664,179,0,660
07-18-2020,6315,46,3865,194,0,201
07-19-2020,6315,46,3865,0,0,0
07-20-2020,6315,46,3865,0,0,0
07-21-2020,6315,46,3865,0,0,0
07-22-2020,6588,47,4235,273,1,370
07-23-2020,6588,47,4235,0,0,0
07-24-2020,6984,49,4463,396,2,228
07-25-2020,6984,49,4463,0,0,0
07-26-2020,6984,49,4463,0,0,0
07-27-2020,7189,49,4682,205,0,219
07-28-2020,7189,49,4682,0,0,0
07-29-2020,7352,49,4943,163,0,261
07-30-2020,7352,49,4943,0,0,0
07-31-2020,7352,49,4943,0,0,0
08-01-2020,7531,50,5223,179,1,280
08-02-2020,7531,50,5223,0,0,0
08-03-2020,7646,51,5408,115,1,185
08-04-2020,7646,51,5408,0,0,0
08-05-2020,7787,51,5609,141,0,201
08-06-2020,7787,51,5609,0,0,0
08-07-2020,7923,51,5704,136,0,95
08-08-2020,7923,51,5704,0,0,0
08-09-2020,7923,51,5704,0,0,0
08-10-2020,8006,51,5823,83,0,119
08-11-2020,8006,51,5823,0,0,0
08-12-2020,8006,51,5823,0,0,0
08-13-2020,8077,51,5823,71,0,0
08-14-2020,8077,51,5823,0,0,0
08-15-2020,8225,51,5823,148,0,0
08-16-2020,8225,51,6277,0,0,454
08-17-2020,8225,51,6277,0,0,0
08-18-2020,8270,53,6404,45,2,127
08-19-2020,8270,53,6404,0,0,0
08-20-2020,8319,53,6404,49,0,0
08-21-2020,8388,53,6734,69,0,330
08-22-2020,8388,53,6734,0,0,0
08-23-2020,8388,53,6734,0,0,0
08-24-2020,8388,53,6734,0,0,0
08-25-2020,8409,53,6734,21,0,0
