date,totalConfirmed,totalDeaths,totalRecovered,newConfirmed,newDeaths,newRecovered
03-14-2020,1,0,-1,1,0,-1
03-15-2020,1,0,-1,0,0,-1
03-16-2020,1,0,-1,0,0,-1
03-17-2020,1,0,-1,0,0,-1
03-18-2020,3,0,-1,2,0,-1
03-19-2020,4,0,-1,1,0,-1
03-20-2020,4,0,-1,0,0,-1
03-21-2020,11,0,-1,7,0,-1
03-22-2020,11,0,-1,0,0,-1
03-23-2020,14,0,-1,3,0,-1
03-24-2020,24,0,-1,10,0,-1
03-25-2020,30,0,-1,6,0,-1
03-26-2020,35,0,-1,5,0,-1
03-27-2020,50,0,-1,15,0,-1
03-28-2020,50,0,-1,0,0,-1
03-29-2020,50,0,-1,0,0,-1
03-30-2020,82,0,-1,32,0,-1
03-31-2020,82,0,-1,0,0,-1
04-01-2020,101,0,-1,19,0,-1
04-02-2020,116,2,-1,15,2,-1
04-03-2020,128,2,-1,12,0,-1
04-04-2020,128,2,-1,0,0,-1
04-05-2020,147,2,-1,19,0,-1
04-06-2020,147,2,-1,0,0,-1
04-07-2020,164,2,-1,17,0,-1
04-08-2020,184,2,-1,20,0,-1
04-09-2020,186,2,-1,2,0,-1
04-10-2020,191,2,-1,5,0,-1
04-11-2020,191,2,-1,0,0,-1
04-12-2020,191,2,-1,0,0,-1
04-13-2020,207,3,-1,16,1,-1
04-14-2020,207,3,-1,0,0,-1
04-15-2020,217,3,-1,10,0,-1
04-16-2020,221,3,-1,4,0,-1
04-17-2020,233,3,-1,12,0,-1
04-18-2020,245,4,-1,12,1,-1
04-19-2020,245,4,-1,0,0,-1
04-20-2020,284,4,-1,39,0,-1
04-21-2020,284,4,-1,0,0,-1
04-22-2020,311,4,-1,27,0,-1
04-23-2020,326,4,-1,15,0,-1
04-24-2020,339,4,-1,13,0,-1
04-25-2020,354,4,-1,15,0,-1
04-26-2020,354,4,-1,0,0,-1
04-27-2020,401,4,-1,47,0,-1
04-28-2020,433,4,-1,32,0,-1
04-29-2020,460,4,-1,27,0,-1
04-30-2020,460,4,-1,0,0,-1
05-01-2020,539,4,-1,79,0,-1
05-02-2020,539,4,-1,0,0,-1
05-03-2020,596,6,-1,57,2,-1
05-04-2020,650,6,-1,54,0,-1
05-05-2020,686,6,-1,36,0,-1
05-06-2020,739,9,-1,53,3,-1
05-07-2020,739,9,-1,0,0,-1
05-08-2020,854,10,-1,115,1,-1
05-09-2020,890,11,-1,36,1,-1
05-10-2020,890,11,-1,0,0,-1
05-11-2020,1023,11,-1,133,0,-1
05-12-2020,1061,12,-1,38,1,-1
05-13-2020,1095,12,-1,34,0,-1
05-14-2020,1143,14,-1,48,2,-1
05-15-2020,1210,16,-1,67,2,-1
05-16-2020,1258,16,-1,48,0,-1
05-17-2020,1258,16,-1,0,0,-1
05-18-2020,1342,18,-1,84,2,-1
05-19-2020,1370,18,-1,28,0,-1
05-20-2020,1419,19,-1,49,1,-1
05-21-2020,1475,19,-1,56,0,-1
05-22-2020,1494,19,-1,19,0,-1
05-23-2020,1521,19,-1,27,0,-1
05-24-2020,1521,19,-1,0,0,-1
05-25-2020,1587,20,-1,66,1,-1
05-26-2020,1609,20,-1,22,0,-1
05-27-2020,1634,20,-1,25,0,-1
05-28-2020,1645,20,-1,11,0,-1
05-29-2020,1670,21,-1,25,1,-1
05-30-2020,1699,21,-1,29,0,-1
05-31-2020,1743,21,-1,44,0,-1
06-01-2020,1871,23,-1,128,2,-1
06-02-2020,1934,24,-1,63,1,-1
06-03-2020,1986,24,-1,52,0,-1
06-04-2020,1993,24,-1,7,0,-1
06-05-2020,2058,25,-1,65,1,-1
06-06-2020,2079,25,-1,21,0,-1
06-07-2020,2079,25,-1,0,0,-1
06-08-2020,2079,25,-1,0,0,-1
06-09-2020,2151,26,-1,72,1,-1
06-10-2020,2175,28,1654,24,2,-1
06-11-2020,2206,28,1654,31,0,0
06-12-2020,2240,28,1654,34,0,0
06-13-2020,2268,28,1654,28,0,0
06-14-2020,2282,29,1654,14,1,0
06-15-2020,2282,29,1654,0,0,0
06-16-2020,2310,29,-1,28,0,-1
06-17-2020,2333,29,-1,23,0,-1
06-18-2020,2345,29,-1,12,0,-1
06-19-2020,2383,29,-1,38,0,-1
06-20-2020,2394,29,-1,11,0,-1
06-21-2020,2404,31,-1,10,2,-1
06-22-2020,2404,31,-1,0,0,-1
06-23-2020,2434,32,-1,30,1,-1
06-24-2020,2452,32,-1,18,0,-1
06-25-2020,2467,34,-1,15,2,-1
06-26-2020,2508,34,-1,41,0,-1
06-27-2020,2526,34,-1,18,0,-1
06-28-2020,2540,35,-1,14,1,-1
06-29-2020,2540,35,-1,0,0,-1
06-30-2020,2603,35,-1,63,0,-1
07-01-2020,2643,35,-1,40,0,-1
07-02-2020,2650,35,-1,7,0,-1
07-03-2020,2661,35,-1,11,0,-1
07-04-2020,2661,36,-1,0,1,-1
07-05-2020,2668,36,-1,7,0,-1
07-06-2020,2679,36,-1,11,0,-1
07-07-2020,2688,36,-1,9,0,-1
07-08-2020,2688,36,-1,0,0,-1
07-09-2020,2702,36,-1,14,0,-1
07-10-2020,2702,37,-1,0,1,-1
07-11-2020,2711,37,-1,9,0,-1
07-12-2020,2711,37,-1,0,0,-1
07-13-2020,2711,37,-1,0,0,-1
07-14-2020,2724,40,-1,13,3,-1
07-15-2020,2743,37,-1,19,-3,-1
07-16-2020,2778,37,-1,35,0,-1
07-17-2020,2782,37,-1,4,0,-1
07-18-2020,2782,37,-1,0,0,-1
07-19-2020,2782,37,-1,0,0,-1
07-20-2020,2808,37,-1,26,0,-1
07-21-2020,2824,38,2614,16,1,-1
07-22-2020,2824,38,2614,0,0,0
07-23-2020,2839,38,2614,15,0,0
07-24-2020,2862,38,2614,23,0,0
07-25-2020,2873,38,2650,11,0,36
07-26-2020,2873,38,2650,0,0,0
07-27-2020,2900,38,2672,27,0,22
07-28-2020,2905,39,2672,5,1,0
07-29-2020,2905,39,2672,0,0,0
07-30-2020,2962,39,2721,57,0,49
07-31-2020,2962,39,2721,0,0,0
08-01-2020,2962,39,2721,0,0,0
08-02-2020,2962,39,2721,0,0,0
08-03-2020,3008,39,2738,46,0,17
08-04-2020,3023,39,2738,15,0,0
08-05-2020,3031,39,2813,8,0,75
08-06-2020,3042,39,2813,11,0,0
08-07-2020,3068,39,2835,26,0,22
08-08-2020,3068,39,2835,0,0,0
08-09-2020,3068,39,2835,0,0,0
08-10-2020,3068,39,2835,0,0,0
08-11-2020,3091,39,2835,23,0,0
08-12-2020,3091,39,2835,0,0,0
08-13-2020,3119,39,2940,28,0,105
08-14-2020,3119,39,2940,0,0,0
08-15-2020,3119,39,2940,0,0,0
08-16-2020,3145,39,2940,26,0,0
08-17-2020,3160,39,2964,15,0,24
08-18-2020,3160,39,2964,0,0,0
08-19-2020,3160,39,2964,0,0,0
08-20-2020,3160,39,2964,0,0,0
08-21-2020,3160,39,2964,0,0,0
08-22-2020,3237,39,2964,77,0,0
08-23-2020,3237,39,2964,0,0,0
08-24-2020,3237,39,2964,0,0,0
08-25-2020,3237,39,2964,0,0,0
