date,totalConfirmed,totalDeaths,totalRecovered,newConfirmed,newDeaths,newRecovered
03-11-2020,1,0,-1,1,0,-1
03-12-2020,1,0,-1,0,0,-1
03-13-2020,5,0,-1,4,0,-1
03-14-2020,5,0,-1,0,0,-1
03-15-2020,5,0,-1,0,0,-1
03-16-2020,47,0,-1,42,0,-1
03-17-2020,47,0,-1,0,0,-1
03-18-2020,191,2,-1,144,2,-1
03-19-2020,191,2,-1,0,0,-1
03-20-2020,670,9,-1,479,7,-1
03-21-2020,947,21,-1,277,12,-1
03-22-2020,947,21,-1,0,0,-1
03-23-2020,1236,30,-1,289,9,-1
03-24-2020,1529,37,-1,293,7,-1
03-25-2020,1872,44,-1,343,7,-1
03-26-2020,2433,59,-1,561,15,-1
03-27-2020,3629,75,-1,1196,16,-1
03-28-2020,5698,92,-1,2069,17,-1
03-29-2020,7402,108,-1,1704,16,-1
03-30-2020,9271,131,-1,1869,23,-1
03-31-2020,10827,168,-1,1556,37,-1
04-01-2020,13531,214,-1,2704,46,-1
04-02-2020,15679,277,-1,2148,63,-1
04-03-2020,18135,356,-1,2456,79,-1
04-04-2020,20921,425,-1,2786,69,-1
04-05-2020,23934,501,-1,3013,76,-1
04-06-2020,27069,574,-1,3135,73,-1
04-07-2020,30217,649,-1,3148,75,-1
04-08-2020,34109,725,-1,3892,76,-1
04-09-2020,38226,812,-1,4117,87,-1
04-10-2020,42282,908,-1,4056,96,-1
04-11-2020,47029,1006,-1,4747,98,-1
04-12-2020,52167,1101,-1,5138,95,-1
04-13-2020,56956,1198,-1,4789,97,-1
04-14-2020,61049,1296,-1,4093,98,-1
04-15-2020,65111,1403,-1,4062,107,-1
04-16-2020,69392,1518,-1,4281,115,-1
04-17-2020,74193,1643,-1,4801,125,-1
04-18-2020,78546,1769,-1,4353,126,-1
04-19-2020,82329,1890,-1,3783,121,-1
04-20-2020,86306,2017,-1,3977,127,-1
04-21-2020,90980,2140,-1,4674,123,-1
04-22-2020,95591,2259,-1,4611,119,-1
04-23-2020,98674,2376,-1,3083,117,-1
04-24-2020,101790,2491,-1,3116,115,-1
04-25-2020,104912,2600,-1,3122,109,-1
04-26-2020,107773,2706,-1,2861,106,-1
04-27-2020,110130,2805,-1,2357,99,-1
04-28-2020,112261,2900,-1,2131,95,-1
04-29-2020,114653,2992,-1,2392,92,-1
04-30-2020,117589,3081,-1,2936,89,-1
05-01-2020,120204,3174,-1,2615,93,-1
05-02-2020,122392,3258,-1,2188,84,-1
05-03-2020,124375,3336,-1,1983,78,-1
05-04-2020,126045,3397,-1,1670,61,-1
05-05-2020,127659,3461,-1,1614,64,-1
05-06-2020,129491,3520,-1,1832,59,-1
05-07-2020,131744,3584,-1,2253,64,-1
05-08-2020,133721,3641,-1,1977,57,-1
05-09-2020,135569,3689,-1,1848,48,-1
05-10-2020,137115,3739,-1,1546,50,-1
05-11-2020,138657,3786,-1,1542,47,-1
05-12-2020,139771,3841,-1,1114,55,-1
05-13-2020,141475,3894,-1,1704,53,-1
05-14-2020,143114,3952,-1,1639,58,-1
05-15-2020,144749,4007,-1,1635,55,-1
05-16-2020,146457,4055,-1,1708,48,-1
05-17-2020,148067,4096,-1,1610,41,-1
05-18-2020,149435,4140,-1,1368,44,-1
05-19-2020,150593,4171,-1,1158,31,-1
05-20-2020,151615,4199,-1,1022,28,-1
05-21-2020,152587,4222,-1,972,23,-1
05-22-2020,153548,4249,-1,961,27,-1
05-23-2020,154500,4276,-1,952,27,-1
05-24-2020,155686,4308,-1,1186,32,-1
05-25-2020,156827,4340,-1,1141,32,-1
05-26-2020,157814,4369,-1,987,29,-1
05-27-2020,158762,4397,-1,948,28,-1
05-28-2020,159797,4431,-1,1035,34,-1
05-29-2020,160979,4461,-1,1182,30,-1
05-30-2020,162120,4489,-1,1141,28,-1
05-31-2020,163103,4515,-1,983,26,-1
06-01-2020,163942,4540,-1,839,25,-1
06-02-2020,164769,4563,-1,827,23,-1
06-03-2020,165555,4585,-1,786,22,-1
06-04-2020,166422,4609,-1,867,24,-1
06-05-2020,167410,4630,-1,988,21,-1
06-06-2020,168340,4648,-1,930,18,-1
06-07-2020,169218,4669,-1,878,21,-1
06-08-2020,170132,4692,-1,914,23,-1
06-09-2020,171121,4711,-1,989,19,-1
06-10-2020,173036,4746,146839,1915,35,-1
06-11-2020,174023,4763,147860,987,17,1021
06-12-2020,175218,4778,149102,1195,15,1242
06-13-2020,176677,4792,150087,1459,14,985
06-14-2020,178239,4807,151417,1562,15,1330
06-15-2020,179831,4825,152364,1592,18,947
06-16-2020,181298,4842,153379,1467,17,1015
06-17-2020,182727,4861,154640,1429,19,1261
06-18-2020,184031,4882,156022,1304,21,1382
06-19-2020,185245,4905,157516,1214,23,1494
06-20-2020,186493,4927,158828,1248,22,1312
06-21-2020,187685,4950,160240,1192,23,1412
06-22-2020,188897,4974,161533,1212,24,1293
06-23-2020,190165,5001,162848,1268,27,1315
06-24-2020,191657,5025,164234,1492,24,1386
06-25-2020,193115,5046,165706,1458,21,1472
06-26-2020,194511,5065,167198,1396,19,1492
06-27-2020,195883,5082,169182,1372,17,1984
06-28-2020,197239,5097,170595,1356,15,1413
06-29-2020,198613,5115,171809,1374,18,1214
06-30-2020,199906,5131,173111,1293,16,1302
07-01-2020,201098,5150,175422,1192,19,2311
07-02-2020,201098,5150,175422,0,0,0
07-03-2020,203456,5186,178278,2358,36,2856
07-04-2020,204610,5206,179492,1154,20,1214
07-05-2020,205758,5225,180680,1148,19,1188
07-06-2020,206844,5241,182995,1086,16,2315
07-07-2020,207897,5260,185292,1053,19,2297
07-08-2020,208938,5282,187511,1041,22,2219
07-09-2020,208938,5282,187511,0,0,0
07-10-2020,210965,5323,191883,2027,41,4372
07-11-2020,210965,5323,191883,0,0,0
07-12-2020,212993,5344,194515,2028,21,2632
07-13-2020,214001,5382,195671,1008,38,1156
07-14-2020,214993,5402,196720,992,20,1049
07-15-2020,214993,5402,196720,0,0,0
07-16-2020,216873,5440,198820,1880,38,2100
07-17-2020,217799,5458,199834,926,18,1014
07-18-2020,218717,5475,201013,918,17,1179
07-19-2020,219641,5491,202010,924,16,997
07-20-2020,220572,5508,203002,931,17,992
07-21-2020,221500,5526,204011,928,18,1009
07-22-2020,222402,5545,205214,902,19,1203
07-23-2020,223315,5563,206365,913,18,1151
07-24-2020,224252,5580,207374,937,17,1009
07-25-2020,225173,5596,208477,921,16,1103
07-26-2020,226100,5613,209487,927,17,1010
07-27-2020,227019,5630,210469,919,17,982
07-28-2020,227982,5645,211561,963,15,1092
07-29-2020,228924,5659,212557,942,14,996
07-30-2020,229891,5674,213539,967,15,982
07-31-2020,230873,5691,214535,982,17,996
08-01-2020,231869,5710,215516,996,19,981
08-02-2020,232856,5728,216494,987,18,978
08-03-2020,233851,5747,217497,995,19,1003
08-04-2020,234934,5765,218491,1083,18,994
08-05-2020,236112,5784,219506,1178,19,1015
08-06-2020,237265,5798,220546,1153,14,1040
08-07-2020,238450,5813,221574,1185,15,1028
08-08-2020,239622,5829,222656,1172,16,1082
08-09-2020,240804,5844,223759,1182,15,1103
08-10-2020,241997,5858,224970,1193,14,1211
08-11-2020,243180,5873,226155,1183,15,1185
08-12-2020,243180,5873,226155,0,0,0
08-13-2020,244392,5891,227089,1212,18,934
08-14-2020,246861,5934,228980,2469,43,1891
08-15-2020,248117,5955,229972,1256,21,992
08-16-2020,249309,5974,230969,1192,19,997
08-17-2020,249309,5974,230969,0,0,0
08-18-2020,251805,6016,232913,2496,42,1944
08-19-2020,253108,6039,233915,1303,23,1002
08-20-2020,254520,6058,234797,1412,19,882
08-21-2020,255723,6080,235569,1203,22,772
08-22-2020,257032,6102,236370,1309,22,801
08-23-2020,258249,6121,237165,1217,19,795
08-24-2020,259692,6139,237908,1443,18,743
08-25-2020,261194,6163,238795,1502,24,887
