date,totalConfirmed,totalDeaths,totalRecovered,newConfirmed,newDeaths,newRecovered
01-22-2020,9,0,0,0,0,0
01-23-2020,16,0,0,7,0,0
01-24-2020,20,0,1,4,0,1
01-25-2020,40,1,1,20,1,0
01-26-2020,53,1,1,13,0,0
01-27-2020,66,1,3,13,0,2
01-28-2020,80,1,4,14,0,1
01-29-2020,101,1,5,21,0,1
01-30-2020,128,1,9,27,0,4
01-31-2020,135,1,9,7,0,0
02-01-2020,177,1,10,42,0,1
02-02-2020,193,1,10,16,0,0
02-03-2020,208,1,10,15,0,0
02-04-2020,233,1,12,25,0,2
02-05-2020,243,1,15,10,0,3
02-06-2020,269,1,25,26,0,10
02-07-2020,277,1,30,8,0,5
02-08-2020,292,1,41,15,0,11
02-09-2020,295,1,44,3,0,3
02-10-2020,299,1,48,4,0,4
02-11-2020,306,1,53,7,0,5
02-12-2020,313,1,57,7,0,4
02-13-2020,318,1,62,5,0,5
02-14-2020,326,1,90,8,0,28
02-15-2020,328,1,124,2,0,34
02-16-2020,331,1,140,3,0,16
02-17-2020,333,1,161,2,0,21
02-18-2020,333,1,177,0,0,16
02-19-2020,333,2,186,0,1,9
02-20-2020,334,2,211,1,0,25
02-21-2020,334,3,227,0,1,16
02-22-2020,335,3,227,1,0,0
02-23-2020,335,3,249,0,0,22
02-24-2020,335,3,261,0,0,12
02-25-2020,336,3,268,1,0,7
02-26-2020,337,3,272,1,0,4
02-27-2020,337,3,276,0,0,4
02-28-2020,337,3,279,0,0,3
02-29-2020,337,3,287,0,0,8
03-01-2020,337,3,292,0,0,5
03-02-2020,338,3,292,1,0,0
03-03-2020,338,3,294,0,0,2
03-04-2020,338,3,298,0,0,4
03-05-2020,339,3,303,1,0,5
03-06-2020,342,3,306,3,0,3
03-07-2020,342,3,306,0,0,0
03-08-2020,342,3,314,0,0,8
03-09-2020,342,3,315,0,0,1
03-10-2020,344,3,319,2,0,4
03-11-2020,344,3,320,0,0,1
03-12-2020,346,3,321,2,0,1
03-13-2020,350,3,324,4,0,3
03-14-2020,353,3,324,3,0,0
03-15-2020,355,3,324,2,0,0
03-16-2020,358,3,325,3,0,1
03-17-2020,361,3,325,3,0,0
03-18-2020,363,3,326,2,0,1
03-19-2020,371,3,326,8,0,0
03-20-2020,380,3,326,9,0,0
03-21-2020,394,4,327,14,1,1
03-22-2020,404,4,328,10,0,1
03-23-2020,413,4,329,9,0,1
03-24-2020,414,4,330,1,0,1
03-25-2020,433,5,330,19,1,0
03-26-2020,451,5,331,18,0,1
03-27-2020,468,5,334,17,0,3
03-28-2020,485,5,334,17,0,0
03-29-2020,498,5,334,13,0,0
03-30-2020,498,5,334,0,0,0
03-31-2020,516,6,341,18,1,7
04-01-2020,522,6,343,6,0,2
04-02-2020,522,6,343,0,0,0
04-03-2020,526,6,348,4,0,5
04-04-2020,529,6,356,3,0,8
04-05-2020,531,6,383,2,0,27
04-06-2020,536,6,389,5,0,6
04-07-2020,543,7,406,7,1,17
04-08-2020,543,7,406,0,0,0
04-09-2020,552,7,422,9,0,16
04-10-2020,555,7,435,3,0,13
04-11-2020,555,7,435,0,0,0
04-12-2020,607,7,446,52,0,11
04-13-2020,618,7,446,11,0,0
04-14-2020,618,7,446,0,0,0
04-15-2020,622,7,485,4,0,39
04-16-2020,628,7,489,6,0,4
04-17-2020,628,7,512,0,0,23
04-18-2020,628,7,512,0,0,0
04-19-2020,635,7,516,7,0,4
04-20-2020,638,7,530,3,0,14
04-21-2020,639,7,530,1,0,0
04-22-2020,639,7,530,0,0,0
04-23-2020,641,7,533,2,0,3
04-24-2020,641,7,533,0,0,0
04-25-2020,642,7,558,1,0,25
04-26-2020,642,7,568,0,0,10
04-27-2020,644,7,581,2,0,13
04-28-2020,645,7,584,1,0,3
04-29-2020,647,7,597,2,0,13
04-30-2020,652,7,599,5,0,2
05-01-2020,652,7,612,0,0,13
05-02-2020,652,7,612,0,0,0
05-03-2020,655,7,615,3,0,3
05-04-2020,655,7,619,0,0,4
05-05-2020,656,7,620,1,0,1
05-06-2020,657,7,623,1,0,3
05-07-2020,657,7,623,0,0,0
05-08-2020,657,7,623,0,0,0
05-09-2020,659,7,626,2,0,3
05-10-2020,659,7,627,0,0,1
05-11-2020,659,7,627,0,0,0
05-12-2020,660,7,631,1,0,4
05-13-2020,660,7,633,0,0,2
05-14-2020,660,7,638,0,0,5
05-15-2020,665,7,640,5,0,2
05-16-2020,665,7,641,0,0,1
05-17-2020,666,7,641,1,0,0
05-18-2020,666,7,641,0,0,0
05-19-2020,666,7,641,0,0,0
05-20-2020,666,7,641,0,0,0
05-21-2020,666,7,641,0,0,0
05-22-2020,667,7,647,1,0,6
05-23-2020,667,7,647,0,0,0
05-24-2020,668,7,648,1,0,1
05-25-2020,669,7,652,1,0,4
05-26-2020,670,7,653,1,0,1
05-27-2020,671,7,655,1,0,2
05-28-2020,671,7,655,0,0,0
05-29-2020,672,7,657,1,0,2
05-30-2020,672,7,657,0,0,0
05-31-2020,672,7,657,0,0,0
06-01-2020,673,7,660,1,0,3
06-02-2020,673,7,661,0,0,1
06-03-2020,673,7,661,0,0,0
06-04-2020,677,7,662,4,0,1
06-05-2020,677,7,663,0,0,1
06-06-2020,677,7,663,0,0,0
06-07-2020,678,7,664,1,0,1
06-08-2020,678,7,664,0,0,0
06-09-2020,678,7,665,0,0,1
06-10-2020,678,7,665,0,0,0
06-11-2020,678,7,665,0,0,0
06-12-2020,678,7,665,0,0,0
06-13-2020,678,7,665,0,0,0
06-14-2020,678,7,665,0,0,0
06-15-2020,678,7,665,0,0,0
06-16-2020,536,6,383,-142,-1,-282
06-17-2020,536,6,383,0,0,0
06-18-2020,536,6,383,0,0,0
06-19-2020,536,6,383,0,0,0
06-20-2020,536,6,383,0,0,0
06-21-2020,536,6,383,0,0,0
06-22-2020,536,6,383,0,0,0
06-23-2020,536,6,383,0,0,0
06-24-2020,536,6,383,0,0,0
06-25-2020,536,6,383,0,0,0
06-26-2020,536,6,383,0,0,0
06-27-2020,536,6,383,0,0,0
06-28-2020,536,6,383,0,0,0
06-29-2020,536,6,383,0,0,0
06-30-2020,536,6,383,0,0,0
07-01-2020,536,6,383,0,0,0
07-02-2020,536,6,383,0,0,0
07-03-2020,712,7,675,176,1,292
07-04-2020,712,7,675,0,0,0
07-05-2020,712,7,675,0,0,0
07-06-2020,712,7,675,0,0,0
07-07-2020,718,7,688,6,0,13
07-08-2020,718,7,688,0,0,0
07-09-2020,718,7,688,0,0,0
07-10-2020,718,7,688,0,0,0
07-11-2020,718,7,688,0,0,0
07-12-2020,718,7,688,0,0,0
07-13-2020,718,7,688,0,0,0
07-14-2020,718,7,688,0,0,0
07-15-2020,718,7,688,0,0,0
07-16-2020,718,7,688,0,0,0
07-17-2020,718,7,688,0,0,0
07-18-2020,733,7,701,15,0,13
07-19-2020,733,7,701,0,0,0
07-20-2020,733,7,701,0,0,0
07-21-2020,733,7,701,0,0,0
07-22-2020,733,7,701,0,0,0
07-23-2020,733,7,701,0,0,0
07-24-2020,733,7,701,0,0,0
07-25-2020,733,7,701,0,0,0
07-26-2020,733,7,701,0,0,0
07-27-2020,741,7,717,8,0,16
07-28-2020,741,7,717,0,0,0
07-29-2020,741,7,717,0,0,0
07-30-2020,741,7,717,0,0,0
07-31-2020,741,7,717,0,0,0
08-01-2020,741,7,717,0,0,0
08-02-2020,741,7,717,0,0,0
08-03-2020,741,7,717,0,0,0
08-04-2020,741,7,717,0,0,0
08-05-2020,741,7,717,0,0,0
08-06-2020,741,7,717,0,0,0
08-07-2020,741,7,717,0,0,0
08-08-2020,741,7,717,0,0,0
08-09-2020,741,7,717,0,0,0
08-10-2020,741,7,717,0,0,0
08-11-2020,741,7,717,0,0,0
08-12-2020,741,7,717,0,0,0
08-13-2020,741,7,717,0,0,0
08-14-2020,741,7,717,0,0,0
08-15-2020,741,7,717,0,0,0
08-16-2020,741,7,717,0,0,0
08-17-2020,741,7,717,0,0,0
08-18-2020,741,7,717,0,0,0
08-19-2020,741,7,717,0,0,0
08-20-2020,741,7,717,0,0,0
08-21-2020,741,7,717,0,0,0
08-22-2020,741,7,717,0,0,0
08-23-2020,741,7,717,0,0,0
08-24-2020,741,7,717,0,0,0
08-25-2020,741,7,717,0,0,0
