date,totalConfirmed,totalDeaths,totalRecovered,newConfirmed,newDeaths,newRecovered
02-24-2020,1,0,-1,1,0,-1
02-25-2020,1,0,-1,0,0,-1
02-26-2020,1,0,-1,0,0,-1
02-27-2020,1,0,-1,0,0,-1
02-28-2020,1,0,-1,0,0,-1
02-29-2020,1,0,-1,0,0,-1
03-01-2020,1,0,-1,0,0,-1
03-02-2020,1,0,-1,0,0,-1
03-03-2020,1,0,-1,0,0,-1
03-04-2020,1,0,-1,0,0,-1
03-05-2020,1,0,-1,0,0,-1
03-06-2020,1,0,-1,0,0,-1
03-07-2020,4,0,-1,3,0,-1
03-08-2020,4,0,-1,0,0,-1
03-09-2020,4,0,-1,0,0,-1
03-10-2020,4,0,-1,0,0,-1
03-11-2020,7,0,-1,3,0,-1
03-12-2020,7,0,-1,0,0,-1
03-13-2020,7,0,-1,0,0,-1
03-14-2020,10,0,-1,3,0,-1
03-15-2020,16,0,-1,6,0,-1
03-16-2020,21,0,-1,5,0,-1
03-17-2020,22,0,-1,1,0,-1
03-18-2020,22,0,-1,0,0,-1
03-19-2020,22,0,-1,0,0,-1
03-20-2020,24,0,-1,2,0,-1
03-21-2020,24,0,-1,0,0,-1
03-22-2020,34,0,-1,10,0,-1
03-23-2020,40,1,-1,6,1,-1
03-24-2020,42,1,-1,2,0,-1
03-25-2020,74,1,-1,32,0,-1
03-26-2020,80,2,-1,6,1,-1
03-27-2020,91,2,-1,11,0,-1
03-28-2020,106,3,-1,15,1,-1
03-29-2020,114,4,-1,8,1,-1
03-30-2020,114,4,-1,0,0,-1
03-31-2020,166,4,-1,52,0,-1
04-01-2020,192,4,-1,26,0,-1
04-02-2020,235,4,-1,43,0,-1
04-03-2020,269,5,-1,34,1,-1
04-04-2020,270,5,-1,1,0,-1
04-05-2020,299,7,-1,29,2,-1
04-06-2020,337,7,-1,38,0,-1
04-07-2020,367,11,-1,30,4,-1
04-08-2020,423,14,-1,56,3,-1
04-09-2020,484,15,-1,61,1,-1
04-10-2020,521,15,-1,37,0,-1
04-11-2020,521,15,-1,0,0,-1
04-12-2020,555,18,-1,34,3,-1
04-13-2020,665,21,-1,110,3,-1
04-14-2020,714,23,-1,49,2,-1
04-15-2020,784,25,-1,70,2,-1
04-16-2020,794,29,-1,10,4,-1
04-17-2020,845,30,-1,51,1,-1
04-18-2020,908,30,-1,63,0,-1
04-19-2020,996,33,-1,88,3,-1
04-20-2020,996,33,-1,0,0,-1
04-21-2020,1092,36,-1,96,3,-1
04-22-2020,1176,40,-1,84,4,-1
04-23-2020,1176,40,-1,0,0,-1
04-24-2020,1226,40,-1,50,0,-1
04-25-2020,1463,47,-1,237,7,-1
04-26-2020,1463,49,-1,0,2,-1
04-27-2020,1703,57,-1,240,8,-1
04-28-2020,1827,60,-1,124,3,-1
04-29-2020,1827,60,-1,0,0,-1
04-30-2020,2171,64,-1,344,4,-1
05-01-2020,2171,64,-1,0,0,-1
05-02-2020,2469,72,-1,298,8,-1
05-03-2020,2469,72,-1,0,0,-1
05-04-2020,2469,72,-1,0,0,-1
05-05-2020,3224,95,-1,755,23,-1
05-06-2020,3392,104,-1,168,9,-1
05-07-2020,3563,105,-1,171,1,-1
05-08-2020,3563,105,-1,0,0,-1
05-09-2020,4041,115,-1,478,10,-1
05-10-2020,4402,119,-1,361,4,-1
05-11-2020,4664,121,-1,262,2,-1
05-12-2020,4967,127,-1,303,6,-1
05-13-2020,5226,130,-1,259,3,-1
05-14-2020,5339,136,-1,113,6,-1
05-15-2020,6053,153,-1,714,17,-1
05-16-2020,6402,168,-1,349,15,-1
05-17-2020,6664,169,-1,262,1,-1
05-18-2020,7072,173,-1,408,4,-1
05-19-2020,7655,177,-1,583,4,-1
05-20-2020,8145,187,-1,490,10,-1
05-21-2020,8676,193,-1,531,6,-1
05-22-2020,9216,205,-1,540,12,-1
05-23-2020,9866,211,-1,650,6,-1
05-24-2020,10582,218,-1,716,7,-1
05-25-2020,11094,219,-1,512,1,-1
05-26-2020,11831,220,-1,737,1,-1
05-27-2020,12379,226,-1,548,6,-1
05-28-2020,13016,235,-1,637,9,-1
05-29-2020,13659,246,-1,643,11,-1
05-30-2020,14443,248,-1,784,2,-1
05-31-2020,15094,250,-1,651,2,-1
06-01-2020,15750,265,-1,656,15,-1
06-02-2020,16492,270,-1,742,5,-1
06-03-2020,17267,294,-1,775,24,-1
06-04-2020,17891,299,-1,624,5,-1
06-05-2020,18969,309,-1,1078,10,-1
06-06-2020,19551,327,-1,582,18,-1
06-07-2020,20342,357,-1,791,30,-1
06-08-2020,20917,369,-1,575,12,-1
06-09-2020,21222,376,-1,305,7,-1
06-10-2020,22143,405,2975,921,29,-1
06-11-2020,22890,426,3326,747,21,351
06-12-2020,23546,446,3928,656,20,602
06-13-2020,24102,451,4201,556,5,273
06-14-2020,24766,471,4725,664,20,524
06-15-2020,25527,478,5090,761,7,365
06-16-2020,26310,491,5508,783,13,418
06-17-2020,26874,504,6158,564,13,650
06-18-2020,27532,546,7660,658,42,1502
06-19-2020,27878,548,7962,346,2,302
06-20-2020,28424,569,8292,546,21,330
06-21-2020,28833,581,8764,409,12,472
06-22-2020,29157,598,8841,324,17,77
06-23-2020,29481,618,9260,324,20,419
06-24-2020,29640,639,9869,159,21,609
06-25-2020,30175,675,10174,535,36,305
06-26-2020,30451,683,10306,276,8,132
06-27-2020,30616,703,10694,165,20,388
06-28-2020,30967,737,12588,351,34,1894
06-29-2020,31238,733,13934,271,-4,1346
06-30-2020,31517,746,14131,279,13,197
07-01-2020,31836,774,14651,319,28,520
07-02-2020,32202,807,16041,366,33,1390
07-03-2020,32324,819,17331,122,12,1290
07-04-2020,32672,826,19164,348,7,1833
07-05-2020,32951,864,19366,279,38,202
07-06-2020,33190,898,20025,239,34,659
07-07-2020,33384,920,20025,194,22,0
07-08-2020,33594,936,20305,210,16,280
07-09-2020,33653,937,20305,59,1,0
07-10-2020,34194,971,20882,541,34,577
07-11-2020,34366,994,21135,172,23,253
07-12-2020,34451,1010,21135,85,16,0
07-13-2020,34455,1012,21254,4,2,119
07-14-2020,34740,1048,21454,285,36,200
07-15-2020,34940,1094,21454,200,46,0
07-16-2020,35070,1113,21454,130,19,0
07-17-2020,35229,1147,21454,159,34,0
07-18-2020,35301,1164,23273,72,17,1819
07-19-2020,35475,1181,23634,174,17,361
07-20-2020,35515,1183,23679,40,2,45
07-21-2020,35615,1186,23741,100,3,62
07-22-2020,35727,1190,23924,112,4,183
07-23-2020,35915,1211,24538,188,21,614
07-24-2020,35988,1225,24602,73,14,64
07-25-2020,36036,1248,24793,48,23,191
07-26-2020,36157,1259,25180,121,11,387
07-27-2020,36263,1269,25198,106,10,18
07-28-2020,36368,1270,25358,105,1,160
07-29-2020,36471,1271,25389,103,1,31
07-30-2020,36542,1271,25471,71,0,82
07-31-2020,36675,1272,25509,133,1,38
08-01-2020,36710,1283,25509,35,11,0
08-02-2020,36710,1283,25509,0,0,0
08-03-2020,36747,1288,25669,37,5,160
08-04-2020,36783,1288,25669,36,0,0
08-05-2020,36829,1294,25742,46,6,73
08-06-2020,36937,1298,25840,108,4,98
08-07-2020,37015,1307,25903,78,9,63
08-08-2020,37054,1312,25960,39,5,57
08-09-2020,37054,1312,25960,0,0,0
08-10-2020,37199,1325,26091,145,13,131
08-11-2020,37269,1344,26415,70,19,324
08-12-2020,37345,1354,26694,76,10,279
08-13-2020,37424,1363,26714,79,9,20
08-14-2020,37503,1368,26925,79,5,211
08-15-2020,37551,1370,27166,48,2,241
08-16-2020,37596,1375,27166,45,5,0
08-17-2020,37596,1375,27166,0,0,0
08-18-2020,37599,1375,27166,3,0,0
08-19-2020,37599,1375,27166,0,0,0
08-20-2020,37759,1383,27166,160,8,0
08-21-2020,37894,1385,28016,135,2,850
08-22-2020,37894,1385,28016,0,0,0
08-23-2020,37999,1387,28180,105,2,164
08-24-2020,38054,1389,28360,55,2,180
08-25-2020,38070,1397,28440,16,8,80
