date,totalConfirmed,totalDeaths,totalRecovered,newConfirmed,newDeaths,newRecovered
03-02-2020,1,0,-1,1,0,-1
03-03-2020,1,0,-1,0,0,-1
03-04-2020,1,0,-1,0,0,-1
03-05-2020,1,0,-1,0,0,-1
03-06-2020,1,0,-1,0,0,-1
03-07-2020,1,0,-1,0,0,-1
03-08-2020,1,0,-1,0,0,-1
03-09-2020,1,0,-1,0,0,-1
03-10-2020,5,0,-1,4,0,-1
03-11-2020,5,0,-1,0,0,-1
03-12-2020,5,0,-1,0,0,-1
03-13-2020,5,0,-1,0,0,-1
03-14-2020,5,0,-1,0,0,-1
03-15-2020,5,0,-1,0,0,-1
03-16-2020,5,0,-1,0,0,-1
03-17-2020,21,1,-1,16,1,-1
03-18-2020,21,1,-1,0,0,-1
03-19-2020,34,2,-1,13,1,-1
03-20-2020,72,2,-1,38,0,-1
03-21-2020,72,2,-1,0,0,-1
03-22-2020,72,2,-1,0,0,-1
03-23-2020,72,2,-1,0,0,-1
03-24-2020,312,6,-1,240,4,-1
03-25-2020,312,6,-1,0,0,-1
03-26-2020,488,10,-1,176,4,-1
03-27-2020,488,10,-1,0,0,-1
03-28-2020,581,20,-1,93,10,-1
03-29-2020,581,20,-1,0,0,-1
03-30-2020,581,20,-1,0,0,-1
03-31-2020,901,42,-1,320,22,-1
04-01-2020,1109,51,-1,208,9,-1
04-02-2020,1284,57,-1,175,6,-1
04-03-2020,1380,60,-1,96,3,-1
04-04-2020,1488,68,-1,108,8,-1
04-05-2020,1488,68,-1,0,0,-1
04-06-2020,1488,68,-1,0,0,-1
04-07-2020,1828,86,-1,340,18,-1
04-08-2020,1956,98,-1,128,12,-1
04-09-2020,1956,98,-1,0,0,-1
04-10-2020,2349,118,-1,393,20,-1
04-11-2020,2349,118,-1,0,0,-1
04-12-2020,2620,126,-1,271,8,-1
04-13-2020,2967,173,-1,347,47,-1
04-14-2020,3167,177,-1,200,4,-1
04-15-2020,3286,183,-1,119,6,-1
04-16-2020,3614,189,-1,328,6,-1
04-17-2020,3755,196,-1,141,7,-1
04-18-2020,4126,200,-1,371,4,-1
04-19-2020,4335,217,-1,209,17,-1
04-20-2020,4680,226,-1,345,9,-1
04-21-2020,4964,235,-1,284,9,-1
04-22-2020,5044,245,-1,80,10,-1
04-23-2020,5300,260,-1,256,15,-1
04-24-2020,5543,265,-1,243,5,-1
04-25-2020,5749,267,-1,206,2,-1
04-26-2020,5926,273,-1,177,6,-1
04-27-2020,6135,278,-1,209,5,-1
04-28-2020,6293,282,-1,158,4,-1
04-29-2020,6416,286,-1,123,4,-1
04-30-2020,6652,293,-1,236,7,-1
05-01-2020,6972,301,-1,320,8,-1
05-02-2020,7288,313,-1,316,12,-1
05-03-2020,7578,326,-1,290,13,-1
05-04-2020,7954,333,-1,376,7,-1
05-05-2020,8235,346,-1,281,13,-1
05-06-2020,8480,354,-1,245,8,-1
05-07-2020,8807,362,-1,327,8,-1
05-08-2020,9095,373,-1,288,11,-1
05-09-2020,9376,380,-1,281,7,-1
05-10-2020,9882,385,-1,506,5,-1
05-11-2020,10347,388,-1,465,3,-1
05-12-2020,10634,393,-1,287,5,-1
05-13-2020,10900,402,-1,266,9,-1
05-14-2020,11196,409,-1,296,7,-1
05-15-2020,11320,422,-1,124,13,-1
05-16-2020,11739,424,-1,419,2,-1
05-17-2020,12110,428,-1,371,4,-1
05-18-2020,12314,428,-1,204,0,-1
05-19-2020,12725,434,-1,411,6,-1
05-20-2020,13223,441,-1,498,7,-1
05-21-2020,13477,446,-1,254,5,-1
05-22-2020,13657,448,-1,180,2,-1
05-23-2020,13989,456,-1,332,8,-1
05-24-2020,14422,458,-1,433,2,-1
05-25-2020,14801,458,-1,379,0,-1
05-26-2020,15073,460,-1,272,2,-1
05-27-2020,15264,468,-1,191,8,-1
05-28-2020,15723,474,-1,459,6,-1
05-29-2020,16068,485,-1,345,11,-1
05-30-2020,16531,488,-1,463,3,-1
05-31-2020,16908,498,-1,377,10,-1
06-01-2020,17285,502,-1,377,4,-1
06-02-2020,17572,502,-1,287,0,-1
06-03-2020,17752,515,-1,180,13,-1
06-04-2020,18040,516,-1,288,1,-1
06-05-2020,18319,520,-1,279,4,-1
06-06-2020,18708,525,-1,389,5,-1
06-07-2020,19195,536,-1,487,11,-1
06-08-2020,19600,538,-1,405,2,-1
06-09-2020,20126,539,-1,526,1,-1
06-10-2020,20808,550,12318,682,11,-1
06-11-2020,21437,561,13541,629,11,1223
06-12-2020,21437,561,13541,0,0,0
06-13-2020,22008,568,13541,571,7,0
06-14-2020,22572,577,13541,564,9,0
06-15-2020,23271,605,14025,699,28,484
06-16-2020,23686,615,14133,415,10,108
06-17-2020,24105,633,14216,419,18,83
06-18-2020,24645,635,14293,540,2,77
06-19-2020,25068,647,14605,423,12,312
06-20-2020,25778,655,14957,710,8,352
06-21-2020,26677,662,15138,899,7,181
06-22-2020,27370,669,15338,693,7,200
06-23-2020,27936,675,15551,566,6,213
06-24-2020,28631,691,16006,695,16,455
06-25-2020,29141,698,16223,510,7,217
06-26-2020,29764,712,16357,623,14,134
06-27-2020,30619,718,16666,855,6,309
06-28-2020,31373,726,17142,754,8,476
06-29-2020,31816,733,17280,443,7,138
06-30-2020,32568,747,17580,752,14,300
07-01-2020,33387,754,17904,819,7,324
07-02-2020,33387,754,17904,0,0,0
07-03-2020,35148,775,18392,1761,21,488
07-04-2020,36184,786,18602,1036,11,210
07-05-2020,37425,794,18943,1241,8,341
07-06-2020,38128,804,19489,703,10,546
07-07-2020,38128,804,19489,0,0,0
07-08-2020,39588,829,20056,1460,25,567
07-09-2020,39588,829,20056,0,0,0
07-10-2020,41915,864,20830,2327,35,774
07-11-2020,41915,864,20830,0,0,0
07-12-2020,44532,897,21459,2617,33,629
07-13-2020,45506,903,22441,974,6,982
07-14-2020,46305,910,23134,799,7,693
07-15-2020,47671,929,23459,1366,19,325
07-16-2020,48743,941,23636,1072,12,177
07-17-2020,48743,941,23636,0,0,0
07-18-2020,51519,971,24607,2776,30,971
07-19-2020,51519,971,24607,0,0,0
07-20-2020,53956,993,25561,2437,22,954
07-21-2020,54797,999,25976,841,6,415
07-22-2020,56043,1005,26466,1246,6,490
07-23-2020,57615,1006,26905,1572,1,439
07-24-2020,59077,1036,27625,1462,30,720
07-25-2020,60896,1055,27980,1819,19,355
07-26-2020,62908,1063,28603,2012,8,623
07-27-2020,64156,1083,30204,1248,20,1601
07-28-2020,64690,1101,32014,534,18,1810
07-29-2020,66182,1123,33947,1492,22,1933
07-30-2020,67915,1146,35302,1733,23,1355
07-31-2020,69649,1160,36470,1734,14,1168
08-01-2020,71415,1170,37509,1766,10,1039
08-02-2020,72243,1178,38244,828,8,735
08-03-2020,73117,1183,38824,874,5,580
08-04-2020,74295,1213,39305,1178,30,481
08-05-2020,75660,1222,40122,1365,9,817
08-06-2020,76536,1246,40539,876,24,417
08-07-2020,77709,1259,41393,1173,13,854
08-08-2020,78778,1289,42538,1069,30,1145
08-09-2020,79732,1309,43744,954,20,1206
08-10-2020,80499,1328,44910,767,19,1166
08-11-2020,81094,1346,45666,595,18,756
08-12-2020,81094,1346,45666,0,0,0
08-13-2020,82224,1371,45666,1130,25,0
08-14-2020,83134,1393,47946,910,22,2280
08-15-2020,84488,1409,49539,1354,16,1593
08-16-2020,86309,1453,52905,1821,44,3366
08-17-2020,86737,1481,54108,428,28,1203
08-18-2020,87123,1489,55504,386,8,1396
08-19-2020,88127,1501,56760,1004,12,1256
08-20-2020,88127,1501,56760,0,0,0
08-21-2020,89867,1533,59132,1740,32,2372
08-22-2020,90561,1554,59949,694,21,817
08-23-2020,91161,1567,60670,600,13,721
08-24-2020,91161,1567,60670,0,0,0
08-25-2020,91608,1573,60670,447,6,0
