date,totalConfirmed,totalDeaths,totalRecovered,newConfirmed,newDeaths,newRecovered
01-29-2020,4,0,-1,4,0,-1
01-30-2020,4,0,-1,0,0,-1
01-31-2020,4,0,-1,0,0,-1
02-01-2020,5,0,-1,1,0,-1
02-02-2020,5,0,-1,0,0,-1
02-03-2020,5,0,-1,0,0,-1
02-04-2020,5,0,-1,0,0,-1
02-05-2020,5,0,-1,0,0,-1
02-06-2020,5,0,-1,0,0,-1
02-07-2020,5,0,-1,0,0,-1
02-08-2020,7,0,-1,2,0,-1
02-09-2020,7,0,-1,0,0,-1
02-10-2020,8,0,-1,1,0,-1
02-11-2020,8,0,-1,0,0,-1
02-12-2020,8,0,-1,0,0,-1
02-13-2020,8,0,-1,0,0,-1
02-14-2020,8,0,-1,0,0,-1
02-15-2020,8,0,-1,0,0,-1
02-16-2020,9,0,-1,1,0,-1
02-17-2020,9,0,-1,0,0,-1
02-18-2020,9,0,-1,0,0,-1
02-19-2020,9,0,-1,0,0,-1
02-20-2020,9,0,-1,0,0,-1
02-21-2020,11,0,-1,2,0,-1
02-22-2020,13,0,-1,2,0,-1
02-23-2020,13,0,-1,0,0,-1
02-24-2020,13,0,-1,0,0,-1
02-25-2020,13,0,-1,0,0,-1
02-26-2020,13,0,-1,0,0,-1
02-27-2020,19,0,-1,6,0,-1
02-28-2020,19,0,-1,0,0,-1
02-29-2020,19,0,-1,0,0,-1
03-01-2020,21,0,-1,2,0,-1
03-02-2020,21,0,-1,0,0,-1
03-03-2020,27,0,-1,6,0,-1
03-04-2020,27,0,-1,0,0,-1
03-05-2020,27,0,-1,0,0,-1
03-06-2020,45,0,-1,18,0,-1
03-07-2020,45,0,-1,0,0,-1
03-08-2020,45,0,-1,0,0,-1
03-09-2020,59,0,-1,14,0,-1
03-10-2020,74,0,-1,15,0,-1
03-11-2020,74,0,-1,0,0,-1
03-12-2020,85,0,-1,11,0,-1
03-13-2020,85,0,-1,0,0,-1
03-14-2020,85,0,-1,0,0,-1
03-15-2020,98,0,-1,13,0,-1
03-16-2020,98,0,-1,0,0,-1
03-17-2020,98,0,-1,0,0,-1
03-18-2020,113,0,-1,15,0,-1
03-19-2020,140,0,-1,27,0,-1
03-20-2020,140,0,-1,0,0,-1
03-21-2020,153,2,-1,13,2,-1
03-22-2020,153,2,-1,0,0,-1
03-23-2020,198,2,-1,45,0,-1
03-24-2020,248,2,-1,50,0,-1
03-25-2020,333,2,-1,85,0,-1
03-26-2020,333,2,-1,0,0,-1
03-27-2020,333,2,-1,0,0,-1
03-28-2020,468,2,-1,135,0,-1
03-29-2020,468,2,-1,0,0,-1
03-30-2020,611,5,-1,143,3,-1
03-31-2020,664,6,-1,53,1,-1
04-01-2020,664,6,-1,0,0,-1
04-02-2020,814,8,-1,150,2,-1
04-03-2020,1024,8,-1,210,0,-1
04-04-2020,1505,10,-1,481,2,-1
04-05-2020,1505,10,-1,0,0,-1
04-06-2020,2076,11,-1,571,1,-1
04-07-2020,2076,11,-1,0,0,-1
04-08-2020,2659,12,-1,583,1,-1
04-09-2020,2659,12,-1,0,0,-1
04-10-2020,2990,14,-1,331,2,-1
04-11-2020,3736,20,-1,746,6,-1
04-12-2020,3736,20,-1,0,0,-1
04-13-2020,4123,25,-1,387,5,-1
04-14-2020,4521,25,-1,398,0,-1
04-15-2020,4933,28,-1,412,3,-1
04-16-2020,5365,33,-1,432,5,-1
04-17-2020,5825,35,-1,460,2,-1
04-18-2020,6302,37,-1,477,2,-1
04-19-2020,6781,41,-1,479,4,-1
04-20-2020,7265,43,-1,484,2,-1
04-21-2020,7755,46,-1,490,3,-1
04-22-2020,8238,52,-1,483,6,-1
04-23-2020,8756,56,-1,518,4,-1
04-24-2020,9281,64,-1,525,8,-1
04-25-2020,9281,64,-1,0,0,-1
04-26-2020,10349,76,-1,1068,12,-1
04-27-2020,10349,76,-1,0,0,-1
04-28-2020,11380,89,-1,1031,13,-1
04-29-2020,11380,89,-1,0,0,-1
04-30-2020,12481,105,-1,1101,16,-1
05-01-2020,13038,111,-1,557,6,-1
05-02-2020,13038,111,-1,0,0,-1
05-03-2020,14163,126,-1,1125,15,-1
05-04-2020,14163,126,-1,0,0,-1
05-05-2020,15192,146,-1,1029,20,-1
05-06-2020,15192,146,-1,0,0,-1
05-07-2020,16240,165,-1,1048,19,-1
05-08-2020,16793,174,-1,553,9,-1
05-09-2020,16793,174,-1,0,0,-1
05-10-2020,18198,198,-1,1405,24,-1
05-11-2020,18198,198,-1,0,0,-1
05-12-2020,19661,203,-1,1463,5,-1
05-13-2020,19661,203,-1,0,0,-1
05-14-2020,21084,208,-1,1423,5,-1
05-15-2020,21831,210,-1,747,2,-1
05-16-2020,21831,210,-1,0,0,-1
05-17-2020,23358,220,-1,1527,10,-1
05-18-2020,23358,220,-1,0,0,-1
05-19-2020,25063,227,-1,1705,7,-1
05-20-2020,25063,227,-1,0,0,-1
05-21-2020,26004,233,-1,941,6,-1
05-22-2020,26898,237,-1,894,4,-1
05-23-2020,27892,241,-1,994,4,-1
05-24-2020,28704,244,-1,812,3,-1
05-25-2020,29485,245,-1,781,1,-1
05-26-2020,30307,248,-1,822,3,-1
05-27-2020,31086,253,-1,779,5,-1
05-28-2020,31969,255,-1,883,2,-1
05-29-2020,32532,258,-1,563,3,-1
05-30-2020,33170,260,-1,638,2,-1
05-31-2020,33896,262,-1,726,2,-1
06-01-2020,34557,264,-1,661,2,-1
06-02-2020,35192,266,-1,635,2,-1
06-03-2020,35788,269,-1,596,3,-1
06-04-2020,36359,270,-1,571,1,-1
06-05-2020,37018,273,-1,659,3,-1
06-06-2020,37642,274,-1,624,1,-1
06-07-2020,38268,275,-1,626,1,-1
06-08-2020,38808,276,-1,540,1,-1
06-09-2020,39376,281,-1,568,5,-1
06-10-2020,40507,284,24017,1131,3,-1
06-11-2020,40986,286,25234,479,2,1217
06-12-2020,41499,287,25946,513,1,712
06-13-2020,41990,288,26761,491,1,815
06-14-2020,42294,289,27462,304,1,701
06-15-2020,42636,291,28129,342,2,667
06-16-2020,42982,293,28861,346,2,732
06-17-2020,43364,295,29537,382,2,676
06-18-2020,43752,298,30241,388,3,704
06-19-2020,44145,300,30996,393,2,755
06-20-2020,44533,301,31754,388,1,758
06-21-2020,44925,302,32415,392,1,661
06-22-2020,45303,303,33046,378,1,631
06-23-2020,45683,305,33703,380,2,657
06-24-2020,46133,307,34405,450,2,702
06-25-2020,46563,308,35165,430,1,760
06-26-2020,46973,310,35469,410,2,304
06-27-2020,47360,311,35834,387,1,365
06-28-2020,47797,313,36411,437,2,577
06-29-2020,48246,314,37076,449,1,665
06-30-2020,48667,315,37566,421,1,490
07-01-2020,49069,316,38160,402,1,594
07-02-2020,49069,316,38160,0,0,0
07-03-2020,50141,318,39153,1072,2,993
07-04-2020,50857,321,39857,716,3,704
07-05-2020,51540,323,40297,683,2,440
07-06-2020,52068,324,40721,528,1,424
07-07-2020,52068,324,40721,0,0,0
07-08-2020,53045,327,42282,977,3,1561
07-09-2020,53577,328,43570,532,1,1288
07-10-2020,54050,330,43969,473,2,399
07-11-2020,54050,330,43969,0,0,0
07-12-2020,54854,333,45140,804,3,1171
07-13-2020,55198,334,45513,344,1,373
07-14-2020,55198,334,45513,0,0,0
07-15-2020,55573,335,45513,375,1,0
07-16-2020,55848,335,45513,275,0,0
07-17-2020,56422,337,48448,574,2,2935
07-18-2020,56711,338,48917,289,1,469
07-19-2020,56711,338,48917,0,0,0
07-20-2020,57193,340,49621,482,2,704
07-21-2020,57498,341,49964,305,1,343
07-22-2020,57734,342,50354,236,1,390
07-23-2020,57988,342,50848,254,0,494
07-24-2020,58249,343,51235,261,1,387
07-25-2020,58562,343,51628,313,0,393
07-26-2020,58913,344,52182,351,1,554
07-27-2020,59177,345,52510,264,1,328
07-28-2020,59546,347,52905,369,2,395
07-29-2020,59921,347,53202,375,0,297
07-30-2020,60223,349,53626,302,2,424
07-31-2020,60506,351,53909,283,2,283
08-01-2020,60760,351,54255,254,0,346
08-02-2020,60999,351,54615,239,0,360
08-03-2020,61163,351,54863,164,0,248
08-04-2020,61352,351,55090,189,0,227
08-05-2020,61606,353,55385,254,2,295
08-06-2020,61845,354,55739,239,1,354
08-07-2020,62061,356,56015,216,2,276
08-08-2020,62300,356,56245,239,0,230
08-09-2020,62525,357,56568,225,1,323
08-10-2020,62704,357,56766,179,0,198
08-11-2020,62966,358,56961,262,1,195
08-12-2020,62966,358,56961,0,0,0
08-13-2020,63489,358,57372,523,0,411
08-14-2020,63819,359,57473,330,1,101
08-15-2020,64102,361,57571,283,2,98
08-16-2020,64312,364,57694,210,3,123
08-17-2020,64312,364,57694,0,0,0
08-18-2020,64906,366,57909,594,2,215
08-19-2020,65341,367,58022,435,1,113
08-20-2020,65341,367,58022,0,0,0
08-21-2020,66193,370,58296,852,3,274
08-22-2020,66193,370,58296,0,0,0
08-23-2020,67007,375,58488,814,5,192
08-24-2020,67007,375,58488,0,0,0
08-25-2020,67621,377,58754,614,2,266
