date,totalConfirmed,totalDeaths,totalRecovered,newConfirmed,newDeaths,newRecovered
03-04-2020,1,0,0,1,0,0
03-05-2020,2,0,0,1,0,0
03-06-2020,4,0,0,2,0,0
03-07-2020,4,0,0,0,0,0
03-08-2020,6,0,0,2,0,0
03-09-2020,11,0,0,5,0,0
03-10-2020,15,1,0,4,1,0
03-11-2020,23,1,0,8,0,0
03-12-2020,31,1,0,8,0,0
03-13-2020,50,1,0,19,0,0
03-14-2020,70,2,0,20,1,0
03-15-2020,109,2,0,39,0,0
03-16-2020,179,3,1,70,1,1
03-17-2020,267,3,1,88,0,0
03-18-2020,427,5,1,160,2,0
03-19-2020,742,9,1,315,4,0
03-20-2020,890,11,1,148,2,0
03-21-2020,1327,16,0,437,5,-1
03-22-2020,1914,21,0,587,5,0
03-23-2020,2844,27,0,930,6,0
03-24-2020,3675,44,0,831,17,0
03-25-2020,4407,62,0,732,18,0
03-26-2020,6876,81,0,2469,19,0
03-27-2020,8825,108,0,1949,27,0
03-28-2020,11124,140,0,2299,32,0
03-29-2020,13386,161,0,2262,21,0
03-30-2020,16636,198,0,3250,37,0
03-31-2020,18997,267,0,2361,69,0
04-01-2020,22255,355,0,3258,88,0
04-02-2020,25590,537,0,3335,182,0
04-03-2020,29895,646,0,4305,109,0
04-04-2020,34124,846,0,4229,200,0
04-05-2020,37505,917,0,3381,71,0
04-06-2020,41090,1003,0,3585,86,0
04-07-2020,44416,1232,51,3326,229,51
04-08-2020,47437,1504,51,3021,272,0
04-09-2020,51027,1709,51,3590,205,0
04-10-2020,54588,1932,51,3561,223,0
04-11-2020,58151,2183,355,3563,251,304
04-12-2020,61850,2350,355,3699,167,0
04-13-2020,64584,2443,355,2734,93,0
04-14-2020,68824,2805,394,4240,362,39
04-15-2020,71030,3156,470,2206,351,76
04-16-2020,75317,3518,470,4287,362,0
04-17-2020,78467,3840,470,3150,322,0
04-18-2020,81599,4249,498,3132,409,28
04-19-2020,85301,4362,730,3702,113,232
04-20-2020,88806,4520,730,3505,158,0
04-21-2020,92387,4753,730,3581,233,0
04-22-2020,95914,5150,730,3527,397,0
04-23-2020,100025,5426,730,4111,276,0
04-24-2020,102196,5683,730,2171,257,0
04-25-2020,105523,5938,730,3327,255,0
04-26-2020,109038,5938,730,3515,0,0
04-27-2020,111188,6044,730,2150,106,0
04-28-2020,113856,6442,730,2668,398,0
04-29-2020,116365,6771,730,2509,329,0
04-30-2020,118652,7228,730,2287,457,0
05-01-2020,121190,7538,730,2538,310,0
05-02-2020,123717,7742,730,2527,204,0
05-03-2020,126744,7871,730,3027,129,0
05-04-2020,128269,7910,730,1525,39,0
05-05-2020,130593,8244,730,2324,334,0
05-06-2020,131890,8549,730,1297,305,0
05-07-2020,133991,8807,730,2101,258,0
05-08-2020,135840,8960,730,1849,153,0
05-09-2020,137397,9116,730,1557,156,0
05-10-2020,138754,9256,3214,1357,140,2484
05-11-2020,140206,9340,3214,1452,84,0
05-12-2020,140917,9531,3228,711,191,14
05-13-2020,141560,9714,3231,643,183,3
05-14-2020,142704,9946,3237,1144,232,6
05-15-2020,143984,10148,3274,1280,202,37
05-16-2020,145089,10261,3295,1105,113,21
05-17-2020,146504,10363,3722,1415,102,427
05-18-2020,148240,10439,3722,1736,76,0
05-19-2020,149356,10587,3722,1116,148,0
05-20-2020,150776,10749,3736,1420,162,14
05-21-2020,151586,10846,3736,810,97,0
05-22-2020,152579,10985,3736,993,139,0
05-23-2020,153140,11082,3770,561,97,34
05-24-2020,154154,11138,3770,1014,56,0
05-25-2020,155092,11147,3770,938,9,0
05-26-2020,155764,11194,3770,672,47,0
05-27-2020,156628,11339,3770,864,145,0
05-28-2020,157185,11409,3781,557,70,11
05-29-2020,158844,11531,3781,1659,122,0
05-30-2020,159608,11634,3781,764,103,0
05-31-2020,160445,11698,3781,837,64,0
06-01-2020,160918,11723,3781,473,25,0
06-02-2020,161545,11771,3822,627,48,41
06-03-2020,162068,11880,3822,523,109,0
06-04-2020,162530,11970,3822,462,90,0
06-05-2020,163336,12049,3847,806,79,25
06-06-2020,163893,12106,3853,557,57,6
06-07-2020,164164,12176,3853,271,70,0
06-08-2020,164497,12214,3856,333,38,3
06-09-2020,164796,12303,3856,299,89,0
06-10-2020,165346,12377,3867,550,74,11
06-11-2020,165816,12443,3867,470,66,0
06-12-2020,166164,12489,3867,348,46,0
06-13-2020,166605,12621,3879,441,132,12
06-14-2020,166881,12659,3879,276,38,0
06-15-2020,167103,12708,3879,222,49,0
06-16-2020,167426,12792,3879,323,84,0
06-17-2020,167703,12835,3887,277,43,8
06-18-2020,168107,12869,3893,404,34,6
06-19-2020,168496,12902,3897,389,33,4
06-20-2020,168834,12924,3903,338,22,6
06-21-2020,169142,12939,3906,308,15,3
06-22-2020,169415,12974,3906,273,35,0
06-23-2020,169734,13025,3906,319,51,0
06-24-2020,169892,13076,3908,158,51,2
06-25-2020,170196,14946,3908,304,1870,0
06-26-2020,170584,14996,3915,388,50,7
06-27-2020,170873,15029,3915,289,33,0
06-28-2020,171182,15054,3915,309,25,0
06-29-2020,171272,15072,3915,90,18,0
06-30-2020,171667,15122,3915,395,50,0
07-01-2020,171928,15158,3922,261,36,7
07-02-2020,172356,15190,3922,428,32,0
07-03-2020,172742,15248,3930,386,58,8
07-04-2020,173033,15274,3930,291,26,0
07-05-2020,173402,15296,3930,369,22,0
07-06-2020,173611,15316,3930,209,20,0
07-07-2020,173878,15365,3932,267,49,2
07-08-2020,174039,15511,3947,161,146,15
07-09-2020,174270,15542,3947,231,31,0
07-10-2020,174628,15569,3951,358,27,4
07-11-2020,174959,15617,3951,331,48,0
07-12-2020,175298,15620,3951,339,3,0
07-13-2020,175522,15652,3951,224,32,0
07-14-2020,175915,15672,3953,393,20,2
07-15-2020,176278,15696,3963,363,24,10
07-16-2020,176501,15755,3966,223,59,3
07-17-2020,176574,15776,3969,73,21,3
07-18-2020,176814,15790,3969,240,14,0
07-19-2020,176783,15789,3969,-31,-1,0
07-20-2020,176963,15806,3969,180,17,0
07-21-2020,177256,15826,3973,293,20,4
07-22-2020,177645,15796,3980,389,-30,7
07-23-2020,177887,15816,3980,242,20,0
07-24-2020,178345,15850,3991,458,34,11
07-25-2020,178858,15858,3993,513,8,2
07-26-2020,179363,15879,3993,505,21,0
07-27-2020,179812,15896,3993,449,17,0
07-28-2020,180295,15914,3998,483,18,5
07-29-2020,180766,15886,4007,471,-28,9
07-30-2020,180970,15898,4007,204,12,0
07-31-2020,181660,15905,4018,690,7,11
08-01-2020,182029,15915,4018,369,10,0
08-02-2020,182350,15921,4018,321,6,0
08-03-2020,182614,15929,4018,264,8,0
08-04-2020,183331,15939,4018,717,10,0
08-05-2020,183327,15922,4030,-4,-17,12
08-06-2020,183701,15932,4030,374,10,0
08-07-2020,184061,15932,4047,360,0,17
08-08-2020,184429,15932,4047,368,0,0
08-09-2020,184742,15954,4047,313,22,0
08-10-2020,185031,15964,4047,289,10,0
08-11-2020,185475,15977,4060,444,13,13
08-12-2020,185938,15972,4060,463,-5,0
08-13-2020,186594,15977,4060,656,5,0
08-14-2020,187164,15988,4070,570,11,10
08-15-2020,187442,15994,4070,278,6,0
08-16-2020,187455,15996,4070,13,2,0
08-17-2020,187855,16028,4074,400,32,4
08-18-2020,188192,16036,4074,337,8,0
08-19-2020,188553,16048,4085,361,12,11
08-20-2020,188692,16044,4091,139,-4,6
08-21-2020,188957,16053,4091,265,9,0
08-22-2020,189354,16054,4091,397,1,0
08-23-2020,189586,16057,4091,232,3,0
08-24-2020,189891,16055,4092,305,-2,1
08-25-2020,189891,16055,4092,0,0,0
