date,totalConfirmed,totalDeaths,totalRecovered,newConfirmed,newDeaths,newRecovered
02-25-2020,1,0,-1,1,0,-1
02-26-2020,1,0,-1,0,0,-1
02-27-2020,1,0,-1,0,0,-1
02-28-2020,1,0,-1,0,0,-1
02-29-2020,1,0,-1,0,0,-1
03-01-2020,1,0,-1,0,0,-1
03-02-2020,3,0,-1,2,0,-1
03-03-2020,5,0,-1,2,0,-1
03-04-2020,12,0,-1,7,0,-1
03-05-2020,12,0,-1,0,0,-1
03-06-2020,17,0,-1,5,0,-1
03-07-2020,17,0,-1,0,0,-1
03-08-2020,17,0,-1,0,0,-1
03-09-2020,20,0,-1,3,0,-1
03-10-2020,20,0,-1,0,0,-1
03-11-2020,20,0,-1,0,0,-1
03-12-2020,25,1,-1,5,1,-1
03-13-2020,25,1,-1,0,0,-1
03-14-2020,37,2,-1,12,1,-1
03-15-2020,49,3,-1,12,1,-1
03-16-2020,49,4,-1,0,1,-1
03-17-2020,60,4,-1,11,0,-1
03-18-2020,72,6,-1,12,2,-1
03-19-2020,82,7,-1,10,1,-1
03-20-2020,94,10,-1,12,3,-1
03-21-2020,94,15,-1,0,5,-1
03-22-2020,139,15,-1,45,0,-1
03-23-2020,201,17,-1,62,2,-1
03-24-2020,231,17,-1,30,0,-1
03-25-2020,264,17,-1,33,0,-1
03-26-2020,264,17,-1,0,0,-1
03-27-2020,305,21,-1,41,4,-1
03-28-2020,367,25,-1,62,4,-1
03-29-2020,409,26,-1,42,1,-1
03-30-2020,454,29,-1,45,3,-1
03-31-2020,511,31,-1,57,2,-1
04-01-2020,584,35,-1,73,4,-1
04-02-2020,847,58,-1,263,23,-1
04-03-2020,986,83,-1,139,25,-1
04-04-2020,1171,105,-1,185,22,-1
04-05-2020,1251,130,-1,80,25,-1
04-06-2020,1251,130,-1,0,0,-1
04-07-2020,1423,173,-1,172,43,-1
04-08-2020,1468,194,-1,45,21,-1
04-09-2020,1572,205,-1,104,11,-1
04-10-2020,1666,235,-1,94,30,-1
04-11-2020,1761,256,-1,95,21,-1
04-12-2020,1825,275,-1,64,19,-1
04-13-2020,1914,293,-1,89,18,-1
04-14-2020,1983,313,-1,69,20,-1
04-15-2020,2070,326,-1,87,13,-1
04-16-2020,2160,336,-1,90,10,-1
04-17-2020,2268,348,-1,108,12,-1
04-18-2020,2418,364,-1,150,16,-1
04-19-2020,2534,367,-1,116,3,-1
04-20-2020,2629,375,-1,95,8,-1
04-21-2020,2718,384,-1,89,9,-1
04-22-2020,2811,392,-1,93,8,-1
04-23-2020,2910,402,-1,99,10,-1
04-24-2020,3007,407,-1,97,5,-1
04-25-2020,3127,415,-1,120,8,-1
04-26-2020,3256,419,-1,129,4,-1
04-27-2020,3382,425,-1,126,6,-1
04-28-2020,3517,432,-1,135,7,-1
04-29-2020,3649,437,-1,132,5,-1
04-30-2020,3848,444,-1,199,7,-1
05-01-2020,4006,450,-1,158,6,-1
05-02-2020,4154,453,-1,148,3,-1
05-03-2020,4295,459,-1,141,6,-1
05-04-2020,4474,463,-1,179,4,-1
05-05-2020,4648,465,-1,174,2,-1
05-06-2020,4838,470,-1,190,5,-1
05-07-2020,4997,476,-1,159,6,-1
05-08-2020,5182,483,-1,185,7,-1
05-09-2020,5369,488,-1,187,5,-1
05-10-2020,5558,494,-1,189,6,-1
05-11-2020,5723,502,-1,165,8,-1
05-12-2020,5891,507,-1,168,5,-1
05-13-2020,6067,515,-1,176,8,-1
05-14-2020,6253,522,-1,186,7,-1
05-15-2020,6442,529,-1,189,7,-1
05-16-2020,6630,536,-1,188,7,-1
05-17-2020,6821,542,-1,191,6,-1
05-18-2020,7019,548,-1,198,6,-1
05-19-2020,7201,555,-1,182,7,-1
05-20-2020,7377,561,-1,176,6,-1
05-21-2020,7542,568,-1,165,7,-1
05-22-2020,7728,575,-1,186,7,-1
05-23-2020,7918,582,-1,190,7,-1
05-24-2020,8113,592,-1,195,10,-1
05-25-2020,8306,600,-1,193,8,-1
05-26-2020,8503,609,-1,197,9,-1
05-27-2020,8697,617,-1,194,8,-1
05-28-2020,8857,623,-1,160,6,-1
05-29-2020,8997,630,-1,140,7,-1
05-30-2020,9134,638,-1,137,8,-1
05-31-2020,9267,646,-1,133,8,-1
06-01-2020,9394,653,-1,127,7,-1
06-02-2020,9513,661,-1,119,8,-1
06-03-2020,9626,667,-1,113,6,-1
06-04-2020,9733,673,-1,107,6,-1
06-05-2020,9831,681,-1,98,8,-1
06-06-2020,9935,690,-1,104,9,-1
06-07-2020,10050,698,-1,115,8,-1
06-08-2020,10154,707,-1,104,9,-1
06-09-2020,10265,715,-1,111,8,-1
06-10-2020,10484,732,7074,219,17,-1
06-11-2020,10589,741,7255,105,9,181
06-12-2020,10698,751,7322,109,10,67
06-13-2020,10810,760,7420,112,9,98
06-14-2020,10919,767,7606,109,7,186
06-15-2020,11031,777,7735,112,10,129
06-16-2020,11147,788,7842,116,11,107
06-17-2020,11268,799,7943,121,11,101
06-18-2020,11385,811,8078,117,12,135
06-19-2020,11504,825,8196,119,14,118
06-20-2020,11631,837,8324,127,12,128
06-21-2020,11771,845,8422,140,8,98
06-22-2020,11920,852,8559,149,7,137
06-23-2020,12076,861,8653,156,9,94
06-24-2020,12248,869,8792,172,8,139
06-25-2020,12445,878,8920,197,9,128
06-26-2020,12685,885,9066,240,7,146
06-27-2020,12685,885,9066,0,0,0
06-28-2020,13273,897,9371,588,12,305
06-29-2020,13571,905,9671,298,8,300
06-30-2020,13907,912,9897,336,7,226
07-01-2020,14272,920,10040,365,8,143
07-02-2020,14657,928,10342,385,8,302
07-03-2020,15070,937,10832,413,9,490
07-04-2020,15500,946,11181,430,9,349
07-05-2020,15941,952,11492,441,6,311
07-06-2020,16404,959,11884,463,7,392
07-07-2020,16879,968,12094,475,9,210
07-08-2020,17348,978,12329,469,10,235
07-09-2020,17808,988,12637,460,10,308
07-10-2020,18242,996,13124,434,8,487
07-11-2020,18712,1004,13375,470,8,251
07-12-2020,18712,1004,13375,0,0,0
07-13-2020,19689,1018,14019,977,14,644
07-14-2020,20216,1028,14351,527,10,332
07-15-2020,20770,1040,14732,554,12,381
07-16-2020,21355,1052,15107,585,12,375
07-17-2020,21948,1057,15430,593,5,323
07-18-2020,22549,1068,15744,601,11,314
07-19-2020,23084,1078,16051,535,10,307
07-20-2020,23691,1087,16400,607,9,349
07-21-2020,24278,1100,16646,587,13,246
07-22-2020,24872,1111,16983,594,11,337
07-23-2020,25484,1124,17369,612,13,386
07-24-2020,26159,1136,17693,675,12,324
07-25-2020,26764,1146,18076,605,10,383
07-26-2020,27357,1155,18471,593,9,395
07-27-2020,27973,1163,18837,616,8,366
07-28-2020,28615,1174,19233,642,11,396
07-29-2020,29229,1186,19592,614,12,359
07-30-2020,29831,1200,20082,602,14,490
07-31-2020,30394,1210,20537,563,10,455
08-01-2020,30950,1223,20988,556,13,451
08-02-2020,31465,1231,21419,515,8,431
08-03-2020,31972,1239,21901,507,8,482
08-04-2020,32504,1248,22375,532,9,474
08-05-2020,33055,1261,22802,551,13,427
08-06-2020,33626,1273,23238,571,12,436
08-07-2020,34155,1282,23667,529,9,429
08-08-2020,34693,1293,24083,538,11,416
08-09-2020,35214,1302,24506,521,9,423
08-10-2020,35712,1312,24920,498,10,414
08-11-2020,36204,1322,25263,492,10,343
08-12-2020,36699,1333,25627,495,11,364
08-13-2020,37187,1341,26004,488,8,377
08-14-2020,37664,1351,26308,477,10,304
08-15-2020,38133,1360,26644,469,9,336
08-16-2020,38583,1370,27017,450,10,373
08-17-2020,39025,1379,27347,442,9,330
08-18-2020,39444,1391,27653,419,12,306
08-19-2020,39847,1402,27971,403,11,318
08-20-2020,40258,1411,28281,411,9,310
08-21-2020,40667,1418,28587,409,7,306
08-22-2020,41068,1424,28874,401,6,287
08-23-2020,41460,1435,29142,392,11,268
08-24-2020,41858,1446,29369,398,11,227
08-25-2020,41858,1446,29369,0,0,0
