date,totalConfirmed,totalDeaths,totalRecovered,newConfirmed,newDeaths,newRecovered
03-14-2020,1,0,0,1,0,0
03-15-2020,1,0,0,0,0,0
03-16-2020,1,0,0,0,0,0
03-17-2020,2,0,0,1,0,0
03-18-2020,2,0,0,0,0,0
03-19-2020,3,0,0,1,0,0
03-20-2020,3,0,0,0,0,0
03-21-2020,6,0,0,3,0,0
03-22-2020,6,0,0,0,0,0
03-23-2020,17,0,0,11,0,0
03-24-2020,17,0,0,0,0,0
03-25-2020,17,0,0,0,0,0
03-26-2020,17,0,0,0,0,0
03-27-2020,19,0,0,2,0,0
03-28-2020,22,0,0,3,0,0
03-29-2020,23,0,0,1,0,0
03-30-2020,30,0,0,7,0,0
03-31-2020,30,0,0,0,0,0
04-01-2020,30,0,0,0,0,0
04-02-2020,37,0,0,7,0,0
04-03-2020,38,0,0,1,0,0
04-04-2020,42,0,0,4,0,0
04-05-2020,42,1,0,0,1,0
04-06-2020,43,1,0,1,0,0
04-07-2020,45,1,36,2,0,36
04-08-2020,45,1,36,0,0,0
04-09-2020,50,1,43,5,0,7
04-10-2020,50,1,43,0,0,0
04-11-2020,51,1,43,1,0,0
04-12-2020,51,1,43,0,0,0
04-13-2020,51,1,43,0,0,0
04-14-2020,51,1,43,0,0,0
04-15-2020,51,1,43,0,0,0
04-16-2020,51,1,43,0,0,0
04-17-2020,51,2,43,0,1,0
04-18-2020,53,3,46,2,1,3
04-19-2020,53,3,46,0,0,0
04-20-2020,53,3,46,0,0,0
04-21-2020,53,3,46,0,0,0
04-22-2020,54,3,48,1,0,2
04-23-2020,54,3,48,0,0,0
04-24-2020,54,3,48,0,0,0
04-25-2020,55,3,50,1,0,2
04-26-2020,57,4,51,2,1,1
04-27-2020,57,4,51,0,0,0
04-28-2020,57,4,51,0,0,0
04-29-2020,57,4,51,0,0,0
04-30-2020,66,4,51,9,0,0
05-01-2020,66,4,51,0,0,0
05-02-2020,66,4,51,0,0,0
05-03-2020,66,4,51,0,0,0
05-04-2020,66,4,51,0,0,0
05-05-2020,66,4,51,0,0,0
05-06-2020,66,4,51,0,0,0
05-07-2020,66,4,54,0,0,3
05-08-2020,68,4,57,2,0,3
05-09-2020,68,4,57,0,0,0
05-10-2020,69,4,59,1,0,2
05-11-2020,69,5,60,0,1,1
05-12-2020,69,6,60,0,1,0
05-13-2020,69,6,61,0,0,1
05-14-2020,69,6,61,0,0,0
05-15-2020,69,6,61,0,0,0
05-16-2020,69,6,61,0,0,0
05-17-2020,69,6,61,0,0,0
05-18-2020,69,6,61,0,0,0
05-19-2020,69,6,61,0,0,0
05-20-2020,69,6,61,0,0,0
05-21-2020,69,6,61,0,0,0
05-22-2020,69,6,61,0,0,0
05-23-2020,69,6,61,0,0,0
05-24-2020,69,6,61,0,0,0
05-25-2020,69,6,61,0,0,0
05-26-2020,69,6,61,0,0,0
05-27-2020,69,6,61,0,0,0
05-28-2020,69,6,61,0,0,0
05-29-2020,69,6,61,0,0,0
05-30-2020,69,6,61,0,0,0
05-31-2020,69,6,61,0,0,0
06-01-2020,70,6,62,1,0,1
06-02-2020,70,6,62,0,0,0
06-03-2020,70,6,62,0,0,0
06-04-2020,71,6,62,1,0,0
06-05-2020,71,6,62,0,0,0
06-06-2020,71,6,62,0,0,0
06-07-2020,71,6,62,0,0,0
06-08-2020,71,6,62,0,0,0
06-09-2020,71,6,63,0,0,1
06-10-2020,72,6,64,1,0,1
06-11-2020,72,6,64,0,0,0
06-12-2020,72,6,64,0,0,0
06-13-2020,72,6,64,0,0,0
06-14-2020,72,6,64,0,0,0
06-15-2020,72,6,64,0,0,0
06-16-2020,72,6,64,0,0,0
06-17-2020,73,6,64,1,0,0
06-18-2020,73,6,64,0,0,0
06-19-2020,73,6,64,0,0,0
06-20-2020,73,6,64,0,0,0
06-21-2020,76,6,64,3,0,0
06-22-2020,76,6,64,0,0,0
06-23-2020,76,6,64,0,0,0
06-24-2020,76,6,64,0,0,0
06-25-2020,80,6,64,4,0,0
06-26-2020,81,6,67,1,0,3
06-27-2020,81,6,67,0,0,0
06-28-2020,81,6,67,0,0,0
06-29-2020,81,6,67,0,0,0
06-30-2020,81,6,67,0,0,0
07-01-2020,90,6,73,9,0,6
07-02-2020,92,6,75,2,0,2
07-03-2020,98,6,75,6,0,0
07-04-2020,111,6,76,13,0,1
07-05-2020,111,6,76,0,0,0
07-06-2020,112,6,79,1,0,3
07-07-2020,116,6,79,4,0,0
07-08-2020,122,6,80,6,0,1
07-09-2020,144,6,81,22,0,1
07-10-2020,153,6,87,9,0,6
07-11-2020,167,6,92,14,0,5
07-12-2020,181,6,93,14,0,1
07-13-2020,206,6,96,25,0,3
07-14-2020,206,6,96,0,0,0
07-15-2020,243,6,112,37,0,16
07-16-2020,249,6,120,6,0,8
07-17-2020,263,6,126,14,0,6
07-18-2020,283,6,133,20,0,7
07-19-2020,283,6,133,0,0,0
07-20-2020,304,6,135,21,0,2
07-21-2020,304,6,135,0,0,0
07-22-2020,320,7,172,16,1,37
07-23-2020,336,7,182,16,0,10
07-24-2020,352,7,236,16,0,54
07-25-2020,352,7,236,0,0,0
07-26-2020,352,7,236,0,0,0
07-27-2020,364,7,250,12,0,14
07-28-2020,375,7,292,11,0,42
07-29-2020,385,8,296,10,1,4
07-30-2020,385,8,296,0,0,0
07-31-2020,406,8,338,21,0,42
08-01-2020,421,8,341,15,0,3
08-02-2020,421,8,341,0,0,0
08-03-2020,439,8,341,18,0,0
08-04-2020,463,8,364,24,0,23
08-05-2020,481,8,374,18,0,10
08-06-2020,501,9,384,20,1,10
08-07-2020,522,9,398,21,0,14
08-08-2020,528,9,404,6,0,6
08-09-2020,528,9,404,0,0,0
08-10-2020,547,9,410,19,0,6
08-11-2020,576,9,439,29,0,29
08-12-2020,639,9,468,63,0,29
08-13-2020,682,9,476,43,0,8
08-14-2020,704,9,502,22,0,26
08-15-2020,734,9,519,30,0,17
08-16-2020,741,9,523,7,0,4
08-17-2020,760,9,525,19,0,2
08-18-2020,796,9,533,36,0,8
08-19-2020,828,9,584,32,0,51
08-20-2020,869,10,623,41,1,39
08-21-2020,932,10,649,63,0,26
08-22-2020,932,10,649,0,0,0
08-23-2020,932,10,649,0,0,0
08-24-2020,984,11,712,52,1,63
08-25-2020,984,11,712,0,0,0
