date,totalConfirmed,totalDeaths,totalRecovered,newConfirmed,newDeaths,newRecovered
02-14-2020,1,0,-1,1,0,-1
02-15-2020,1,0,-1,0,0,-1
02-16-2020,1,0,-1,0,0,-1
02-17-2020,1,0,-1,0,0,-1
02-18-2020,1,0,-1,0,0,-1
02-19-2020,1,0,-1,0,0,-1
02-20-2020,1,0,-1,0,0,-1
02-21-2020,1,0,-1,0,0,-1
02-22-2020,1,0,-1,0,0,-1
02-23-2020,1,0,-1,0,0,-1
02-24-2020,1,0,-1,0,0,-1
02-25-2020,1,0,-1,0,0,-1
02-26-2020,1,0,-1,0,0,-1
02-27-2020,1,0,-1,0,0,-1
02-28-2020,1,0,-1,0,0,-1
02-29-2020,1,0,-1,0,0,-1
03-01-2020,1,0,-1,0,0,-1
03-02-2020,2,0,-1,1,0,-1
03-03-2020,2,0,-1,0,0,-1
03-04-2020,2,0,-1,0,0,-1
03-05-2020,3,0,-1,1,0,-1
03-06-2020,3,0,-1,0,0,-1
03-07-2020,48,0,-1,45,0,-1
03-08-2020,49,1,-1,1,1,-1
03-09-2020,59,1,-1,10,0,-1
03-10-2020,59,1,-1,0,0,-1
03-11-2020,67,1,-1,8,0,-1
03-12-2020,67,1,-1,0,0,-1
03-13-2020,67,1,-1,0,0,-1
03-14-2020,93,2,-1,26,1,-1
03-15-2020,110,2,-1,17,0,-1
03-16-2020,126,2,-1,16,0,-1
03-17-2020,166,4,-1,40,2,-1
03-18-2020,196,6,-1,30,2,-1
03-19-2020,210,6,-1,14,0,-1
03-20-2020,256,7,-1,46,1,-1
03-21-2020,285,8,-1,29,1,-1
03-22-2020,294,10,-1,9,2,-1
03-23-2020,327,14,-1,33,4,-1
03-24-2020,366,19,-1,39,5,-1
03-25-2020,442,21,-1,76,2,-1
03-26-2020,456,21,-1,14,0,-1
03-27-2020,495,24,-1,39,3,-1
03-28-2020,536,30,-1,41,6,-1
03-29-2020,576,36,-1,40,6,-1
03-30-2020,609,40,-1,33,4,-1
03-31-2020,656,41,-1,47,1,-1
04-01-2020,710,46,-1,54,5,-1
04-02-2020,779,52,-1,69,6,-1
04-03-2020,865,58,-1,86,6,-1
04-04-2020,985,66,-1,120,8,-1
04-05-2020,1070,71,-1,85,5,-1
04-06-2020,1173,78,-1,103,7,-1
04-07-2020,1322,85,-1,149,7,-1
04-08-2020,1450,94,-1,128,9,-1
04-09-2020,1560,103,-1,110,9,-1
04-10-2020,1699,118,-1,139,15,-1
04-11-2020,1794,135,-1,95,17,-1
04-12-2020,1939,146,-1,145,11,-1
04-13-2020,2065,159,-1,126,13,-1
04-14-2020,2190,164,-1,125,5,-1
04-15-2020,2350,178,-1,160,14,-1
04-16-2020,2505,183,-1,155,5,-1
04-17-2020,2673,196,-1,168,13,-1
04-18-2020,2844,205,-1,171,9,-1
04-19-2020,3032,224,-1,188,19,-1
04-20-2020,3144,239,-1,112,15,-1
04-21-2020,3333,250,-1,189,11,-1
04-22-2020,3490,264,-1,157,14,-1
04-23-2020,3659,276,-1,169,12,-1
04-24-2020,4092,294,-1,433,18,-1
04-25-2020,4092,294,-1,0,0,-1
04-26-2020,4319,307,-1,227,13,-1
04-27-2020,4782,337,-1,463,30,-1
04-28-2020,5042,359,-1,260,22,-1
04-29-2020,5268,380,-1,226,21,-1
04-30-2020,5537,392,-1,269,12,-1
05-01-2020,5895,406,-1,358,14,-1
05-02-2020,5895,406,-1,0,0,-1
05-03-2020,6193,415,-1,298,9,-1
05-04-2020,6465,429,-1,272,14,-1
05-05-2020,7201,452,-1,736,23,-1
05-06-2020,7588,469,-1,387,17,-1
05-07-2020,7588,469,-1,0,0,-1
05-08-2020,7981,482,-1,393,13,-1
05-09-2020,8476,503,-1,495,21,-1
05-10-2020,9400,525,-1,924,22,-1
05-11-2020,9746,533,-1,346,8,-1
05-12-2020,9746,533,-1,0,0,-1
05-13-2020,10431,556,-1,685,23,-1
05-14-2020,10829,571,-1,398,15,-1
05-15-2020,10829,571,-1,0,0,-1
05-16-2020,11228,592,-1,399,21,-1
05-17-2020,11719,612,-1,491,20,-1
05-18-2020,12229,630,-1,510,18,-1
05-19-2020,12764,645,-1,535,15,-1
05-20-2020,14229,680,-1,1465,35,-1
05-21-2020,14229,680,-1,0,0,-1
05-22-2020,15003,696,-1,774,16,-1
05-23-2020,15786,707,-1,783,11,-1
05-24-2020,16513,735,-1,727,28,-1
05-25-2020,17265,764,-1,752,29,-1
05-26-2020,17967,783,-1,702,19,-1
05-27-2020,18756,797,-1,789,14,-1
05-28-2020,19666,816,-1,910,19,-1
05-29-2020,20793,845,-1,1127,29,-1
05-30-2020,22082,879,-1,1289,34,-1
05-31-2020,23449,913,-1,1367,34,-1
06-01-2020,24985,959,-1,1536,46,-1
06-02-2020,26384,1005,-1,1399,46,-1
06-03-2020,27536,1052,-1,1152,47,-1
06-04-2020,28615,1088,-1,1079,36,-1
06-05-2020,29767,1126,-1,1152,38,-1
06-06-2020,31115,1166,-1,1348,40,-1
06-07-2020,32612,1198,-1,1497,32,-1
06-08-2020,34079,1237,-1,1467,39,-1
06-09-2020,35444,1271,-1,1365,34,-1
06-10-2020,38284,1342,10286,2840,71,-1
06-11-2020,39726,1377,10691,1442,35,405
06-12-2020,41303,1422,11108,1577,45,417
06-13-2020,42980,1484,11529,1677,62,421
06-14-2020,44598,1575,11931,1618,91,402
06-15-2020,46289,1672,12329,1691,97,398
06-16-2020,47856,1766,12730,1567,94,401
06-17-2020,49219,1850,13141,1363,84,411
06-18-2020,50437,1938,13528,1218,88,387
06-19-2020,52211,2017,13928,1774,79,400
06-20-2020,53758,2106,14327,1547,89,399
06-21-2020,55233,2193,14736,1475,87,409
06-22-2020,56809,2278,15133,1576,85,397
06-23-2020,58141,2365,15535,1332,87,402
06-24-2020,59561,2450,15935,1420,85,400
06-25-2020,61130,2533,16338,1569,83,403
06-26-2020,62755,2620,16737,1625,87,399
06-27-2020,63923,2708,17140,1168,88,403
06-28-2020,65188,2789,17539,1265,81,399
06-29-2020,66754,2872,17951,1566,83,412
06-30-2020,68311,2953,18460,1557,81,509
07-01-2020,69814,3034,18881,1503,81,421
07-02-2020,69814,3034,18881,0,0,0
07-03-2020,72711,3201,19690,2897,167,809
07-04-2020,74035,3280,20103,1324,79,413
07-05-2020,75253,3343,20726,1218,63,623
07-06-2020,76222,3422,21238,969,79,512
07-07-2020,77279,3489,21718,1057,67,480
07-08-2020,78304,3564,22241,1025,75,523
07-09-2020,79254,3617,22753,950,53,512
07-10-2020,80235,3702,23274,981,85,521
07-11-2020,80235,3702,23274,0,0,0
07-12-2020,81158,3769,23274,923,67,0
07-13-2020,82070,3858,24419,912,89,1145
07-14-2020,83001,3935,24975,931,77,556
07-15-2020,83930,4008,24975,929,73,0
07-16-2020,84843,4067,26135,913,59,1160
07-17-2020,85771,4120,26691,928,53,556
07-18-2020,87172,4251,27868,1401,131,1177
07-19-2020,87172,4251,27868,0,0,0
07-20-2020,88402,4352,28924,1230,101,1056
07-21-2020,89078,4399,29473,676,47,549
07-22-2020,89745,4440,30075,667,41,602
07-23-2020,90413,4480,31066,668,40,991
07-24-2020,91072,4518,31970,659,38,904
07-25-2020,91583,4558,32903,511,40,933
07-26-2020,92062,4606,33831,479,48,928
07-27-2020,92482,4652,34838,420,46,1007
07-28-2020,92947,4691,35959,465,39,1121
07-29-2020,93356,4728,37025,409,37,1066
07-30-2020,93757,4774,38236,401,46,1211
07-31-2020,94078,4805,39638,321,31,1402
08-01-2020,94316,4834,41137,238,29,1499
08-02-2020,94483,4865,42455,167,31,1318
08-03-2020,94640,4888,44066,157,23,1611
08-04-2020,94752,4912,45569,112,24,1503
08-05-2020,94875,4930,47182,123,18,1613
08-06-2020,95006,4951,48898,131,21,1716
08-07-2020,95147,4951,50553,141,0,1655
08-08-2020,95314,4992,51672,167,41,1119
08-09-2020,95492,5009,52678,178,17,1006
08-10-2020,95666,5035,53779,174,26,1101
08-11-2020,95834,5059,54888,168,24,1109
08-12-2020,95963,5085,55901,129,26,1013
08-13-2020,96108,5107,56890,145,22,989
08-14-2020,96220,5124,57858,112,17,968
08-15-2020,96336,5141,58835,116,17,977
08-16-2020,96475,5160,59743,139,19,908
08-17-2020,96475,5160,59743,0,0,0
08-18-2020,96753,5184,61562,278,24,1819
08-19-2020,96914,5197,62553,161,13,991
08-20-2020,96914,5197,62553,0,0,0
08-21-2020,97148,5231,64318,234,34,1765
08-22-2020,97237,5243,65118,89,12,800
08-23-2020,97340,5262,65927,103,19,809
08-24-2020,97340,5262,65927,0,0,0
08-25-2020,97478,5280,66817,138,18,890
