date,totalConfirmed,totalDeaths,totalRecovered,newConfirmed,newDeaths,newRecovered
03-11-2020,2,0,-1,2,0,-1
03-12-2020,2,0,-1,0,0,-1
03-13-2020,2,0,-1,0,0,-1
03-14-2020,3,0,-1,1,0,-1
03-15-2020,3,0,-1,0,0,-1
03-16-2020,15,0,-1,12,0,-1
03-17-2020,20,0,-1,5,0,-1
03-18-2020,26,1,-1,6,1,-1
03-19-2020,40,1,-1,14,0,-1
03-20-2020,40,1,-1,0,0,-1
03-21-2020,72,3,-1,32,2,-1
03-22-2020,75,3,-1,3,0,-1
03-23-2020,75,3,-1,0,0,-1
03-24-2020,99,3,-1,24,0,-1
03-25-2020,114,3,-1,15,0,-1
03-26-2020,146,3,-1,32,0,-1
03-27-2020,146,3,-1,0,0,-1
03-28-2020,146,3,-1,0,0,-1
03-29-2020,146,3,-1,0,0,-1
03-30-2020,222,12,-1,76,9,-1
03-31-2020,246,12,-1,24,0,-1
04-01-2020,261,14,-1,15,2,-1
04-02-2020,261,14,-1,0,0,-1
04-03-2020,261,15,-1,0,1,-1
04-04-2020,302,15,-1,41,0,-1
04-05-2020,302,15,-1,0,0,-1
04-06-2020,345,17,-1,43,2,-1
04-07-2020,345,17,-1,0,0,-1
04-08-2020,384,18,-1,39,1,-1
04-09-2020,384,19,-1,0,1,-1
04-10-2020,414,19,-1,30,0,-1
04-11-2020,443,19,-1,29,0,-1
04-12-2020,443,19,-1,0,0,-1
04-13-2020,443,19,-1,0,0,-1
04-14-2020,497,27,-1,54,8,-1
04-15-2020,515,28,-1,18,1,-1
04-16-2020,528,28,-1,13,0,-1
04-17-2020,543,32,-1,15,4,-1
04-18-2020,547,32,-1,4,0,-1
04-19-2020,547,32,-1,0,0,-1
04-20-2020,565,36,-1,18,4,-1
04-21-2020,576,36,-1,11,0,-1
04-22-2020,581,38,-1,5,2,-1
04-23-2020,600,38,-1,19,0,-1
04-24-2020,600,38,-1,0,0,-1
04-25-2020,616,41,-1,16,3,-1
04-26-2020,629,41,-1,13,0,-1
04-27-2020,632,42,-1,3,1,-1
04-28-2020,632,42,-1,0,0,-1
04-29-2020,638,42,-1,6,0,-1
04-30-2020,638,42,-1,0,0,-1
05-01-2020,645,43,-1,7,1,-1
05-02-2020,649,44,-1,4,1,-1
05-03-2020,652,44,-1,3,0,-1
05-04-2020,662,45,-1,10,1,-1
05-05-2020,672,46,-1,10,1,-1
05-06-2020,689,48,-1,17,2,-1
05-07-2020,729,48,-1,40,0,-1
05-08-2020,736,48,-1,7,0,-1
05-09-2020,736,48,-1,0,0,-1
05-10-2020,748,48,-1,12,0,-1
05-11-2020,751,49,-1,3,1,-1
05-12-2020,760,50,-1,9,1,-1
05-13-2020,766,51,-1,6,1,-1
05-14-2020,773,51,-1,7,0,-1
05-15-2020,773,51,-1,0,0,-1
05-16-2020,780,51,-1,7,0,-1
05-17-2020,782,51,-1,2,0,-1
05-18-2020,796,51,-1,14,0,-1
05-19-2020,796,51,-1,0,0,-1
05-20-2020,806,52,-1,10,1,-1
05-21-2020,809,52,-1,3,0,-1
05-22-2020,812,52,-1,3,0,-1
05-23-2020,814,52,-1,2,0,-1
05-24-2020,831,52,-1,17,0,-1
05-25-2020,832,52,-1,1,0,-1
05-26-2020,841,52,-1,9,0,-1
05-27-2020,845,53,-1,4,1,-1
05-28-2020,845,53,-1,0,0,-1
05-29-2020,847,53,-1,2,0,-1
05-30-2020,847,53,-1,0,0,-1
05-31-2020,853,53,-1,6,0,-1
06-01-2020,881,53,-1,28,0,-1
06-02-2020,883,53,-1,2,0,-1
06-03-2020,884,53,-1,1,0,-1
06-04-2020,884,53,-1,0,0,-1
06-05-2020,885,53,-1,1,0,-1
06-06-2020,885,53,-1,0,0,-1
06-07-2020,888,53,-1,3,0,-1
06-08-2020,888,53,-1,0,0,-1
06-09-2020,890,53,-1,2,0,-1
06-10-2020,891,53,765,1,0,-1
06-11-2020,892,53,790,1,0,25
06-12-2020,892,53,790,0,0,0
06-13-2020,892,53,790,0,0,0
06-14-2020,892,53,790,0,0,0
06-15-2020,894,53,804,2,0,14
06-16-2020,895,53,807,1,0,3
06-17-2020,899,53,809,4,0,2
06-18-2020,899,53,809,0,0,0
06-19-2020,900,53,810,1,0,1
06-20-2020,901,53,810,1,0,0
06-21-2020,903,53,814,2,0,4
06-22-2020,903,53,814,0,0,0
06-23-2020,907,53,823,4,0,9
06-24-2020,934,53,825,27,0,2
06-25-2020,941,53,826,7,0,1
06-26-2020,941,53,826,0,0,0
06-27-2020,941,53,826,0,0,0
06-28-2020,959,53,830,18,0,4
06-29-2020,959,53,830,0,0,0
06-30-2020,959,53,830,0,0,0
07-01-2020,962,53,838,3,0,8
07-02-2020,962,53,838,0,0,0
07-03-2020,987,53,852,25,0,14
07-04-2020,987,53,852,0,0,0
07-05-2020,987,53,852,0,0,0
07-06-2020,1000,53,858,13,0,6
07-07-2020,1000,53,858,0,0,0
07-08-2020,1003,53,858,3,0,0
07-09-2020,1003,53,858,0,0,0
07-10-2020,1020,53,862,17,0,4
07-11-2020,1020,54,862,0,1,0
07-12-2020,1020,54,862,0,0,0
07-13-2020,1033,53,862,13,-1,0
07-14-2020,1036,53,862,3,0,0
07-15-2020,1037,53,862,1,0,0
07-16-2020,1038,53,862,1,0,0
07-17-2020,1038,53,882,0,0,20
07-18-2020,1047,53,887,9,0,5
07-19-2020,1047,53,887,0,0,0
07-20-2020,1065,53,887,18,0,0
07-21-2020,1065,53,887,0,0,0
07-22-2020,1066,53,917,1,0,30
07-23-2020,1066,53,917,0,0,0
07-24-2020,1075,53,920,9,0,3
07-25-2020,1075,53,920,0,0,0
07-26-2020,1086,53,920,11,0,0
07-27-2020,1100,53,926,14,0,6
07-28-2020,1105,53,926,5,0,0
07-29-2020,1105,53,931,0,0,5
07-30-2020,1106,53,935,1,0,4
07-31-2020,1117,53,935,11,0,0
08-01-2020,1143,53,935,26,0,0
08-02-2020,1143,53,935,0,0,0
08-03-2020,1150,53,947,7,0,12
08-04-2020,1153,54,947,3,1,0
08-05-2020,1153,54,947,0,0,0
08-06-2020,1158,54,961,5,0,14
08-07-2020,1158,54,961,0,0,0
08-08-2020,1175,54,974,17,0,13
08-09-2020,1175,54,974,0,0,0
08-10-2020,1204,54,984,29,0,10
08-11-2020,1211,54,990,7,0,6
08-12-2020,1211,54,990,0,0,0
08-13-2020,1213,54,990,2,0,0
08-14-2020,1228,54,990,15,0,0
08-15-2020,1238,54,990,10,0,0
08-16-2020,1267,55,1013,29,1,23
08-17-2020,1267,55,1013,0,0,0
08-18-2020,1280,55,1018,13,0,5
08-19-2020,1280,55,1018,0,0,0
08-20-2020,1285,55,1018,5,0,0
08-21-2020,1297,55,1034,12,0,16
08-22-2020,1297,55,1034,0,0,0
08-23-2020,1297,55,1034,0,0,0
08-24-2020,1328,55,1034,31,0,0
08-25-2020,1328,55,1034,0,0,0
