date,totalConfirmed,totalDeaths,totalRecovered,newConfirmed,newDeaths,newRecovered
03-14-2020,1,0,-1,1,0,-1
03-15-2020,1,0,-1,0,0,-1
03-16-2020,1,0,-1,0,0,-1
03-17-2020,1,0,-1,0,0,-1
03-18-2020,1,0,-1,0,0,-1
03-19-2020,1,0,-1,0,0,-1
03-20-2020,1,0,-1,0,0,-1
03-21-2020,1,0,-1,0,0,-1
03-22-2020,1,0,-1,0,0,-1
03-23-2020,4,0,-1,3,0,-1
03-24-2020,4,0,-1,0,0,-1
03-25-2020,4,0,-1,0,0,-1
03-26-2020,4,0,-1,0,0,-1
03-27-2020,6,0,-1,2,0,-1
03-28-2020,9,0,-1,3,0,-1
03-29-2020,9,0,-1,0,0,-1
03-30-2020,9,0,-1,0,0,-1
03-31-2020,9,0,-1,0,0,-1
04-01-2020,9,0,-1,0,0,-1
04-02-2020,9,0,-1,0,0,-1
04-03-2020,9,0,-1,0,0,-1
04-04-2020,9,0,-1,0,0,-1
04-05-2020,9,0,-1,0,0,-1
04-06-2020,9,0,-1,0,0,-1
04-07-2020,9,0,-1,0,0,-1
04-08-2020,10,0,-1,1,0,-1
04-09-2020,12,0,-1,2,0,-1
04-10-2020,12,0,-1,0,0,-1
04-11-2020,12,0,-1,0,0,-1
04-12-2020,12,0,-1,0,0,-1
04-13-2020,14,0,-1,2,0,-1
04-14-2020,14,0,-1,0,0,-1
04-15-2020,15,0,-1,1,0,-1
04-16-2020,16,0,-1,1,0,-1
04-17-2020,16,1,-1,0,1,-1
04-18-2020,19,1,-1,3,0,-1
04-19-2020,22,1,-1,3,0,-1
04-20-2020,22,1,-1,0,0,-1
04-21-2020,24,1,-1,2,0,-1
04-22-2020,24,1,-1,0,0,-1
04-23-2020,31,1,-1,7,0,-1
04-24-2020,31,1,-1,0,0,-1
04-25-2020,40,1,-1,9,0,-1
04-26-2020,56,1,-1,16,0,-1
04-27-2020,59,1,-1,3,0,-1
04-28-2020,65,1,-1,6,0,-1
04-29-2020,71,1,-1,6,0,-1
04-30-2020,91,1,-1,20,0,-1
05-01-2020,100,1,-1,9,0,-1
05-02-2020,106,1,-1,6,0,-1
05-03-2020,108,1,-1,2,0,-1
05-04-2020,112,1,-1,4,0,-1
05-05-2020,116,1,-1,4,0,-1
05-06-2020,119,1,-1,3,0,-1
05-07-2020,123,2,-1,4,1,-1
05-08-2020,153,2,-1,30,0,-1
05-09-2020,159,2,-1,6,0,-1
05-10-2020,163,2,-1,4,0,-1
05-11-2020,172,2,-1,9,0,-1
05-12-2020,175,2,-1,3,0,-1
05-13-2020,184,2,-1,9,0,-1
05-14-2020,187,2,-1,3,0,-1
05-15-2020,187,2,-1,0,0,-1
05-16-2020,190,2,-1,3,0,-1
05-17-2020,202,2,-1,12,0,-1
05-18-2020,203,2,-1,1,0,-1
05-19-2020,205,2,-1,2,0,-1
05-20-2020,208,2,-1,3,0,-1
05-21-2020,217,2,-1,9,0,-1
05-22-2020,220,2,-1,3,0,-1
05-23-2020,225,2,-1,5,0,-1
05-24-2020,238,2,-1,13,0,-1
05-25-2020,250,2,-1,12,0,-1
05-26-2020,256,2,-1,6,0,-1
05-27-2020,261,2,-1,5,0,-1
05-28-2020,272,2,-1,11,0,-1
05-29-2020,279,2,-1,7,0,-1
05-30-2020,279,2,-1,0,0,-1
05-31-2020,283,2,-1,4,0,-1
06-01-2020,285,2,-1,2,0,-1
06-02-2020,293,3,-1,8,1,-1
06-03-2020,294,3,-1,1,0,-1
06-04-2020,295,3,-1,1,0,-1
06-05-2020,300,3,-1,5,0,-1
06-06-2020,305,3,-1,5,0,-1
06-07-2020,322,3,-1,17,0,-1
06-08-2020,333,3,-1,11,0,-1
06-09-2020,340,3,-1,7,0,-1
06-10-2020,398,3,236,58,0,-1
06-11-2020,449,3,238,51,0,2
06-12-2020,472,3,246,23,0,8
06-13-2020,486,3,247,14,0,1
06-14-2020,486,3,247,0,0,0
06-15-2020,506,4,249,20,1,2
06-16-2020,520,4,259,14,0,10
06-17-2020,563,4,262,43,0,3
06-18-2020,586,4,267,23,0,5
06-19-2020,623,4,276,37,0,9
06-20-2020,627,5,285,4,1,9
06-21-2020,635,5,285,8,0,0
06-22-2020,643,6,291,8,1,6
06-23-2020,674,7,319,31,1,28
06-24-2020,690,7,331,16,0,12
06-25-2020,706,8,347,16,1,16
06-26-2020,728,8,367,22,0,20
06-27-2020,728,8,367,0,0,0
06-28-2020,781,11,372,53,3,5
06-29-2020,795,11,380,14,0,8
06-30-2020,795,11,380,0,0,0
07-01-2020,840,11,418,45,0,38
07-02-2020,840,11,418,0,0,0
07-03-2020,909,13,515,69,2,97
07-04-2020,909,13,515,0,0,0
07-05-2020,988,13,547,79,0,32
07-06-2020,1011,13,564,23,0,17
07-07-2020,1011,13,564,0,0,0
07-08-2020,1138,13,588,127,0,24
07-09-2020,1138,13,588,0,0,0
07-10-2020,1257,13,633,119,0,45
07-11-2020,1257,13,633,0,0,0
07-12-2020,1257,13,633,0,0,0
07-13-2020,1257,13,633,0,0,0
07-14-2020,1257,13,633,0,0,0
07-15-2020,1257,13,633,0,0,0
07-16-2020,1552,21,736,295,8,103
07-17-2020,1552,21,736,0,0,0
07-18-2020,1729,21,788,177,0,52
07-19-2020,1729,21,788,0,0,0
07-20-2020,1729,21,788,0,0,0
07-21-2020,1729,21,788,0,0,0
07-22-2020,1938,25,876,209,4,88
07-23-2020,1938,25,876,0,0,0
07-24-2020,2073,25,929,135,0,53
07-25-2020,2073,25,929,0,0,0
07-26-2020,2207,32,986,134,7,57
07-27-2020,2316,34,1025,109,2,39
07-28-2020,2404,39,1025,88,5,0
07-29-2020,2551,40,1070,147,1,45
07-30-2020,2577,40,1134,26,0,64
07-31-2020,2648,41,1214,71,1,80
08-01-2020,2706,43,1214,58,2,0
08-02-2020,2775,43,1214,69,0,0
08-03-2020,2838,45,1253,63,2,39
08-04-2020,2856,49,1258,18,4,5
08-05-2020,2909,53,1385,53,4,127
08-06-2020,2968,55,1476,59,2,91
08-07-2020,3036,56,1476,68,1,0
08-08-2020,3128,56,1565,92,0,89
08-09-2020,3236,58,1607,108,2,42
08-10-2020,3309,61,1634,73,3,27
08-11-2020,3410,63,1720,101,2,86
08-12-2020,3410,63,1720,0,0,0
08-13-2020,3410,63,1720,0,0,0
08-14-2020,3410,63,1720,0,0,0
08-15-2020,3410,63,1720,0,0,0
08-16-2020,3839,70,2268,429,7,548
08-17-2020,3839,70,2268,0,0,0
08-18-2020,3989,76,2587,150,6,319
08-19-2020,3989,76,2587,0,0,0
08-20-2020,3989,76,2587,0,0,0
08-21-2020,3989,76,2587,0,0,0
08-22-2020,3989,76,2587,0,0,0
08-23-2020,3989,76,2587,0,0,0
08-24-2020,3989,76,2587,0,0,0
08-25-2020,3989,76,2587,0,0,0
