region,region_name,Projected Demand (%),Hospitalizations (Median),Lower Hospitalization Bound,Upper Hospitalization Bound,Lower Projected Demand Bound,Upper Projected Demand Bound,Total Hospitalizations (Range),Total Projected Demand (Range),Max Occupied Beds,Lower Max Occupied Beds,Upper Max Occupied Beds,Last Update,Type
1,AL- BIRMINGHAM,114.1,2880,2697,3135,101.85,132.04,2880 [2697 - 3135],114.1% [101.85% - 132.04%],2880,1845,4395,05-18-2021,projected
2,AL- DOTHAN,85.57,76,72,83,83.69,88.28,76 [72 - 83],85.57% [83.69% - 88.28%],74,49,110,05-18-2021,projected
5,AL- HUNTSVILLE,85.43,104,97,114,83.46,88.56,104 [97 - 114],85.43% [83.46% - 88.56%],102,65,161,05-18-2021,projected
6,AL- MOBILE,82.59,74,69,79,81.44,83.68,74 [69 - 79],82.59% [81.44% - 83.68%],74,41,105,05-18-2021,projected
7,AL- MONTGOMERY,86.14,95,87,120,83.82,94.62,95 [87 - 120],86.14% [83.82% - 94.62%],95,59,226,05-18-2021,projected
9,AL- TUSCALOOSA,82.1,21,20,24,81.6,82.91,21 [20 - 24],82.1% [81.6% - 82.91%],21,16,29,05-18-2021,projected
11,AZ- MESA,86.26,120,113,133,84.44,90.71,120 [113 - 133],86.26% [84.44% - 90.71%],124,88,212,05-18-2021,projected
12,AZ- PHOENIX,83.6,263,248,295,82.52,86.14,263 [248 - 295],83.6% [82.52% - 86.14%],273,191,465,05-18-2021,projected
14,AZ- SUN CITY,82.59,21,20,23,81.85,84.44,21 [20 - 23],82.59% [81.85% - 84.44%],21,15,36,05-18-2021,projected
15,AZ- TUCSON,81.74,38,36,44,81.27,82.97,38 [36 - 44],81.74% [81.27% - 82.97%],44,32,75,05-18-2021,projected
16,AR- FORT SMITH,80.0,0,0,2,80.0,81.09,0 [0 - 2],80.0% [80.0% - 81.09%],0,0,14,05-18-2021,projected
18,AR- JONESBORO,81.55,14,14,14,81.55,81.55,14 [14 - 14],81.55% [81.55% - 81.55%],14,14,14,05-18-2021,projected
19,AR- LITTLE ROCK,82.53,146,138,162,81.7,84.07,146 [138 - 162],82.53% [81.7% - 84.07%],146,98,235,05-18-2021,projected
21,AR- SPRINGDALE,86.62,60,56,66,85.11,88.42,60 [56 - 66],86.62% [85.11% - 88.42%],70,54,89,05-18-2021,projected
22,AR- TEXARKANA,82.86,30,28,35,82.04,85.2,30 [28 - 35],82.86% [82.04% - 85.2%],28,20,51,05-18-2021,projected
23,CA- ORANGE CO.,80.25,14,12,17,80.13,80.48,14 [12 - 17],80.25% [80.13% - 80.48%],19,10,37,05-18-2021,projected
25,CA- BAKERSFIELD,81.3,46,41,50,80.55,81.94,46 [41 - 50],81.3% [80.55% - 81.94%],47,20,70,05-18-2021,projected
31,CA- CHICO,82.5,14,13,14,81.72,82.5,14 [13 - 14],82.5% [81.72% - 82.5%],16,11,16,05-18-2021,projected
33,CA- CONTRA COSTA CO.,81.95,30,28,33,81.3,82.75,30 [28 - 33],81.95% [81.3% - 82.75%],39,26,55,05-18-2021,projected
43,CA- FRESNO,80.83,14,12,16,80.44,81.31,14 [12 - 16],80.83% [80.44% - 81.31%],19,10,30,05-18-2021,projected
56,CA- LOS ANGELES,80.18,32,28,38,80.08,80.37,32 [28 - 38],80.18% [80.08% - 80.37%],45,19,92,05-18-2021,projected
58,CA- MODESTO,81.51,12,9,15,80.52,82.04,12 [9 - 15],81.51% [80.52% - 82.04%],26,9,35,05-18-2021,projected
62,CA- NAPA,81.55,7,7,7,81.55,81.55,7 [7 - 7],81.55% [81.55% - 81.55%],9,9,9,05-18-2021,projected
65,CA- ALAMEDA CO.,81.42,38,35,41,81.07,81.83,38 [35 - 41],81.42% [81.07% - 81.83%],48,36,62,05-18-2021,projected
69,CA- PALM SPR/RANCHO MIR.,80.38,0,0,1,80.09,80.57,0 [0 - 1],80.38% [80.09% - 80.57%],4,1,6,05-18-2021,projected
73,CA- REDDING,84.07,35,34,38,82.59,84.9,35 [34 - 38],84.07% [82.59% - 84.9%],44,28,53,05-18-2021,projected
77,CA- SACRAMENTO,82.22,77,73,82,81.53,82.74,77 [73 - 82],82.22% [81.53% - 82.74%],106,73,131,05-18-2021,projected
78,CA- SALINAS,81.01,7,6,7,80.0,81.01,7 [6 - 7],81.01% [80.0% - 81.01%],8,0,8,05-18-2021,projected
79,CA- SAN BERNARDINO,80.5,17,15,22,80.16,80.93,17 [15 - 22],80.5% [80.16% - 80.93%],29,9,54,05-18-2021,projected
80,CA- SAN DIEGO,81.31,72,66,78,80.87,81.76,72 [66 - 78],81.31% [80.87% - 81.76%],92,61,124,05-18-2021,projected
81,CA- SAN FRANCISCO,80.71,21,19,24,80.34,80.87,21 [19 - 24],80.71% [80.34% - 80.87%],36,17,44,05-18-2021,projected
82,CA- SAN JOSE,80.66,14,13,15,80.5,80.99,14 [13 - 15],80.66% [80.5% - 80.99%],20,15,30,05-18-2021,projected
83,CA- SAN LUIS OBISPO,80.0,0,0,0,80.0,80.0,0 [0 - 0],80.0% [80.0% - 80.0%],0,0,0,05-18-2021,projected
85,CA- SAN MATEO CO.,80.52,7,7,9,80.37,80.74,7 [7 - 9],80.52% [80.37% - 80.74%],14,10,20,05-18-2021,projected
86,CA- SANTA BARBARA,80.52,0,0,1,80.0,80.83,0 [0 - 1],80.52% [80.0% - 80.83%],5,0,8,05-18-2021,projected
87,CA- SANTA CRUZ,80.56,0,0,0,80.28,80.56,0 [0 - 0],80.56% [80.28% - 80.56%],2,1,2,05-18-2021,projected
89,CA- SANTA ROSA,80.48,7,6,8,80.11,80.91,7 [6 - 8],80.48% [80.11% - 80.91%],9,2,17,05-18-2021,projected
91,CA- STOCKTON,81.22,7,6,8,80.66,81.69,7 [6 - 8],81.22% [80.66% - 81.69%],13,7,18,05-18-2021,projected
96,CA- VENTURA,80.57,7,6,8,80.45,81.08,7 [6 - 8],80.57% [80.45% - 81.08%],9,7,17,05-18-2021,projected
101,CO- BOULDER,82.11,7,7,8,81.68,82.74,7 [7 - 8],82.11% [81.68% - 82.74%],10,8,13,05-18-2021,projected
102,CO- COLORADO SPRINGS,93.14,126,119,134,89.95,96.81,126 [119 - 134],93.14% [89.95% - 96.81%],136,103,174,05-18-2021,projected
103,CO- DENVER,85.92,249,236,263,84.58,87.64,249 [236 - 263],85.92% [84.58% - 87.64%],283,219,365,05-18-2021,projected
104,CO- FORT COLLINS,85.16,28,27,31,84.23,87.2,28 [27 - 31],85.16% [84.23% - 87.2%],33,27,46,05-18-2021,projected
105,CO- GRAND JUNCTION,84.42,35,33,37,83.28,85.56,35 [33 - 37],84.42% [83.28% - 85.56%],35,26,44,05-18-2021,projected
106,CO- GREELEY,83.86,26,24,28,82.7,84.76,26 [24 - 28],83.86% [82.7% - 84.76%],30,21,37,05-18-2021,projected
107,CO- PUEBLO,81.75,14,13,15,81.25,82.26,14 [13 - 15],81.75% [81.25% - 82.26%],14,10,18,05-18-2021,projected
109,CT- BRIDGEPORT,80.83,8,7,9,80.65,81.0,8 [7 - 9],80.83% [80.65% - 81.0%],14,11,17,05-18-2021,projected
110,CT- HARTFORD,81.54,32,30,35,81.07,82.21,32 [30 - 35],81.54% [81.07% - 82.21%],50,35,72,05-18-2021,projected
111,CT- NEW HAVEN,81.04,27,26,28,80.78,81.27,27 [26 - 28],81.04% [80.78% - 81.27%],40,30,49,05-18-2021,projected
112,DE- WILMINGTON,82.36,30,28,33,81.66,82.69,30 [28 - 33],82.36% [81.66% - 82.69%],44,31,50,05-18-2021,projected
113,DC- WASHINGTON,81.95,77,71,85,81.37,82.5,77 [71 - 85],81.95% [81.37% - 82.5%],107,75,137,05-18-2021,projected
115,FL- BRADENTON,83.81,21,20,23,83.24,84.8,21 [20 - 23],83.81% [83.24% - 84.8%],27,23,34,05-18-2021,projected
116,FL- CLEARWATER,81.04,11,10,12,80.86,81.28,11 [10 - 12],81.04% [80.86% - 81.28%],17,14,21,05-18-2021,projected
118,FL- FORT LAUDERDALE,81.64,106,101,113,81.25,82.1,106 [101 - 113],81.64% [81.25% - 82.1%],143,109,183,05-18-2021,projected
119,FL- FORT MYERS,83.84,127,120,134,82.93,84.7,127 [120 - 134],83.84% [82.93% - 84.7%],147,112,180,05-18-2021,projected
120,FL- GAINESVILLE,81.14,21,19,22,81.03,81.74,21 [19 - 22],81.14% [81.03% - 81.74%],21,19,32,05-18-2021,projected
122,FL- HUDSON,82.56,27,26,29,82.24,83.19,27 [26 - 29],82.56% [82.24% - 83.19%],32,28,40,05-18-2021,projected
123,FL- JACKSONVILLE,82.61,105,98,114,81.85,83.4,105 [98 - 114],82.61% [81.85% - 83.4%],128,91,167,05-18-2021,projected
124,FL- LAKELAND,83.93,34,32,36,83.0,84.68,34 [32 - 36],83.93% [83.0% - 84.68%],42,32,50,05-18-2021,projected
127,FL- MIAMI,81.31,94,85,103,80.71,81.87,94 [85 - 103],81.31% [80.71% - 81.87%],141,77,202,05-18-2021,projected
129,FL- OCALA,82.19,28,27,29,81.83,83.14,28 [27 - 29],82.19% [81.83% - 83.14%],30,25,43,05-18-2021,projected
130,FL- ORLANDO,82.86,241,229,254,82.13,83.55,241 [229 - 254],82.86% [82.13% - 83.55%],296,221,368,05-18-2021,projected
131,FL- ORMOND BEACH,81.21,13,12,14,80.91,81.45,13 [12 - 14],81.21% [80.91% - 81.45%],20,15,24,05-18-2021,projected
133,FL- PANAMA CITY,81.81,7,7,8,80.9,81.96,7 [7 - 8],81.81% [80.9% - 81.96%],12,6,13,05-18-2021,projected
134,FL- PENSACOLA,80.98,21,20,23,80.85,81.45,21 [20 - 23],80.98% [80.85% - 81.45%],23,20,34,05-18-2021,projected
137,FL- SARASOTA,81.59,18,17,19,81.25,82.01,18 [17 - 19],81.59% [81.25% - 82.01%],23,18,29,05-18-2021,projected
139,FL- ST PETERSBURG,80.88,11,10,12,80.69,81.06,11 [10 - 12],80.88% [80.69% - 81.06%],14,11,17,05-18-2021,projected
140,FL- TALLAHASSEE,82.71,66,60,72,81.11,83.23,66 [60 - 72],82.71% [81.11% - 83.23%],73,30,87,05-18-2021,projected
141,FL- TAMPA,82.46,78,74,82,81.95,83.0,78 [74 - 82],82.46% [81.95% - 83.0%],105,83,128,05-18-2021,projected
142,GA- ALBANY,81.79,21,19,25,80.85,83.86,21 [19 - 25],81.79% [80.85% - 83.86%],19,9,41,05-18-2021,projected
144,GA- ATLANTA,84.25,410,389,458,82.84,86.6,410 [389 - 458],84.25% [82.84% - 86.6%],509,340,791,05-18-2021,projected
145,GA- AUGUSTA,81.47,33,30,37,80.98,81.87,33 [30 - 37],81.47% [80.98% - 81.87%],36,24,46,05-18-2021,projected
146,GA- COLUMBUS,82.54,35,33,42,81.83,85.96,35 [33 - 42],82.54% [81.83% - 85.96%],32,23,75,05-18-2021,projected
147,GA- MACON,81.65,35,31,43,80.4,83.53,35 [31 - 43],81.65% [80.4% - 83.53%],37,9,79,05-18-2021,projected
148,GA- ROME,80.14,0,0,2,80.0,80.27,0 [0 - 2],80.14% [80.0% - 80.27%],1,0,2,05-18-2021,projected
149,GA- SAVANNAH,81.6,31,27,40,80.78,84.28,31 [27 - 40],81.6% [80.78% - 84.28%],33,16,88,05-18-2021,projected
151,ID- BOISE,81.78,29,27,31,81.35,82.21,29 [27 - 31],81.78% [81.35% - 82.21%],37,28,46,05-18-2021,projected
152,ID- IDAHO FALLS,80.0,0,0,0,80.0,80.0,0 [0 - 0],80.0% [80.0% - 80.0%],0,0,0,05-18-2021,projected
154,IL- AURORA,84.36,20,19,22,83.23,86.26,20 [19 - 22],84.36% [83.23% - 86.26%],23,17,33,05-18-2021,projected
155,IL- BLUE ISLAND,82.01,44,42,48,81.5,82.96,44 [42 - 48],82.01% [81.5% - 82.96%],51,38,75,05-18-2021,projected
156,IL- CHICAGO,81.99,144,137,156,81.46,82.92,144 [137 - 156],81.99% [81.46% - 82.92%],170,125,250,05-18-2021,projected
158,IL- ELGIN,84.05,35,33,38,82.85,85.99,35 [33 - 38],84.05% [82.85% - 85.99%],44,31,65,05-18-2021,projected
161,IL- EVANSTON,82.86,59,56,64,82.07,84.26,59 [56 - 64],82.86% [82.07% - 84.26%],69,50,103,05-18-2021,projected
163,IL- HINSDALE,82.82,26,24,28,82.09,84.09,26 [24 - 28],82.82% [82.09% - 84.09%],31,23,45,05-18-2021,projected
164,IL- JOLIET,84.3,52,49,55,83.47,85.81,52 [49 - 55],84.3% [83.47% - 85.81%],57,46,77,05-18-2021,projected
166,IL- MELROSE PARK,82.65,68,65,74,81.94,83.94,68 [65 - 74],82.65% [81.94% - 83.94%],82,60,122,05-18-2021,projected
170,IL- PEORIA,82.69,37,33,40,81.56,83.07,37 [33 - 40],82.69% [81.56% - 83.07%],50,29,57,05-18-2021,projected
171,IL- ROCKFORD,83.33,46,43,48,82.74,84.18,46 [43 - 48],83.33% [82.74% - 84.18%],51,42,64,05-18-2021,projected
172,IL- SPRINGFIELD,82.16,39,36,45,81.3,83.26,39 [36 - 45],82.16% [81.3% - 83.26%],55,33,83,05-18-2021,projected
173,IL- URBANA,83.46,33,30,35,82.41,85.39,33 [30 - 35],83.46% [82.41% - 85.39%],36,25,56,05-18-2021,projected
175,IL- BLOOMINGTON,85.62,8,7,9,83.37,87.49,8 [7 - 9],85.62% [83.37% - 87.49%],15,9,20,05-18-2021,projected
179,IN- EVANSVILLE,81.91,35,34,37,81.47,82.54,35 [34 - 37],81.91% [81.47% - 82.54%],39,30,52,05-18-2021,projected
180,IN- FORT WAYNE,82.03,31,29,35,81.27,83.12,31 [29 - 35],82.03% [81.27% - 83.12%],45,28,69,05-18-2021,projected
181,IN- GARY,82.66,35,33,38,82.32,83.72,35 [33 - 38],82.66% [82.32% - 83.72%],40,35,56,05-18-2021,projected
183,IN- INDIANAPOLIS,82.66,139,129,148,81.95,83.3,139 [129 - 148],82.66% [81.95% - 83.3%],171,125,212,05-18-2021,projected
184,IN- LAFAYETTE,80.54,0,0,0,80.4,80.81,0 [0 - 0],80.54% [80.4% - 80.81%],4,3,6,05-18-2021,projected
185,IN- MUNCIE,81.67,7,7,8,81.67,81.67,7 [7 - 8],81.67% [81.67% - 81.67%],7,7,7,05-18-2021,projected
186,IN- MUNSTER,81.82,18,17,19,81.39,82.25,18 [17 - 19],81.82% [81.39% - 82.25%],21,16,26,05-18-2021,projected
187,IN- SOUTH BEND,84.25,54,50,59,83.14,85.76,54 [50 - 59],84.25% [83.14% - 85.76%],65,48,88,05-18-2021,projected
188,IN- TERRE HAUTE,80.93,0,0,1,80.0,81.3,0 [0 - 1],80.93% [80.0% - 81.3%],5,0,7,05-18-2021,projected
190,IA- CEDAR RAPIDS,81.25,14,13,15,81.25,81.88,14 [13 - 15],81.25% [81.25% - 81.88%],14,14,21,05-18-2021,projected
191,IA- DAVENPORT,81.89,41,37,43,81.53,82.47,41 [37 - 43],81.89% [81.53% - 82.47%],42,34,55,05-18-2021,projected
192,IA- DES MOINES,81.18,27,24,32,80.64,81.67,27 [24 - 32],81.18% [80.64% - 81.67%],39,21,55,05-18-2021,projected
193,IA- DUBUQUE,80.0,0,0,0,80.0,80.0,0 [0 - 0],80.0% [80.0% - 80.0%],0,0,0,05-18-2021,projected
194,IA- IOWA CITY,80.51,7,6,8,80.15,80.72,7 [6 - 8],80.51% [80.15% - 80.72%],10,3,14,05-18-2021,projected
195,IA- MASON CITY,80.0,0,0,2,80.0,81.77,0 [0 - 2],80.0% [80.0% - 81.77%],0,0,13,05-18-2021,projected
196,IA- SIOUX CITY,80.0,0,0,0,80.0,80.0,0 [0 - 0],80.0% [80.0% - 80.0%],0,0,0,05-18-2021,projected
197,IA- WATERLOO,80.0,0,0,1,80.0,81.1,0 [0 - 1],80.0% [80.0% - 81.1%],0,0,7,05-18-2021,projected
200,KS- TOPEKA,80.06,0,0,3,80.0,81.42,0 [0 - 3],80.06% [80.0% - 81.42%],1,0,22,05-18-2021,projected
201,KS- WICHITA,81.01,39,35,45,80.42,81.74,39 [35 - 45],81.01% [80.42% - 81.74%],50,21,86,05-18-2021,projected
203,KY- COVINGTON,83.0,35,32,39,83.0,85.9,35 [32 - 39],83.0% [83.0% - 85.9%],33,33,65,05-18-2021,projected
204,KY- LEXINGTON,85.61,277,253,301,82.75,87.15,277 [253 - 301],85.61% [82.75% - 87.15%],292,143,372,05-18-2021,projected
205,KY- LOUISVILLE,84.17,174,164,186,82.95,85.19,174 [164 - 186],84.17% [82.95% - 85.19%],201,142,250,05-18-2021,projected
207,KY- OWENSBORO,83.6,14,14,14,83.39,83.6,14 [14 - 14],83.6% [83.39% - 83.6%],17,16,17,05-18-2021,projected
208,KY- PADUCAH,81.48,21,21,27,81.42,83.76,21 [21 - 27],81.48% [81.42% - 83.76%],24,23,61,05-18-2021,projected
209,LA- ALEXANDRIA,82.32,21,19,23,81.61,83.63,21 [19 - 23],82.32% [81.61% - 83.63%],23,16,36,05-18-2021,projected
210,LA- BATON ROUGE,82.34,55,51,59,82.1,83.27,55 [51 - 59],82.34% [82.1% - 83.27%],58,52,81,05-18-2021,projected
212,LA- HOUMA,82.71,14,14,17,82.28,85.14,14 [14 - 17],82.71% [82.28% - 85.14%],19,16,36,05-18-2021,projected
213,LA- LAFAYETTE,82.31,45,39,47,81.62,82.64,45 [39 - 47],82.31% [81.62% - 82.64%],50,35,57,05-18-2021,projected
214,LA- LAKE CHARLES,80.92,7,7,8,80.92,81.5,7 [7 - 8],80.92% [80.92% - 81.5%],8,8,13,05-18-2021,projected
216,LA- METAIRIE,82.37,21,20,22,81.68,82.77,21 [20 - 22],82.37% [81.68% - 82.77%],24,17,28,05-18-2021,projected
217,LA- MONROE,81.08,7,7,8,80.86,81.73,7 [7 - 8],81.08% [80.86% - 81.73%],10,8,16,05-18-2021,projected
218,LA- NEW ORLEANS,81.94,49,46,50,81.48,82.43,49 [46 - 50],81.94% [81.48% - 82.43%],47,36,59,05-18-2021,projected
219,LA- SHREVEPORT,81.9,46,43,51,81.28,82.63,46 [43 - 51],81.9% [81.28% - 82.63%],52,35,72,05-18-2021,projected
220,LA- SLIDELL,81.19,5,4,6,80.6,81.19,5 [4 - 6],81.19% [80.6% - 81.19%],6,3,6,05-18-2021,projected
221,ME- BANGOR,82.02,21,20,23,81.56,82.84,21 [20 - 23],82.02% [81.56% - 82.84%],22,17,31,05-18-2021,projected
222,ME- PORTLAND,81.6,37,34,39,81.33,82.1,37 [34 - 39],81.6% [81.33% - 82.1%],42,35,55,05-18-2021,projected
223,MD- BALTIMORE,82.02,98,91,105,81.25,82.49,98 [91 - 105],82.02% [81.25% - 82.49%],136,84,168,05-18-2021,projected
225,MD- SALISBURY,82.35,21,18,22,81.71,82.77,21 [18 - 22],82.35% [81.71% - 82.77%],22,16,26,05-18-2021,projected
226,MD- TAKOMA PARK,82.87,28,26,31,82.02,83.81,28 [26 - 31],82.87% [82.02% - 83.81%],37,26,49,05-18-2021,projected
227,MA- BOSTON,80.63,41,37,45,80.41,80.83,41 [37 - 45],80.63% [80.41% - 80.83%],69,45,91,05-18-2021,projected
230,MA- SPRINGFIELD,80.87,7,7,9,80.56,81.37,7 [7 - 9],80.87% [80.56% - 81.37%],14,9,22,05-18-2021,projected
231,MA- WORCESTER,80.91,11,10,12,80.61,81.22,11 [10 - 12],80.91% [80.61% - 81.22%],15,10,20,05-18-2021,projected
232,MI- ANN ARBOR,81.96,42,39,46,81.19,82.7,42 [39 - 46],81.96% [81.19% - 82.7%],64,39,88,05-18-2021,projected
233,MI- DEARBORN,81.22,12,11,13,80.85,81.64,12 [11 - 13],81.22% [80.85% - 81.64%],20,14,27,05-18-2021,projected
234,MI- DETROIT,81.4,38,35,42,80.86,81.87,38 [35 - 42],81.4% [80.86% - 81.87%],65,40,87,05-18-2021,projected
235,MI- FLINT,81.51,8,7,10,80.68,81.89,8 [7 - 10],81.51% [80.68% - 81.89%],20,9,25,05-18-2021,projected
236,MI- GRAND RAPIDS,82.86,43,38,47,81.39,84.03,43 [38 - 47],82.86% [81.39% - 84.03%],66,32,93,05-18-2021,projected
238,MI- KALAMAZOO,82.91,27,25,31,81.42,83.93,27 [25 - 31],82.91% [81.42% - 83.93%],43,21,58,05-18-2021,projected
239,MI- LANSING,81.89,21,19,23,81.04,82.48,21 [19 - 23],81.89% [81.04% - 82.48%],29,16,38,05-18-2021,projected
240,MI- MARQUETTE,80.2,0,0,1,80.0,81.23,0 [0 - 1],80.2% [80.0% - 81.23%],1,0,6,05-18-2021,projected
242,MI- MUSKEGON,82.99,11,10,12,81.87,84.29,11 [10 - 12],82.99% [81.87% - 84.29%],16,10,23,05-18-2021,projected
243,MI- PETOSKEY,81.73,0,0,2,80.0,83.18,0 [0 - 2],81.73% [80.0% - 83.18%],6,0,11,05-18-2021,projected
244,MI- PONTIAC,82.36,19,17,21,81.6,83.04,19 [17 - 21],82.36% [81.6% - 83.04%],28,19,36,05-18-2021,projected
245,MI- ROYAL OAK,81.63,31,29,33,81.14,82.16,31 [29 - 33],81.63% [81.14% - 82.16%],43,30,57,05-18-2021,projected
246,MI- SAGINAW,81.38,17,15,19,80.76,81.96,17 [15 - 19],81.38% [80.76% - 81.96%],29,16,41,05-18-2021,projected
248,MI- ST JOSEPH,81.99,7,6,8,81.32,83.64,7 [6 - 8],81.99% [81.32% - 83.64%],6,4,11,05-18-2021,projected
249,MI- TRAVERSE CITY,81.18,7,6,7,80.39,81.18,7 [6 - 7],81.18% [80.39% - 81.18%],6,2,6,05-18-2021,projected
250,MN- DULUTH,81.98,16,15,17,81.2,82.24,16 [15 - 17],81.98% [81.2% - 82.24%],23,14,26,05-18-2021,projected
251,MN- MINNEAPOLIS,81.17,69,63,78,80.66,81.87,69 [63 - 78],81.17% [80.66% - 81.87%],100,56,159,05-18-2021,projected
253,MN- ROCHESTER,80.23,7,6,7,80.15,80.38,7 [6 - 7],80.23% [80.15% - 80.38%],6,4,10,05-18-2021,projected
254,MN- ST CLOUD,80.85,5,4,6,80.14,81.41,5 [4 - 6],80.85% [80.14% - 81.41%],6,1,10,05-18-2021,projected
256,MN- ST PAUL,82.71,46,44,51,81.79,83.76,46 [44 - 51],82.71% [81.79% - 83.76%],62,41,86,05-18-2021,projected
257,MS- GULFPORT,83.36,28,26,30,83.36,85.05,28 [26 - 30],83.36% [83.36% - 85.05%],26,26,39,05-18-2021,projected
258,MS- HATTIESBURG,80.25,0,0,3,80.0,81.98,0 [0 - 3],80.25% [80.0% - 81.98%],3,0,24,05-18-2021,projected
259,MS- JACKSON,82.3,105,97,114,81.65,83.1,105 [97 - 114],82.3% [81.65% - 83.1%],103,74,139,05-18-2021,projected
260,MS- MERIDIAN,80.0,0,0,2,80.0,81.12,0 [0 - 2],80.0% [80.0% - 81.12%],0,0,11,05-18-2021,projected
261,MS- OXFORD,80.0,0,0,0,80.0,80.0,0 [0 - 0],80.0% [80.0% - 80.0%],0,0,0,05-18-2021,projected
262,MS- TUPELO,80.0,0,0,0,80.0,80.25,0 [0 - 0],80.0% [80.0% - 80.25%],0,0,4,05-18-2021,projected
263,MO- CAPE GIRARDEAU,80.97,7,6,8,80.1,81.07,7 [6 - 8],80.97% [80.1% - 81.07%],10,1,11,05-18-2021,projected
264,MO- COLUMBIA,82.17,42,39,43,81.57,82.49,42 [39 - 43],82.17% [81.57% - 82.49%],40,29,46,05-18-2021,projected
267,MO- JOPLIN,81.78,14,13,17,80.94,83.04,14 [13 - 17],81.78% [80.94% - 83.04%],17,9,29,05-18-2021,projected
268,MO- KANSAS CITY,81.45,110,101,121,80.71,82.07,110 [101 - 121],81.45% [80.71% - 82.07%],115,56,164,05-18-2021,projected
270,MO- SPRINGFIELD,82.76,53,49,65,81.99,86.48,53 [49 - 65],82.76% [81.99% - 86.48%],54,39,127,05-18-2021,projected
273,MO- ST LOUIS,81.31,120,114,132,80.93,81.76,120 [114 - 132],81.31% [80.93% - 81.76%],160,114,215,05-18-2021,projected
274,MT- BILLINGS,81.95,43,39,48,80.95,83.44,43 [39 - 48],81.95% [80.95% - 83.44%],43,21,76,05-18-2021,projected
275,MT- GREAT FALLS,81.74,14,13,16,81.24,83.11,14 [13 - 16],81.74% [81.24% - 83.11%],14,10,25,05-18-2021,projected
276,MT- MISSOULA,83.02,29,26,31,81.38,83.45,29 [26 - 31],83.02% [81.38% - 83.45%],35,16,40,05-18-2021,projected
277,NE- LINCOLN,80.65,11,10,12,80.49,80.93,11 [10 - 12],80.65% [80.49% - 80.93%],12,9,17,05-18-2021,projected
278,NE- OMAHA,80.48,14,12,18,80.05,80.84,14 [12 - 18],80.48% [80.05% - 80.84%],26,3,46,05-18-2021,projected
279,NV- LAS VEGAS,83.75,124,116,134,82.35,85.17,124 [116 - 134],83.75% [82.35% - 85.17%],153,96,211,05-18-2021,projected
280,NV- RENO,80.99,14,13,16,80.73,81.15,14 [13 - 16],80.99% [80.73% - 81.15%],19,14,22,05-18-2021,projected
281,NH- LEBANON,81.03,7,6,8,80.72,81.24,7 [6 - 8],81.03% [80.72% - 81.24%],10,7,12,05-18-2021,projected
282,NH- MANCHESTER,81.11,14,13,16,80.81,81.32,14 [13 - 16],81.11% [80.81% - 81.32%],22,16,26,05-18-2021,projected
283,NJ- CAMDEN,80.65,37,33,40,80.5,80.86,37 [33 - 40],80.65% [80.5% - 80.86%],52,40,69,05-18-2021,projected
284,NJ- HACKENSACK,81.15,33,30,35,80.8,81.5,33 [30 - 35],81.15% [80.8% - 81.5%],43,30,56,05-18-2021,projected
285,NJ- MORRISTOWN,80.99,14,13,16,80.67,81.45,14 [13 - 16],80.99% [80.67% - 81.45%],19,13,28,05-18-2021,projected
288,NJ- NEW BRUNSWICK,80.58,13,12,14,80.47,80.83,13 [12 - 14],80.58% [80.47% - 80.83%],16,13,23,05-18-2021,projected
289,NJ- NEWARK,80.27,9,8,10,80.12,80.43,9 [8 - 10],80.27% [80.12% - 80.43%],13,6,21,05-18-2021,projected
291,NJ- PATERSON,80.42,7,6,7,80.08,80.76,7 [6 - 7],80.42% [80.08% - 80.76%],5,1,9,05-18-2021,projected
292,NJ- RIDGEWOOD,81.64,7,7,8,81.14,82.27,7 [7 - 8],81.64% [81.14% - 82.27%],13,9,18,05-18-2021,projected
293,NM- ALBUQUERQUE,83.42,92,86,101,81.88,84.41,92 [86 - 101],83.42% [81.88% - 84.41%],115,63,148,05-18-2021,projected
295,NY- ALBANY,81.74,69,64,78,81.3,82.92,69 [64 - 78],81.74% [81.3% - 82.92%],86,64,144,05-18-2021,projected
296,NY- BINGHAMTON,81.83,4,2,6,80.32,82.37,4 [2 - 6],81.83% [80.32% - 82.37%],17,3,22,05-18-2021,projected
297,NY- BRONX,80.3,7,6,11,80.0,81.16,7 [6 - 11],80.3% [80.0% - 81.16%],11,0,42,05-18-2021,projected
299,NY- BUFFALO,82.61,75,70,81,81.7,83.37,75 [70 - 81],82.61% [81.7% - 83.37%],94,61,121,05-18-2021,projected
300,NY- ELMIRA,82.14,19,17,20,80.93,82.14,19 [17 - 20],82.14% [80.93% - 82.14%],23,10,23,05-18-2021,projected
301,NY- EAST LONG ISLAND,80.3,16,13,23,80.0,80.76,16 [13 - 23],80.3% [80.0% - 80.76%],33,0,83,05-18-2021,projected
304,NY- ROCHESTER,85.3,130,123,140,83.85,87.13,130 [123 - 140],85.3% [83.85% - 87.13%],157,114,211,05-18-2021,projected
307,NY- SYRACUSE,83.72,102,97,111,82.62,85.31,102 [97 - 111],83.72% [82.62% - 85.31%],105,74,150,05-18-2021,projected
308,NY- WHITE PLAINS,80.13,0,0,2,80.03,80.54,0 [0 - 2],80.13% [80.03% - 80.54%],4,1,16,05-18-2021,projected
309,NC- ASHEVILLE,80.53,7,7,8,80.43,80.64,7 [7 - 8],80.53% [80.43% - 80.64%],10,8,12,05-18-2021,projected
311,NC- CHARLOTTE,81.54,77,72,79,81.29,81.92,77 [72 - 79],81.54% [81.29% - 81.92%],89,75,111,05-18-2021,projected
312,NC- DURHAM,81.19,53,49,59,80.82,81.93,53 [49 - 59],81.19% [80.82% - 81.93%],55,38,89,05-18-2021,projected
313,NC- GREENSBORO,82.23,35,34,38,81.78,82.9,35 [34 - 38],82.23% [81.78% - 82.9%],40,32,52,05-18-2021,projected
314,NC- GREENVILLE,81.71,38,36,41,81.39,82.31,38 [36 - 41],81.71% [81.39% - 82.31%],43,35,58,05-18-2021,projected
315,NC- HICKORY,81.2,7,7,8,80.94,81.74,7 [7 - 8],81.2% [80.94% - 81.74%],9,7,13,05-18-2021,projected
318,NC- RALEIGH,82.5,87,82,93,81.96,83.28,87 [82 - 93],82.5% [81.96% - 83.28%],106,83,139,05-18-2021,projected
319,NC- WILMINGTON,81.23,14,13,14,80.99,81.4,14 [13 - 14],81.23% [80.99% - 81.4%],15,12,17,05-18-2021,projected
320,NC- WINSTON-SALEM,81.25,40,37,42,80.98,81.63,40 [37 - 42],81.25% [80.98% - 81.63%],46,36,60,05-18-2021,projected
321,ND- BISMARCK,81.19,7,7,11,81.19,83.7,7 [7 - 11],81.19% [81.19% - 83.7%],10,10,31,05-18-2021,projected
322,ND- FARGO MOORHEAD -MN,80.69,14,13,14,80.54,80.79,14 [13 - 14],80.69% [80.54% - 80.79%],14,11,16,05-18-2021,projected
323,ND- GRAND FORKS,80.0,0,0,1,80.0,80.85,0 [0 - 1],80.0% [80.0% - 80.85%],0,0,5,05-18-2021,projected
324,ND- MINOT,81.57,14,12,14,81.14,82.29,14 [12 - 14],81.57% [81.14% - 82.29%],11,8,16,05-18-2021,projected
325,OH- AKRON,81.44,28,27,29,81.2,81.77,28 [27 - 29],81.44% [81.2% - 81.77%],35,29,43,05-18-2021,projected
326,OH- CANTON,82.7,51,47,53,81.7,83.17,51 [47 - 53],82.7% [81.7% - 83.17%],57,36,67,05-18-2021,projected
327,OH- CINCINNATI,80.81,29,27,34,80.52,81.29,29 [27 - 34],80.81% [80.52% - 81.29%],39,25,62,05-18-2021,projected
328,OH- CLEVELAND,81.42,99,94,105,81.03,81.76,99 [94 - 105],81.42% [81.03% - 81.76%],125,91,155,05-18-2021,projected
329,OH- COLUMBUS,80.96,72,66,81,80.67,81.59,72 [66 - 81],80.96% [80.67% - 81.59%],86,60,142,05-18-2021,projected
330,OH- DAYTON,81.16,30,26,35,80.4,81.71,30 [26 - 35],81.16% [80.4% - 81.71%],38,13,56,05-18-2021,projected
331,OH- ELYRIA,82.21,14,14,14,81.52,82.48,14 [14 - 14],82.21% [81.52% - 82.48%],16,11,18,05-18-2021,projected
332,OH- KETTERING,81.38,11,10,13,80.78,81.82,11 [10 - 13],81.38% [80.78% - 81.82%],16,9,21,05-18-2021,projected
334,OH- TOLEDO,80.93,31,28,34,80.6,81.31,31 [28 - 34],80.93% [80.6% - 81.31%],39,25,55,05-18-2021,projected
335,OH- YOUNGSTOWN,81.73,35,34,37,81.35,82.12,35 [34 - 37],81.73% [81.35% - 82.12%],45,35,55,05-18-2021,projected
336,OK- LAWTON,81.54,5,4,8,80.56,82.38,5 [4 - 8],81.54% [80.56% - 82.38%],11,4,17,05-18-2021,projected
339,OK- OKLAHOMA CITY,81.23,70,66,81,80.94,82.13,70 [66 - 81],81.23% [80.94% - 82.13%],81,62,140,05-18-2021,projected
340,OK- TULSA,81.53,74,69,81,81.15,82.15,74 [69 - 81],81.53% [81.15% - 82.15%],77,58,108,05-18-2021,projected
341,OR- BEND,87.41,23,22,26,85.43,89.88,23 [22 - 26],87.41% [85.43% - 89.88%],30,22,40,05-18-2021,projected
342,OR- EUGENE,82.47,22,21,24,81.87,83.32,22 [21 - 24],82.47% [81.87% - 83.32%],29,22,39,05-18-2021,projected
343,OR- MEDFORD,82.49,21,20,23,82.18,83.42,21 [20 - 23],82.49% [82.18% - 83.42%],24,21,33,05-18-2021,projected
344,OR- PORTLAND,82.92,147,139,159,82.18,84.2,147 [139 - 159],82.92% [82.18% - 84.2%],153,114,220,05-18-2021,projected
345,OR- SALEM,82.98,12,11,13,82.29,84.36,12 [11 - 13],82.98% [82.29% - 84.36%],13,10,19,05-18-2021,projected
346,PA- ALLENTOWN,81.27,25,21,28,80.51,81.74,25 [21 - 28],81.27% [80.51% - 81.74%],40,16,55,05-18-2021,projected
347,PA- ALTOONA,83.02,19,17,21,82.3,84.17,19 [17 - 21],83.02% [82.3% - 84.17%],21,16,29,05-18-2021,projected
350,PA- DANVILLE,81.25,11,10,13,80.39,81.84,11 [10 - 13],81.25% [80.39% - 81.84%],19,6,28,05-18-2021,projected
351,PA- ERIE,83.01,67,63,71,82.2,84.04,67 [63 - 71],83.01% [82.2% - 84.04%],67,49,90,05-18-2021,projected
352,PA- HARRISBURG,81.7,27,24,30,80.87,82.58,27 [24 - 30],81.7% [80.87% - 82.58%],39,20,59,05-18-2021,projected
354,PA- JOHNSTOWN,82.03,14,13,14,81.49,82.16,14 [13 - 14],82.03% [81.49% - 82.16%],15,11,16,05-18-2021,projected
355,PA- LANCASTER,81.51,10,9,11,80.84,82.18,10 [9 - 11],81.51% [80.84% - 82.18%],18,10,26,05-18-2021,projected
356,PA- PHILADELPHIA,80.83,70,63,78,80.37,81.25,70 [63 - 78],80.83% [80.37% - 81.25%],103,46,156,05-18-2021,projected
357,PA- PITTSBURGH,81.27,118,111,123,80.99,81.64,118 [111 - 123],81.27% [80.99% - 81.64%],148,115,191,05-18-2021,projected
358,PA- READING,81.62,14,12,17,80.56,82.67,14 [12 - 17],81.62% [80.56% - 82.67%],23,8,38,05-18-2021,projected
359,PA- SAYRE,85.52,22,20,23,83.82,86.16,22 [20 - 23],85.52% [83.82% - 86.16%],26,18,29,05-18-2021,projected
360,PA- SCRANTON,81.7,9,7,10,81.02,81.93,9 [7 - 10],81.7% [81.02% - 81.93%],15,9,17,05-18-2021,projected
362,PA- WILKES-BARRE,81.37,7,7,8,80.76,81.98,7 [7 - 8],81.37% [80.76% - 81.98%],9,5,13,05-18-2021,projected
363,PA- YORK,81.93,13,12,14,81.2,82.65,13 [12 - 14],81.93% [81.2% - 82.65%],16,10,22,05-18-2021,projected
364,RI- PROVIDENCE,80.67,15,14,16,80.48,80.83,15 [14 - 16],80.67% [80.48% - 80.83%],21,15,26,05-18-2021,projected
365,SC- CHARLESTON,81.48,42,39,45,81.07,81.91,42 [39 - 45],81.48% [81.07% - 81.91%],44,32,57,05-18-2021,projected
366,SC- COLUMBIA,81.07,35,32,37,80.77,81.33,35 [32 - 37],81.07% [80.77% - 81.33%],40,29,50,05-18-2021,projected
367,SC- FLORENCE,80.67,7,6,8,80.37,80.82,7 [6 - 8],80.67% [80.37% - 80.82%],9,5,11,05-18-2021,projected
368,SC- GREENVILLE,81.63,35,33,38,81.17,82.22,35 [33 - 38],81.63% [81.17% - 82.22%],39,28,53,05-18-2021,projected
369,SC- SPARTANBURG,81.51,14,14,15,81.23,81.89,14 [14 - 15],81.51% [81.23% - 81.89%],16,13,20,05-18-2021,projected
370,SD- RAPID CITY,82.33,14,13,17,80.73,85.81,14 [13 - 17],82.33% [80.73% - 85.81%],16,5,40,05-18-2021,projected
371,SD- SIOUX FALLS,80.18,3,2,7,80.14,80.94,3 [2 - 7],80.18% [80.14% - 80.94%],5,4,26,05-18-2021,projected
373,TN- CHATTANOOGA,81.7,35,32,38,81.52,82.5,35 [32 - 38],81.7% [81.52% - 82.5%],38,34,56,05-18-2021,projected
374,TN- JACKSON,80.52,7,7,9,80.44,81.26,7 [7 - 9],80.52% [80.44% - 81.26%],7,6,17,05-18-2021,projected
375,TN- JOHNSON CITY,81.06,7,6,7,80.85,81.06,7 [6 - 7],81.06% [80.85% - 81.06%],10,8,10,05-18-2021,projected
376,TN- KINGSPORT,81.31,25,23,27,80.96,81.71,25 [23 - 27],81.31% [80.96% - 81.71%],26,19,34,05-18-2021,projected
377,TN- KNOXVILLE,80.79,28,26,31,80.6,81.27,28 [26 - 31],80.79% [80.6% - 81.27%],33,25,53,05-18-2021,projected
379,TN- MEMPHIS,81.44,80,76,86,81.12,82.04,80 [76 - 86],81.44% [81.12% - 82.04%],91,71,129,05-18-2021,projected
380,TN- NASHVILLE,80.69,22,17,30,80.26,80.92,22 [17 - 30],80.69% [80.26% - 80.92%],59,22,79,05-18-2021,projected
382,TX- ABILENE,81.28,20,19,22,80.9,82.03,20 [19 - 22],81.28% [80.9% - 82.03%],17,12,27,05-18-2021,projected
383,TX- AMARILLO,81.4,18,15,23,80.0,82.93,18 [15 - 23],81.4% [80.0% - 82.93%],21,0,44,05-18-2021,projected
385,TX- AUSTIN,83.97,133,125,152,82.72,87.23,133 [125 - 152],83.97% [82.72% - 87.23%],139,95,253,05-18-2021,projected
386,TX- BEAUMONT,82.77,35,34,40,81.82,83.72,35 [34 - 40],82.77% [81.82% - 83.72%],38,25,51,05-18-2021,projected
388,TX- BRYAN,80.98,7,6,7,80.98,81.47,7 [6 - 7],80.98% [80.98% - 81.47%],6,6,9,05-18-2021,projected
390,TX- CORPUS CHRISTI,81.51,24,22,28,80.97,82.1,24 [22 - 28],81.51% [80.97% - 82.1%],31,20,43,05-18-2021,projected
391,TX- DALLAS,82.22,250,235,269,81.63,83.14,250 [235 - 269],82.22% [81.63% - 83.14%],272,200,384,05-18-2021,projected
393,TX- EL PASO,80.98,22,19,25,80.26,81.57,22 [19 - 25],80.98% [80.26% - 81.57%],27,7,43,05-18-2021,projected
394,TX- FORT WORTH,81.6,65,60,71,80.98,82.18,65 [60 - 71],81.6% [80.98% - 82.18%],80,49,109,05-18-2021,projected
396,TX- HARLINGEN,81.83,21,20,23,81.34,82.54,21 [20 - 23],81.83% [81.34% - 82.54%],26,19,36,05-18-2021,projected
397,TX- HOUSTON,81.99,291,274,318,81.35,82.85,291 [274 - 318],81.99% [81.35% - 82.85%],339,231,487,05-18-2021,projected
399,TX- LONGVIEW,84.81,33,30,38,83.06,88.89,33 [30 - 38],84.81% [83.06% - 88.89%],33,21,61,05-18-2021,projected
400,TX- LUBBOCK,80.59,14,12,16,80.0,81.17,14 [12 - 16],80.59% [80.0% - 81.17%],14,0,28,05-18-2021,projected
402,TX- MCALLEN,84.16,60,57,64,83.09,85.23,60 [57 - 64],84.16% [83.09% - 85.23%],66,49,83,05-18-2021,projected
406,TX- ODESSA,81.86,21,19,21,80.93,82.24,21 [19 - 21],81.86% [80.93% - 82.24%],24,12,29,05-18-2021,projected
411,TX- SAN ANGELO,80.0,0,0,0,80.0,80.0,0 [0 - 0],80.0% [80.0% - 80.0%],0,0,0,05-18-2021,projected
412,TX- SAN ANTONIO,82.42,158,148,171,81.63,83.47,158 [148 - 171],82.42% [81.63% - 83.47%],175,118,251,05-18-2021,projected
413,TX- TEMPLE,82.56,21,19,24,81.7,84.26,21 [19 - 24],82.56% [81.7% - 84.26%],24,16,40,05-18-2021,projected
416,TX- TYLER,86.8,94,87,104,83.49,90.6,94 [87 - 104],86.8% [83.49% - 90.6%],109,56,170,05-18-2021,projected
417,TX- VICTORIA,83.26,28,27,28,82.48,84.04,28 [27 - 28],83.26% [82.48% - 84.04%],25,19,31,05-18-2021,projected
418,TX- WACO,82.18,12,11,14,81.17,83.69,12 [11 - 14],82.18% [81.17% - 83.69%],13,7,22,05-18-2021,projected
420,TX- WICHITA FALLS,83.04,21,20,23,81.74,84.64,21 [20 - 23],83.04% [81.74% - 84.64%],21,12,32,05-18-2021,projected
421,UT- OGDEN,82.47,21,19,21,82.19,83.01,21 [19 - 21],82.47% [82.19% - 83.01%],18,16,22,05-18-2021,projected
422,UT- PROVO,82.55,18,16,20,81.11,83.44,18 [16 - 20],82.55% [81.11% - 83.44%],23,10,31,05-18-2021,projected
423,UT- SALT LAKE CITY,81.47,49,45,54,81.04,82.2,49 [45 - 54],81.47% [81.04% - 82.2%],58,41,87,05-18-2021,projected
424,VT- BURLINGTON,81.14,14,13,18,80.44,82.59,14 [13 - 18],81.14% [80.44% - 82.59%],18,7,41,05-18-2021,projected
426,VA- ARLINGTON,81.11,16,15,19,80.66,81.59,16 [15 - 19],81.11% [80.66% - 81.59%],32,19,46,05-18-2021,projected
427,VA- CHARLOTTESVILLE,80.78,8,7,9,80.5,80.78,8 [7 - 9],80.78% [80.5% - 80.78%],11,7,11,05-18-2021,projected
428,VA- LYNCHBURG,81.99,14,13,15,81.46,83.19,14 [13 - 15],81.99% [81.46% - 83.19%],15,11,24,05-18-2021,projected
429,VA- NEWPORT NEWS,80.97,9,8,10,80.7,81.4,9 [8 - 10],80.97% [80.7% - 81.4%],11,8,16,05-18-2021,projected
430,VA- NORFOLK,80.92,16,15,19,80.55,81.51,16 [15 - 19],80.92% [80.55% - 81.51%],25,15,41,05-18-2021,projected
431,VA- RICHMOND,81.06,38,35,41,80.62,81.38,38 [35 - 41],81.06% [80.62% - 81.38%],50,29,65,05-18-2021,projected
432,VA- ROANOKE,80.68,14,13,17,80.43,81.15,14 [13 - 17],80.68% [80.43% - 81.15%],19,12,32,05-18-2021,projected
435,VA- WINCHESTER,84.18,30,28,33,83.43,85.36,30 [28 - 33],84.18% [83.43% - 85.36%],39,32,50,05-18-2021,projected
437,WA- EVERETT,86.09,49,46,57,83.53,92.06,49 [46 - 57],86.09% [83.53% - 92.06%],50,29,99,05-18-2021,projected
438,WA- OLYMPIA,87.11,49,46,58,84.3,94.96,49 [46 - 58],87.11% [84.3% - 94.96%],48,29,101,05-18-2021,projected
439,WA- SEATTLE,83.6,194,183,224,82.48,86.76,194 [183 - 224],83.6% [82.48% - 86.76%],196,135,368,05-18-2021,projected
440,WA- SPOKANE,82.31,81,76,90,81.44,83.54,81 [76 - 90],82.31% [81.44% - 83.54%],87,54,133,05-18-2021,projected
441,WA- TACOMA,88.07,98,92,107,85.62,92.55,98 [92 - 107],88.07% [85.62% - 92.55%],99,69,154,05-18-2021,projected
442,WA- YAKIMA,81.38,7,6,8,80.86,82.25,7 [6 - 8],81.38% [80.86% - 82.25%],8,5,13,05-18-2021,projected
443,WV- CHARLESTON,83.88,87,82,96,82.6,85.69,87 [82 - 96],83.88% [82.6% - 85.69%],94,63,138,05-18-2021,projected
444,WV- HUNTINGTON,82.67,36,30,39,80.42,83.09,36 [30 - 39],82.67% [80.42% - 83.09%],44,7,51,05-18-2021,projected
445,WV- MORGANTOWN,82.21,37,34,40,81.3,83.01,37 [34 - 40],82.21% [81.3% - 83.01%],39,23,53,05-18-2021,projected
446,WI- APPLETON,81.46,6,5,7,80.0,81.46,6 [5 - 7],81.46% [80.0% - 81.46%],9,0,9,05-18-2021,projected
447,WI- GREEN BAY,81.06,14,12,17,80.06,82.25,14 [12 - 17],81.06% [80.06% - 82.25%],17,1,36,05-18-2021,projected
448,WI- LA CROSSE,80.94,7,6,8,80.0,81.36,7 [6 - 8],80.94% [80.0% - 81.36%],9,0,13,05-18-2021,projected
449,WI- MADISON,82.06,44,41,49,81.4,82.59,44 [41 - 49],82.06% [81.4% - 82.59%],62,42,78,05-18-2021,projected
450,WI- MARSHFIELD,80.68,0,0,3,80.08,82.55,0 [0 - 3],80.68% [80.08% - 82.55%],8,1,30,05-18-2021,projected
451,WI- MILWAUKEE,81.44,92,84,102,80.73,82.24,92 [84 - 102],81.44% [80.73% - 82.24%],119,60,185,05-18-2021,projected
452,WI- NEENAH,81.79,2,1,4,80.0,81.97,2 [1 - 4],81.79% [80.0% - 81.97%],10,0,11,05-18-2021,projected
456,WI- WAUSAU,80.71,0,0,1,80.0,81.24,0 [0 - 1],80.71% [80.0% - 81.24%],4,0,7,05-18-2021,projected
457,WY- CASPER,81.0,7,7,8,81.0,81.28,7 [7 - 8],81.0% [81.0% - 81.28%],7,7,9,05-18-2021,projected
303,NY- NEW YORK,80.33,26,22,33,80.04,80.64,26 [22 - 33],80.33% [80.04% - 80.64%],51,6,100,05-18-2021,projected
